0.00000000099999999995 0.00000000099999999995 0.00000000099999999995 0.00000000099999999995 0.99999998800000022836 0.00000000099999999995 0.00000000099999999995 0.00000000099999999995 0.00000000099999999995 0.00000000099999999995 0.00000000099999999995 0.00000000099999999995 0.00000000099999999995 
0.00000000099999999990 0.00000000099999999990 0.00000000099999999990 0.00000000099999999990 0.99999998800000022836 0.00000000099999999990 0.00000000099999999990 0.00000000099999999990 0.00000000099999999990 0.00000000099999999990 0.00000000099999999990 0.00000000099999999990 0.00000000099999999990 
0.00000000099999999994 0.00000000099999999994 0.00000000099999999994 0.00000000099999999994 0.99999998800000011734 0.00000000099999999994 0.00000000099999999994 0.00000000099999999994 0.00000000099999999994 0.00000000099999999994 0.00000000099999999994 0.00000000099999999994 0.00000000099999999994 
0.00000000099999999988 0.00000000099999999988 0.00000000099999999988 0.00000000099999999988 0.99999998800000011734 0.00000000099999999988 0.00000000099999999988 0.00000000099999999988 0.00000000099999999988 0.00000000099999999988 0.00000000099999999988 0.00000000099999999988 0.00000000099999999988 
0.00000000099999999993 0.00000000099999999993 0.00000000099999999993 0.00000000099999999993 0.99999998800000022836 0.00000000099999999993 0.00000000099999999993 0.00000000099999999993 0.00000000099999999993 0.00000000099999999993 0.00000000099999999993 0.00000000099999999993 0.00000000099999999993 
0.00000000099999999998 0.00000000099999999998 0.00000000099999999998 0.00000000099999999998 0.95270730559524696712 0.00000000099999999998 0.00000000099999999998 0.00000000099999999998 0.00000000099999999998 0.04729268340475321908 0.00000000099999999998 0.00000000099999999998 0.00000000099999999998 
0.00000000099999999995 0.00000000099999999995 0.00000000099999999995 0.00000000099999999995 0.99477396520840133398 0.00522602379159864752 0.00000000099999999995 0.00000000099999999995 0.00000000099999999995 0.00000000099999999995 0.00000000099999999995 0.00000000099999999995 0.00000000099999999995 
0.00000000099999999997 0.00000000099999999997 0.00018428355458105492 0.00000000099999999997 0.83044067844741920048 0.07111347397397665970 0.00000000099999999997 0.04406711981853483201 0.00000000099999999997 0.02519716694416471517 0.02899727026132367311 0.00000000099999999997 0.00000000099999999997 
0.00000000099999999993 0.00000000099999999993 0.00000000099999999993 0.00000000099999999993 0.99999998800000022836 0.00000000099999999993 0.00000000099999999993 0.00000000099999999993 0.00000000099999999993 0.00000000099999999993 0.00000000099999999993 0.00000000099999999993 0.00000000099999999993 
0.00000000099999999997 0.00000000099999999997 0.00000000099999999997 0.00000000099999999997 0.88043241844546871189 0.05479810000506277895 0.00000000099999999997 0.00000000099999999997 0.00000000099999999997 0.03633994418420601058 0.02842952836526257965 0.00000000099999999997 0.00000000099999999997 
0.00000000099999999991 0.00000000099999999991 0.00000000099999999991 0.00000000099999999991 0.99999998800000011734 0.00000000099999999991 0.00000000099999999991 0.00000000099999999991 0.00000000099999999991 0.00000000099999999991 0.00000000099999999991 0.00000000099999999991 0.00000000099999999991 
0.00000000099999999993 0.00000000099999999993 0.00000000099999999993 0.00000000099999999993 0.99999998800000011734 0.00000000099999999993 0.00000000099999999993 0.00000000099999999993 0.00000000099999999993 0.00000000099999999993 0.00000000099999999993 0.00000000099999999993 0.00000000099999999993 
0.00000000099999999995 0.01337993120188048397 0.00000000099999999995 0.00000000099999999995 0.97979274141757399796 0.00000000099999999995 0.00000000099999999995 0.00000000099999999995 0.00000000099999999995 0.00000000099999999995 0.00682731738054560659 0.00000000099999999995 0.00000000099999999995 
0.00000000099999999987 0.00000000099999999987 0.00000000099999999987 0.00000000099999999987 0.00000000099999999987 0.00000000099999999987 0.00000000099999999987 0.00000000099999999987 0.00000000099999999987 0.00000000099999999987 0.00000000099999999987 0.99999998799999989529 0.00000000099999999987 
0.00000000099999999992 0.00000000099999999992 0.00000000099999999992 0.00000000099999999992 0.00000000099999999992 0.00000000099999999992 0.00000000099999999992 0.00000000099999999992 0.00000000099999999992 0.00000000099999999992 0.00000000099999999992 0.99999998799999989529 0.00000000099999999992 
0.00000000099999999994 0.00000000099999999994 0.00000000099999999994 0.00000000099999999994 0.00000000099999999994 0.00000000099999999994 0.00000000099999999994 0.00000000099999999994 0.00000000099999999994 0.00000000099999999994 0.01031539371463149196 0.98968459528536856240 0.00000000099999999994 
0.00000000099999999993 0.00000000099999999993 0.00000000099999999993 0.00000000099999999993 0.00000000099999999993 0.00000000099999999993 0.00000000099999999993 0.00000000099999999993 0.00000000099999999993 0.00000000099999999993 0.00000000099999999993 0.99999998800000000632 0.00000000099999999993 
0.00000000099999999993 0.00000000099999999993 0.00000000099999999993 0.00000000099999999993 0.00000000099999999993 0.00000000099999999993 0.00000000099999999993 0.00000000099999999993 0.00000000099999999993 0.00000000099999999993 0.00000000099999999993 0.99999998800000000632 0.00000000099999999993 
0.00000000099999999993 0.00000000099999999993 0.00000000099999999993 0.00000000099999999993 0.00000000099999999993 0.00000000099999999993 0.00000000099999999993 0.00000000099999999993 0.00000000099999999993 0.00000000099999999993 0.00000000099999999993 0.99999998799999989529 0.00000000099999999993 
0.00000000099999999991 0.00000000099999999991 0.00000000099999999991 0.00000000099999999991 0.00000000099999999991 0.00000000099999999991 0.00000000099999999991 0.00000000099999999991 0.00000000099999999991 0.00000000099999999991 0.00000000099999999991 0.99999998799999989529 0.00000000099999999991 
0.01355451652430735704 0.00000000099999999995 0.00000000099999999995 0.00000000099999999995 0.00000000099999999995 0.00000000099999999995 0.00000000099999999995 0.00000000099999999995 0.00000000099999999995 0.00000000099999999995 0.00709457692255534463 0.97935089655313734003 0.00000000099999999995 
0.00000000099999999992 0.00000000099999999992 0.00000000099999999992 0.00000000099999999992 0.00000000099999999992 0.00000000099999999992 0.12211281283768740669 0.00000000099999999992 0.00000000099999999992 0.00000000099999999992 0.00000000099999999992 0.87788717616231259910 0.00000000099999999992 
0.00000000099999999988 0.00000000099999999988 0.00000000099999999988 0.00000000099999999988 0.00000000099999999988 0.00000000099999999988 0.00000000099999999988 0.00000000099999999988 0.00000000099999999988 0.00000000099999999988 0.00000000099999999988 0.99999998800000000632 0.00000000099999999988 
0.00000000099999999997 0.00000000099999999997 0.00000000099999999997 0.00402500514122220310 0.00000000099999999997 0.00000000099999999997 0.07212452670901285667 0.00000000099999999997 0.00000000099999999997 0.00392806115525910597 0.00868124247913640811 0.91124115651536941041 0.00000000099999999997 
0.00000000099999999997 0.00000000099999999997 0.00000000099999999997 0.00000000099999999997 0.00000000099999999997 0.00000000099999999997 0.16068892040278481836 0.00023601343873829193 0.00000000099999999997 0.00000000099999999997 0.00000000632109919625 0.80856576708909677631 0.03050928474828101811 
0.00000000099999999994 0.00000000099999999994 0.00000000099999999994 0.00000000099999999994 0.00000000099999999994 0.00000000099999999994 0.00000000099999999994 0.00000000099999999994 0.00000000099999999994 0.00000000099999999994 0.00000000099999999994 0.99999998800000000632 0.00000000099999999994 
0.00000000099999999997 0.00000000099999999997 0.02627609772784827297 0.00000000099999999997 0.00000000099999999997 0.00000000099999999997 0.17123724890080657679 0.00000000099999999997 0.00000000099999999997 0.00000000099999999997 0.01914141228562941596 0.78334523208571571473 0.00000000099999999997 
0.00000000099999999993 0.00000000099999999993 0.00000000099999999993 0.00000000099999999993 0.00000000099999999993 0.00000000099999999993 0.00000000099999999993 0.00000000099999999993 0.00000000099999999993 0.00000000099999999993 0.00000000099999999993 0.99999998799999989529 0.00000000099999999993 
0.00000000099999999991 0.00000000099999999991 0.00000000099999999991 0.00000000099999999991 0.00000000099999999991 0.00000000099999999991 0.00000000099999999991 0.00000000099999999991 0.00000000099999999991 0.00000000099999999991 0.00000000099999999991 0.99999998799999989529 0.00000000099999999991 
0.00000000099999999994 0.00000000099999999994 0.00000000099999999994 0.00000000099999999994 0.00000000099999999994 0.00000000099999999994 0.54270626971934388116 0.00000000099999999994 0.00000000099999999994 0.00000000099999999994 0.00000000099999999994 0.00000000099999999994 0.45729371928065615238 
0.00000000099999999988 0.00000000099999999988 0.00000000099999999988 0.00000000099999999988 0.00000000099999999988 0.00000000099999999988 0.40239821504911477135 0.00000000099999999988 0.00000000099999999988 0.00000000099999999988 0.00000000099999999988 0.00000000099999999988 0.59760177395088509567 
0.00000000099999999994 0.02320239878610879519 0.00000000099999999994 0.00000000099999999994 0.00000000099999999994 0.00000000099999999994 0.42810245432469395954 0.00000000099999999994 0.00000000099999999994 0.00000000099999999994 0.00000000099999999994 0.00000000099999999994 0.54869513688919702155 
0.00000000099999999995 0.00000000099999999995 0.00000000099999999995 0.00000000099999999995 0.00000000099999999995 0.00000000099999999995 0.52608084535046462094 0.00000000099999999995 0.01372028430797258593 0.00000000131585020105 0.00000000099999999995 0.00000000099999999995 0.46019886002571264161 
0.00000000099999999993 0.00000000099999999993 0.00000000099999999993 0.00000000099999999993 0.00000000099999999993 0.00000000099999999993 0.50280569952433140646 0.00000000099999999993 0.00000000099999999993 0.04568559232237401346 0.00000000099999999993 0.00000000099999999993 0.45150869815329469636 
0.00000000099999999997 0.00000023969071610048 0.00000000099999999997 0.00776480439261573261 0.00000000099999999997 0.00000000099999999997 0.53112464755936705796 0.00000000099999999997 0.00000000099999999997 0.00000000099999999997 0.00000000099999999997 0.00000000099999999997 0.46111029935730130092 
0.00000000099999999988 0.00000000099999999988 0.00000000099999999988 0.00000000099999999988 0.00000000099999999988 0.00000000099999999988 0.40331054629963986047 0.00000000099999999988 0.00000000099999999988 0.00000000099999999988 0.00000000099999999988 0.00000000099999999988 0.59668944270036006206 
0.00230380473571073800 0.03478624377147396945 0.01811494057668244784 0.00000000099999999997 0.00000000099999999997 0.00000000099999999997 0.51634186645006652228 0.00000000099999999997 0.00000000099999999997 0.00000000099999999997 0.00000000099999999997 0.00000000099999999997 0.42845313646606653091 
0.00000000099999999994 0.00000000099999999994 0.00000000099999999994 0.01115597667070542497 0.00000000099999999994 0.00000000099999999994 0.61122191852347940166 0.00000000099999999994 0.00000000099999999994 0.00000000099999999994 0.00000000099999999994 0.00000000099999999994 0.37762209480581532262 
0.00000000099999999996 0.00794873044872411276 0.00000000099999999996 0.00786752691043527373 0.00000000099999999996 0.00000000099999999996 0.45855264917685500947 0.00000000099999999996 0.01648602818244973220 0.00000000099999999996 0.00000000099999999996 0.00000000099999999996 0.50914505728153580666 
0.00000000099999999982 0.00000000099999999982 0.00000000099999999982 0.00000000099999999982 0.00000000099999999982 0.00000000099999999982 0.99999998800000000632 0.00000000099999999982 0.00000000099999999982 0.00000000099999999982 0.00000000099999999982 0.00000000099999999982 0.00000000099999999982 
0.00000000099999999996 0.03906297827234522096 0.00000000099999999996 0.00000000099999999996 0.00000000099999999996 0.00000000099999999996 0.47281696777133247478 0.00000000099999999996 0.00000000099999999996 0.02249868826597194865 0.00000000099999999996 0.00000000099999999996 0.46562135669035054075 
0.00000000099999999991 0.00000000099999999991 0.00000000099999999991 0.00000000099999999991 0.00000000099999999991 0.00000000099999999991 0.51041512859736593022 0.00000000099999999991 0.00000000099999999991 0.00000000099999999991 0.00000000099999999991 0.00000000099999999991 0.48958486040263404782 
0.00000000099999999996 0.00472791874651909416 0.00000000099999999996 0.00000000099999999996 0.00000000099999999996 0.00000000099999999996 0.47713479394414087809 0.00000000099999999996 0.00000000099999999996 0.00000000099999999996 0.00993200545424035956 0.00000000099999999996 0.50820527285509964344 
0.00000000099999999996 0.02612724969710572553 0.00000000099999999996 0.01256548779764256156 0.00000000099999999996 0.00000000099999999996 0.47176842832255172500 0.00000000099999999996 0.00000000099999999996 0.00002376861944920825 0.00415147024429143689 0.00000000099999999996 0.48536358831895953792 
0.00000000099999999995 0.00000000099999999995 0.00000000099999999995 0.00000000099999999995 0.00000000099999999995 0.00000000099999999995 0.52350346229576549817 0.00000000099999999995 0.00000000099999999995 0.00000000099999999995 0.00428289739531947933 0.00000000099999999995 0.47221363030891500001 
0.00000000099999999995 0.00721303904513472590 0.00000000099999999995 0.00000000099999999995 0.00000000099999999995 0.00000000099999999995 0.57847330437764732380 0.00000000099999999995 0.00000000099999999995 0.00000000099999999995 0.00000000099999999995 0.00000000099999999995 0.41431364657721792000 
0.00000000099999999997 0.02232207508826743528 0.00000000099999999997 0.00000000099999999997 0.05947106959304204743 0.00000000099999999997 0.80938352753733988632 0.09153448894097554467 0.00000000099999999997 0.00000000099999999997 0.00000000099999999997 0.00000000099999999997 0.01728883084037517032 
0.00000000099999999999 0.00000000099999999999 0.08503281112378938134 0.00933089047892818324 0.07338696981431519495 0.31550786791471269188 0.05634099236573116010 0.00000000099999999999 0.09121648715523442141 0.30249993685540343957 0.00000000099999999999 0.04913241853639980367 0.01755162175548579534 
0.00000000099999999997 0.00000000240336206155 0.11551192925214730234 0.00666242941147724387 0.00000000099999999997 0.33233688503277408754 0.13354031915130051833 0.00000000099999999997 0.12260367725149801110 0.28934475149744082190 0.00000000099999999997 0.00000000099999999997 0.00000000099999999997 
0.00000000099999999997 0.00173240780182389942 0.13113251403635770020 0.04607256435527722765 0.00000000099999999997 0.35364537591109740378 0.04290304288832328533 0.00000000099999999997 0.12315775134664366797 0.30135633766047692506 0.00000000099999999997 0.00000000099999999997 0.00000000099999999997 
0.00000000099999999998 0.02429580057761257864 0.14055515512529137556 0.07909102691742454783 0.00000000099999999998 0.31489735341493113596 0.00315380842919357578 0.00000000099999999998 0.12212747921964105247 0.29601045147172511118 0.00000000099999999998 0.01986891984418069634 0.00000000099999999998 
0.00000000099999999998 0.00000000099999999998 0.13698556381638987700 0.01368196559285025926 0.00000000099999999998 0.35738608958892553735 0.02790307439247331073 0.00000000099999999998 0.11653343812767821830 0.26169752038681309836 0.00000000099999999998 0.08581234209486982012 0.00000000099999999998 
0.00000000099999999999 0.01071375900860538702 0.16631299348502839863 0.00000000099999999999 0.00000000099999999999 0.32486565799474942384 0.03183857668651911277 0.00000000099999999999 0.13806051435403129957 0.29475024428598795012 0.00000000099999999999 0.00000000099999999999 0.03345824818507862897 
0.00000000099999999998 0.03183709110908319179 0.08710054920477454388 0.01443461948013529360 0.06408204020199632922 0.30822688814867416074 0.05546791603105526852 0.00000000099999999998 0.10079047992111306309 0.27602431466514837366 0.00748647040910012992 0.05454962782891960987 0.00000000099999999998 
0.00000000099999999999 0.00000000099999999999 0.13386712329953706635 0.05318661070698184334 0.00000000099999999999 0.27192365686039166039 0.06588114737701010470 0.00324260109537349156 0.15069562350033530174 0.28853056341533522833 0.00993226208098648561 0.00000000099999999999 0.02274040766404894498 
0.00000000099999999999 0.00000000099999999999 0.13774520908026083310 0.06142164311482692374 0.00000000099999999999 0.30348888766447729148 0.00611485953960231535 0.00000000099999999999 0.13966810816141692064 0.27273831950383392586 0.00000000099999999999 0.07882296693558182854 0.00000000099999999999 
0.00000000099999999999 0.00000000099999999999 0.09809676861759325517 0.00000000099999999999 0.01401910296786606711 0.36665661065778759609 0.06024051967832326493 0.00000000099999999999 0.11448423163406991343 0.30038632038068208141 0.02607282267357624583 0.02004361839010167234 0.00000000099999999999 
0.00000000099999999996 0.00000000099999999996 0.00000000099999999996 0.00000000099999999996 0.00000000099999999996 0.00000000099999999996 0.74897983826642411387 0.00846275297486387065 0.01248352352820723300 0.00000000099999999996 0.00000000099999999996 0.00000000099999999996 0.23007387623050487568 
0.00000000099999999996 0.01046599290256244701 0.00000000099999999996 0.02809662304410569938 0.00000000099999999996 0.00000000099999999996 0.82209178502528901245 0.02288859517582964714 0.03476032149851968067 0.00000000099999999996 0.00000000099999999996 0.00000000099999999996 0.08169667535369354305 
0.00000000099999999994 0.00000000099999999994 0.00000000099999999994 0.02980904605260522797 0.00000000099999999994 0.00000000099999999994 0.82345299154630413607 0.00000000099999999994 0.00000000099999999994 0.00000000099999999994 0.00000000099999999994 0.00000000099999999994 0.14673795240109066551 
0.00000000099999999995 0.00000000099999999995 0.00000000099999999995 0.05080714840096658275 0.00000000099999999995 0.00000000099999999995 0.82607794670277845395 0.00000000099999999995 0.00000000099999999995 0.00000000099999999995 0.00580732153530653331 0.00000000099999999995 0.11730757436094860213 
0.00000000099999999998 0.06774387788574222358 0.00000000099999999998 0.05664950784806604273 0.00000000099999999998 0.00000000099999999998 0.77440203769056048522 0.01355063975257875600 0.00206108519801239537 0.00990854194050859276 0.00000000099999999998 0.00000000099999999998 0.07568430368453141210 
0.00127141513500834795 0.00000000099999999997 0.00000000099999999997 0.04846071003709778030 0.00000000099999999997 0.00000000099999999997 0.78024614251020674160 0.00000000099999999997 0.02357524737859036101 0.00000001588244864278 0.00000000099999999997 0.00000000099999999997 0.14644646205664810235 
0.00000000099999999993 0.00000000099999999993 0.00000000099999999993 0.00000000099999999993 0.00000000099999999993 0.00000000099999999993 0.84439778492550821021 0.00000000099999999993 0.00000000099999999993 0.00000000099999999993 0.00000000099999999993 0.00000000099999999993 0.15560220407449187885 
0.00424398075483212785 0.01988843112271821909 0.00000000099999999997 0.00287703889507601781 0.00000000099999999997 0.00000000099999999997 0.78204147268772672419 0.00000000099999999997 0.02432312110738686292 0.00331722841283108201 0.00000000099999999997 0.00000000457287377095 0.16330871744655517386 
0.00000000099999999996 0.01020736306976405446 0.00000000099999999996 0.02930873944289874578 0.00000000099999999996 0.00000000099999999996 0.96048388748733737330 0.00000000099999999996 0.00000000099999999996 0.00000000099999999996 0.00000000099999999996 0.00000000099999999996 0.00000000099999999996 
0.00000000099999999995 0.00000000099999999995 0.00000000099999999995 0.02182076121337033284 0.00000000099999999995 0.00000000099999999995 0.81715455557117910868 0.00000000099999999995 0.00000000099999999995 0.01823092971258677072 0.00000000099999999995 0.00000000099999999995 0.14279374450286397291 
0.00000000099999999998 0.02056612983428393604 0.05299157924390494184 0.04856476054888402699 0.61862533981870515554 0.00000000099999999998 0.04684299103133465064 0.02425820989001553629 0.01860855157451911032 0.02449932744457138448 0.00671032186165084876 0.03731553590378856866 0.10101725084834189961 
0.00000000099999999997 0.00000000099999999997 0.00000000099999999997 0.00000000099999999997 0.75138384056456464233 0.00000000099999999997 0.00000000099999999997 0.00000000099999999997 0.00000000099999999997 0.00693278374054314556 0.01254459893186706150 0.09632061844885372870 0.13281815031417146256 
0.00000000099999999999 0.00000084046257103727 0.05422903769215821346 0.02343680021694240223 0.41772742316099975568 0.00000000099999999999 0.04094200425394735332 0.00000000099999999999 0.00712135819194921211 0.03118176854057114894 0.03761034037011776882 0.24932159201012771277 0.13842883210061543431 
0.01699576192238116262 0.00000000099999999999 0.00000000099999999999 0.02137748033945713333 0.70133455457562332569 0.00000000099999999999 0.00876546851636423978 0.06791149689970371606 0.00000000099999999999 0.00000000099999999999 0.00144538327945991371 0.11793564231399145115 0.06423420715301912665 
0.00000000099999999997 0.00000000099999999997 0.02844660567880832880 0.36144963005159064240 0.00000000099999999997 0.00000000099999999997 0.38069511401920791416 0.00036740273564451754 0.00000000099999999997 0.03808999341166651592 0.00000000099999999997 0.00000002057764430049 0.19095122752543780553 
0.00000000099999999998 0.00000000099999999998 0.01453485637728995153 0.31582805551076559292 0.00000000099999999998 0.00000000099999999998 0.45249977049971668031 0.00810813684348150529 0.00000000099999999998 0.00000000099999999998 0.00000000099999999998 0.00000000099999999998 0.20902917276874630192 
0.00000000099999999997 0.00000000099999999997 0.00952639417228409550 0.28147267994370783750 0.00000000099999999997 0.00000000099999999997 0.46598976071229525342 0.02279587227979811351 0.00000000099999999997 0.00000000099999999997 0.00000000099999999997 0.05477875188464476075 0.16543653400727009739 
0.00000000099999999998 0.01960074118873901539 0.02885175401462627270 0.28560469140168659452 0.00000000099999999998 0.00000000099999999998 0.40881975386661029148 0.05443369525346444110 0.00000000099999999998 0.00000000099999999998 0.00386262220222863880 0.08068450536197295520 0.11814223171067175788 
0.00000000099999999997 0.00618512795891780834 0.00000000099999999997 0.38396530312339444135 0.00000000099999999997 0.00000000099999999997 0.41644470108789388707 0.04854747829315406854 0.00000000099999999997 0.00704485676404326827 0.00000000099999999997 0.00994223873001539443 0.12787028804258118719 
0.00000000099999999998 0.00000000099999999998 0.04755445661802600726 0.25859664193988907144 0.00000000099999999998 0.00000000099999999998 0.42548130963035912799 0.03832827145951781672 0.00000000099999999998 0.00000000099999999998 0.00000000099999999998 0.12604802650774360462 0.10399128684446441728 
0.00000000099999999978 0.00000000099999999978 0.00000000099999999978 0.00000000099999999978 0.00000000099999999978 0.00000000099999999978 0.00000000099999999978 0.99999998800000000632 0.00000000099999999978 0.00000000099999999978 0.00000000099999999978 0.00000000099999999978 0.00000000099999999978 
0.00000061324985789201 0.00000000099999999999 0.00000000099999999999 0.00000000099999999999 0.00000000099999999999 0.00000000099999999999 0.35952226522507058082 0.00661762758464016967 0.00000000099999999999 0.00240692476371313305 0.03480443438037418569 0.41272239296179608070 0.18392573583454779884 
0.00000000099999999998 0.04466088025856921467 0.00000000099999999998 0.00096734707004908352 0.12951251579535996705 0.00000000099999999998 0.27807953077892266780 0.01346506146748928552 0.00000000099999999998 0.00000000099999999998 0.00000000099999999998 0.34677516707956645980 0.18653949155004323490 
0.00000000099999999998 0.04252172975471588817 0.04004127361621195175 0.00000002416754468314 0.00000001731071270444 0.00000000099999999998 0.31159257531760681248 0.03856924152301348385 0.00000000099999999998 0.00000000099999999998 0.01283198243472235753 0.42412496631442525574 0.13031818556104690643 
0.00429365002091940291 0.02705347570092722295 0.02170717337706746380 0.00000000099999999998 0.00000000099999999998 0.00000000099999999998 0.32570492389944233347 0.05528506406633369730 0.04189264920448707713 0.00000000099999999998 0.00000000099999999998 0.41124018748393798006 0.11282287124688471225 
0.00617813671322391036 0.02190396920766164018 0.00000000099999999998 0.08436496973095550245 0.14302307737173436397 0.00000000099999999998 0.13020689763829945695 0.02401930915423765300 0.00000000099999999998 0.00000000099999999998 0.00000000099999999998 0.41574797853750844467 0.17455565664637900936 
0.00661060195473246390 0.00000000099999999999 0.00000000099999999999 0.08169924363545591484 0.00000000099999999999 0.00000000099999999999 0.23890413084981648728 0.02278047153799025656 0.01405953487616669155 0.00000000099999999999 0.00787132509992232929 0.52166029411343206590 0.10641439293248361464 
0.02034886129364752924 0.01950982034388016109 0.00000000099999999998 0.08458505415743863831 0.04132254110743729253 0.00000000099999999998 0.23497519708958011786 0.01287106461718137002 0.00000000099999999998 0.00000000099999999998 0.00000000099999999998 0.43734277056294540431 0.14904468582788932274 
0.00000000099999999998 0.04805385937275142433 0.04979287055726230871 0.09799604573321997469 0.07683859428670840319 0.00000000099999999998 0.19084999074347058778 0.02814818850559386645 0.00000000099999999998 0.00538976346391678574 0.00000000099999999998 0.37717360607096228620 0.12575707726611415338 
0.00000000099999999998 0.03435546543341447268 0.05619838438844754203 0.02648440142118421714 0.05852251823468760522 0.00000000099999999998 0.31026150181326839217 0.00911465605215429527 0.00267907804604560753 0.00000000099999999998 0.00000000099999999998 0.37258851042693658107 0.12979548018386127817 
0.00431385703253562344 0.00000000099999999998 0.00000000099999999998 0.06937623523183332475 0.06199484493141991376 0.00000000099999999998 0.27613122808100304395 0.01319977366450658662 0.00000000099999999998 0.00000000099999999998 0.00000000099999999998 0.41834821910449743187 0.15663583595420388361 
0.01281573330970815425 0.07503623773578957379 0.02121710495691367382 0.05351633318060872863 0.06708333599976590289 0.00000000099999999999 0.24944919987000152561 0.00752385027692447847 0.01135553723012516433 0.00000000099999999999 0.01104168685683013830 0.32877314407656893502 0.16218783450676380054 
0.00195241376015533523 0.05234793464068474705 0.00000000099999999999 0.04909302882979772742 0.04925246373582754106 0.00000000099999999999 0.25914999528997212375 0.03465312351812576547 0.00000000099999999999 0.02425637775347607925 0.00000000099999999999 0.41695188026006013704 0.11234277821190057078 
0.00000000099999999998 0.02714127894484457890 0.03188249611130920119 0.03640430126811027012 0.00000000099999999998 0.00000000099999999998 0.31927496303151503554 0.03419551805412261031 0.00000000099999999998 0.03922943442132505870 0.00000000099999999998 0.40903985562868044878 0.10283214754009266378 
0.00000000099999999997 0.00000000099999999997 0.02912234234996515653 0.08964380891579094846 0.15618957903909141960 0.00000000099999999997 0.00000000099999999997 0.04955052500555344464 0.00000000099999999997 0.00000000099999999997 0.00000000099999999997 0.57277881249783713091 0.10271492519176168845 
0.00000000099999999998 0.01562773218944468745 0.03710042601255911232 0.05296556910208322089 0.06129749144354164347 0.00000000099999999998 0.40744496366268806442 0.03106653242436485662 0.00000000099999999998 0.00000003539919821732 0.00000000099999999998 0.32539082605818914207 0.06910641970793125755 
0.00000000099999999993 0.00000203610322403193 0.00000000099999999993 0.03406954851329083156 0.00000000099999999993 0.00000000099999999993 0.57984985203558714328 0.00000000099999999993 0.01476277633919464288 0.32533598667446766983 0.04597979333423556775 0.00000000099999999993 0.00000000099999999993 
0.00000000099999999970 0.00000000099999999970 0.00000000099999999970 0.00000000099999999970 0.00000000099999999970 0.00000000099999999970 0.00000000099999999970 0.00000000099999999970 0.00000000099999999970 0.99999998800000000632 0.00000000099999999970 0.00000000099999999970 0.00000000099999999970 
0.00000000099999999966 0.00000000099999999966 0.00000000099999999966 0.00000000099999999966 0.00000000099999999966 0.00000000099999999966 0.00000000099999999966 0.00000000099999999966 0.00000000099999999966 0.99999998800000000632 0.00000000099999999966 0.00000000099999999966 0.00000000099999999966 
0.00000000099999999982 0.00000000099999999982 0.00000000099999999982 0.00000000099999999982 0.00000000099999999982 0.00000000099999999982 0.00000000099999999982 0.00000000099999999982 0.00000000099999999982 0.99999998800000000632 0.00000000099999999982 0.00000000099999999982 0.00000000099999999982 
0.00000000099999999969 0.00000000099999999969 0.00000000099999999969 0.00000000099999999969 0.00000000099999999969 0.00000000099999999969 0.00000000099999999969 0.00000000099999999969 0.00000000099999999969 0.99999998800000000632 0.00000000099999999969 0.00000000099999999969 0.00000000099999999969 
0.00000000099999999969 0.00000000099999999969 0.00000000099999999969 0.00000000099999999969 0.00000000099999999969 0.00000000099999999969 0.00000000099999999969 0.00000000099999999969 0.00000000099999999969 0.99999998800000000632 0.00000000099999999969 0.00000000099999999969 0.00000000099999999969 
0.00000000099999999984 0.00000000099999999984 0.00000000099999999984 0.00000000099999999984 0.00000000099999999984 0.00000000099999999984 0.00000000099999999984 0.00000000099999999984 0.00000000099999999984 0.99999998800000000632 0.00000000099999999984 0.00000000099999999984 0.00000000099999999984 
0.00000000099999999970 0.00000000099999999970 0.00000000099999999970 0.00000000099999999970 0.00000000099999999970 0.00000000099999999970 0.00000000099999999970 0.00000000099999999970 0.00000000099999999970 0.99999998800000011734 0.00000000099999999970 0.00000000099999999970 0.00000000099999999970 
0.00000000099999999991 0.00000000099999999991 0.00000000099999999991 0.00000000099999999991 0.00000000099999999991 0.00000000099999999991 0.17333690171359419918 0.00000000099999999991 0.00000000099999999991 0.80902875861219658571 0.01763432967420925854 0.00000000099999999991 0.00000000099999999991 
0.00000000099999999979 0.00000000099999999979 0.00000000099999999979 0.00000000099999999979 0.00000000099999999979 0.00000000099999999979 0.00000000099999999979 0.00000000099999999979 0.00000000099999999979 0.99999998800000011734 0.00000000099999999979 0.00000000099999999979 0.00000000099999999979 
0.01874106920176048588 0.03482308616265226281 0.00000000099999999998 0.04427327691701202911 0.00000000099999999998 0.00000000099999999998 0.65455520246241138960 0.00000000099999999998 0.01462139330637497736 0.00000000099999999998 0.00000000099999999998 0.00096378243245311222 0.23202218351733583379 
0.00536833211964542114 0.03283890815697051296 0.00000000099999999994 0.07385585542084760480 0.00000000099999999994 0.00000000099999999994 0.64592392466750037094 0.00000000099999999994 0.00000000099999999994 0.00000000099999999994 0.00000000099999999994 0.00000000099999999994 0.24201297163503635024 
0.00146039342397784842 0.00000000099999999998 0.00000000099999999998 0.06420971954436401063 0.00417934449181027456 0.00000000099999999998 0.78980417303951810926 0.00000000099999999998 0.00000000099999999998 0.08349851437932512277 0.00000000099999999998 0.05684784812100462936 0.00000000099999999998 
0.00000000099999999994 0.00000000099999999994 0.00000000099999999994 0.01854704811079598004 0.00000000099999999994 0.00000000099999999994 0.83961315707120420804 0.00000000099999999994 0.00000000099999999994 0.14183978481799988658 0.00000000099999999994 0.00000000099999999994 0.00000000099999999994 
0.00000000099999999998 0.02482617683092817190 0.00000000099999999998 0.01143370021257524710 0.00000000099999999998 0.00000000099999999998 0.79960753380562898940 0.00000000099999999998 0.04019510212115506159 0.11575891616164805942 0.00000000099999999998 0.00817856386806470152 0.00000000099999999998 
0.00000000099999999993 0.00000000099999999993 0.00000000099999999993 0.03546379636183395745 0.00000000099999999993 0.00000000099999999993 0.81845391571157211086 0.00000000099999999993 0.03129842349923388917 0.11478385542736002645 0.00000000099999999993 0.00000000099999999993 0.00000000099999999993 
0.00000000099999999992 0.00000000099999999992 0.00000000099999999992 0.01768688555057845724 0.00000000099999999992 0.00000000099999999992 0.93923466403753197440 0.00000000099999999992 0.02499283482702637990 0.01808560658486321054 0.00000000099999999992 0.00000000099999999992 0.00000000099999999992 
0.00000000099999999993 0.00000000099999999993 0.00000000099999999993 0.04570738082859332474 0.00000000099999999993 0.00000000099999999993 0.83236051541825650801 0.00000000099999999993 0.02972852986126614874 0.09220356489188405447 0.00000000099999999993 0.00000000099999999993 0.00000000099999999993 
0.00001308594515001698 0.00000000099999999996 0.00000000099999999996 0.03986515900410209090 0.00000000099999999996 0.00000000099999999996 0.93734575056539726212 0.00000000099999999996 0.00000000099999999996 0.02277599548535076679 0.00000000099999999996 0.00000000099999999996 0.00000000099999999996 
0.00000000099999999993 0.00000000099999999993 0.00000000099999999993 0.04198817535415812208 0.00000000099999999993 0.00000000099999999993 0.90799071114299001461 0.00000000099999999993 0.00000000099999999993 0.05002110350285199347 0.00000000099999999993 0.00000000099999999993 0.00000000099999999993 
0.00000000099999999990 0.00000000099999999990 0.00000000099999999990 0.00000000099999999990 0.00000000099999999990 0.00000000099999999990 0.87366491701420756488 0.00000000099999999990 0.03430166403987180285 0.09203340894592050569 0.00000000099999999990 0.00000000099999999990 0.00000000099999999990 
0.00000000099999999991 0.00000000099999999991 0.00000000099999999991 0.00000000099999999991 0.00000000099999999991 0.00000000099999999991 0.90256750071769797916 0.00000000099999999991 0.00000000099999999991 0.09743248828230202663 0.00000000099999999991 0.00000000099999999991 0.00000000099999999991 
0.00000000099999999993 0.00000000099999999993 0.00000000099999999993 0.00000000099999999993 0.00000000099999999993 0.00000000099999999993 0.91666104911949564116 0.00000000099999999993 0.04614533674493152826 0.03719360413557288442 0.00000000099999999993 0.00000000099999999993 0.00000000099999999993 
0.00000000099999999995 0.00939389433998444150 0.00000000099999999995 0.02921132437070547011 0.00000000099999999995 0.00000000099999999995 0.88463938013883214317 0.00000000099999999995 0.02701969604252037194 0.04973569710795770066 0.00000000099999999995 0.00000000099999999995 0.00000000099999999995 
0.00000000099999999993 0.00000000099999999993 0.00000000099999999993 0.00000000099999999993 0.00000000099999999993 0.00000000099999999993 0.91272150364772608455 0.00000000099999999993 0.00000000099999999993 0.08727848535227389348 0.00000000099999999993 0.00000000099999999993 0.00000000099999999993 
0.00000000099999999996 0.02009238704328984021 0.00000000099999999996 0.01577885532775867572 0.00000000099999999996 0.00000000099999999996 0.84091897430378048650 0.00000000099999999996 0.03341978982626702538 0.08978998549890408742 0.00000000099999999996 0.00000000099999999996 0.00000000099999999996 
0.00000000099999999993 0.00000000099999999993 0.00000000099999999993 0.03654954219002527066 0.00000000099999999993 0.00000000099999999993 0.88561272794296075350 0.00000000099999999993 0.01484513589134873850 0.05331462066199589567 0.00967796531366945517 0.00000000099999999993 0.00000000099999999993 
0.00000000099999999992 0.00000000099999999992 0.00000000099999999992 0.00000000099999999992 0.00000000099999999992 0.00000000099999999992 0.95791631832244872324 0.00000000099999999992 0.00000000099999999992 0.04208367067755128949 0.00000000099999999992 0.00000000099999999992 0.00000000099999999992 
0.00000000099999999995 0.00372837585688159858 0.00000000099999999995 0.00000000099999999995 0.00000000099999999995 0.00000000099999999995 0.92455079394538475235 0.00000000099999999995 0.00000000099999999995 0.07172082019773373673 0.00000000099999999995 0.00000000099999999995 0.00000000099999999995 
0.00000000099999999990 0.00000000099999999990 0.00000000099999999990 0.00000000099999999990 0.00000000099999999990 0.00000000099999999990 0.97004447120171632957 0.00000000099999999990 0.00000000099999999990 0.02995551779828370051 0.00000000099999999990 0.00000000099999999990 0.00000000099999999990 
0.00000000099999999993 0.00000000099999999993 0.00000000099999999993 0.00000000099999999993 0.00000000099999999993 0.00000000099999999993 0.83925105414117739944 0.00000000099999999993 0.00939882945974184446 0.15135010639908069718 0.00000000099999999993 0.00000000099999999993 0.00000000099999999993 
0.00000000099999999990 0.00000000099999999990 0.00000000099999999990 0.00000000099999999990 0.00000000099999999990 0.00000000099999999990 0.97182469626132317320 0.00000000099999999990 0.00000000099999999990 0.02817529273867686382 0.00000000099999999990 0.00000000099999999990 0.00000000099999999990 
0.00000000099999999995 0.00000000099999999995 0.00000000099999999995 0.00000000099999999995 0.00000000099999999995 0.00000000099999999995 0.95946756515853159897 0.00000000099999999995 0.00000000099999999995 0.04053242381943907707 0.00000000099999999995 0.00000000099999999995 0.00000000102202929944 
0.00000000099999999997 0.00000000099999999997 0.00000000099999999997 0.00000000099999999997 0.00000000099999999997 0.00000000099999999997 0.88758459192633598622 0.00000000099999999997 0.04264102627926439487 0.06501480663052477960 0.00475956616387472695 0.00000000099999999997 0.00000000099999999997 
0.00000000099999999982 0.00000000099999999982 0.00000000099999999982 0.00000000099999999982 0.00000000099999999982 0.00000000099999999982 0.00000000099999999982 0.99999998800000011734 0.00000000099999999982 0.00000000099999999982 0.00000000099999999982 0.00000000099999999982 0.00000000099999999982 
0.00000000099999999982 0.00000000099999999982 0.00000000099999999982 0.00000000099999999982 0.00000000099999999982 0.00000000099999999982 0.00000000099999999982 0.99999998800000000632 0.00000000099999999982 0.00000000099999999982 0.00000000099999999982 0.00000000099999999982 0.00000000099999999982 
0.00000000099999999992 0.00000000099999999992 0.00000000099999999992 0.00000000099999999992 0.40990438066995243949 0.00000000099999999992 0.00000000099999999992 0.00000000099999999992 0.00000000099999999992 0.59009560833004748304 0.00000000099999999992 0.00000000099999999992 0.00000000099999999992 
0.00000000099999999992 0.00000000099999999992 0.00000000099999999992 0.00000000099999999992 0.31173300933298747628 0.00000000099999999992 0.00000000099999999992 0.00000000099999999992 0.00000000099999999992 0.68826697966701233522 0.00000000099999999992 0.00000000099999999992 0.00000000099999999992 
0.00000000099999999991 0.00000000099999999991 0.00000000099999999991 0.00000000099999999991 0.38848225422415977315 0.00000000099999999991 0.00000000099999999991 0.00000000099999999991 0.00000000099999999991 0.61151773477584014937 0.00000000099999999991 0.00000000099999999991 0.00000000099999999991 
0.00000000099999999998 0.00000004829294495140 0.00000000099999999998 0.00000000099999999998 0.00000000099999999998 0.00000000099999999998 0.28788969610619030703 0.00000000099999999998 0.00000000099999999998 0.70269099292431824733 0.00000000099999999998 0.00941925367654643068 0.00000000099999999998 
