0.20506497174193447086 0.04626866278577960317 0.74866636547228582188 
0.20962922704203651447 0.05598403102047955909 0.73438674193748398888 
0.20127527685362614496 0.03795170406873244612 0.76077301907764138811 
0.21259961256265952345 0.04795391529690330723 0.73944647214043712768 
0.23086062529929943232 0.02455380968703977165 0.74458556501366079949 
0.21415133321235377273 0.08410858875103731369 0.70174007803660876093 
0.21810262629442106475 0.04739864156994727518 0.73449873213563154906 
0.26655500790805947142 0.04662544336110938797 0.68681954873083117530 
0.19806963912701680552 0.08799667044017084327 0.71393369043281229569 
0.25375547454693758720 0.09924175374663375682 0.64700277170642872537 
0.22973268980797914574 0.05006860225196894248 0.72019870794005191872 
0.26338248801049790604 0.06295550236113520159 0.67366200962836697563 
0.19358847993850311631 0.04335578935289250563 0.76305573070860444052 
0.00000000099999999999 0.63303322198937128640 0.36696677701062863086 
0.00000000099999999999 0.63172489684532695531 0.36827510215467307297 
0.00000000099999999999 0.67169784095407392144 0.32830215804592605133 
0.00000000099999999999 0.68379551550038608632 0.31620448349961394197 
0.00000000099999999999 0.64144607472962744676 0.35855392427037252601 
0.00657541170806357194 0.62261328980358043861 0.37081129848835608920 
0.00000000099999999999 0.64095878088145963325 0.35904121811854028401 
0.00000000099999999999 0.60781523029849560125 0.39218476870150453806 
0.00000000099999999999 0.66297145194644480082 0.33702854705355522746 
0.00000000099999999999 0.68089912636304028570 0.31910087263695979809 
0.00000000099999999999 0.67461147940660581845 0.32538851959339415432 
0.00000000100000000000 0.67474163028166844747 0.32525836871833158082 
0.00000000100000000000 0.66179220015547046696 0.33820779884452956132 
0.00000000100000000000 0.65291470710066557004 0.34708529189933451375 
0.00000000100000000000 0.70827547531103596246 0.29172452368896389929 
0.00000000099999999999 0.63570423479583326731 0.36429576420416681648 
0.00000000099999999999 0.71926990866718143458 0.28073009033281864921 
0.00000000099999999998 0.68853149850574124624 0.31146850049425878204 
0.00000000099999999999 0.67257567573200038868 0.32742432326799952857 
0.00000000099999999999 0.75086390167886363223 0.24913609732113650708 
0.00000000099999999998 0.73450591723973901459 0.26549408176026101369 
0.00000000099999999999 0.70283970383471949805 0.29716029516528041921 
0.00000000099999999998 0.68865871043977044952 0.31134128856022952325 
0.00000000099999999999 0.69208621557391358792 0.30791378342608649588 
0.00000000099999999999 0.79431760517670435551 0.20568239382329553400 
0.00000000099999999999 0.69943890484882620395 0.30056109415117371331 
0.00000000099999999997 0.99999999799999994554 0.00000000099999999997 
0.00000000099999999999 0.72192835705863001028 0.27807164194137007351 
0.00000000099999999999 0.71151985848842236315 0.28848014051157760962 
0.00000000099999999999 0.67312254937860815929 0.32687744962139198002 
0.00000000099999999999 0.71966199373929329308 0.28033800526070690173 
0.00000000099999999999 0.70536187633198355051 0.29463812266801647777 
0.00000000099999999999 0.75861574281061905367 0.24138425618938103012 
0.00000000100000000000 0.82435689330674855047 0.17564310569325139455 
0.45275355532996830465 0.47568145742439893464 0.07156498724563283009 
0.47881114300459476363 0.52118885599540520914 0.00000000100000000000 
0.51632272995488581735 0.48367726904511409991 0.00000000100000000000 
0.48053631874705177163 0.51946368025294809012 0.00000000100000000000 
0.51226982079958138794 0.48770797209860083932 0.00002220710181779208 
0.46014129159137046043 0.45752404679158059642 0.08233466161704901254 
0.45697647749862158051 0.52834905335381487923 0.01467446914756364608 
0.40329958223495349090 0.53888385708299346710 0.05781656068205311833 
0.45152883544542093963 0.49852009689257514857 0.04995106766200390486 
0.51643470602203034314 0.48356528451537489355 0.00000000946259475232 
0.00000000099999999998 0.86444969619235256797 0.13555030280764748807 
0.00000000099999999999 0.93138949334828902149 0.06861050565171104842 
0.00000000099999999999 0.94385036930065691063 0.05614962969934316622 
0.00000000099999999999 0.96443915037817562474 0.03556084862182443129 
0.00000000099999999999 0.94424458604167571529 0.05575541295832436850 
0.00000000099999999999 0.92899422491772554178 0.07100577408227445875 
0.00000000099999999999 0.90424587526436517315 0.09575412373563478574 
0.00000000099999999999 0.88035244135206303095 0.11964755764793690018 
0.00000000099999999998 0.99999999799999994554 0.00000000099999999998 
0.00000000099999999999 0.95147846433527427656 0.04852153466472575866 
0.04359267296456423996 0.25420194259930339875 0.70220538443613234048 
0.06028612792554960409 0.14060437739291131720 0.79910949468153913422 
0.03905600407011408648 0.35774650455829465345 0.60319749137159128782 
0.09383690835100179373 0.13067422786361815312 0.77548886378538017805 
0.00000000099999999999 0.86256080326856010565 0.13743919573143989488 
0.00000000099999999999 0.85130999058309819727 0.14869000841690185877 
0.00000000099999999999 0.84057136866691584132 0.15942863033308415921 
0.00000000099999999999 0.79844720571733729386 0.20155279328266276218 
0.00000000099999999999 0.84928936022933532168 0.15071063877066478986 
0.00000000099999999999 0.80937967593111981301 0.19062032306888021527 
0.00000000099999999997 0.00000000099999999997 0.99999999800000005656 
0.00000000100000000000 0.68693906079336963799 0.31306093820663044580 
0.00000000099999999999 0.59390970602267334488 0.40609029297732668340 
0.00000000100000000000 0.65665764130522963349 0.34334235769477033928 
0.00000000100000000000 0.66079638195410805857 0.33920361704589191421 
0.00000000099999999999 0.53848934106229495722 0.46151065793770507106 
0.00175837816397458446 0.70537888072756382840 0.29286274110846161056 
0.00000000099999999999 0.64377882642228978494 0.35622117257771029886 
0.00000000100000000000 0.61760058966740638553 0.38239940933259347622 
0.00000000100000000000 0.65759122098377520427 0.34240877801622476850 
0.00000000100000000000 0.65761929998454471402 0.34238069901545548079 
0.00000000100000000000 0.65307797523044230914 0.34692202376955771914 
0.00000000099999999999 0.65869039950591945498 0.34130959949408062881 
0.00000000099999999999 0.71220349180356312679 0.28779650719643684598 
0.00000000100000000000 0.46865466334559147121 0.53134533565440855707 
0.00000000100000000000 0.70466532958006955489 0.29533466941993041788 
0.00000000099999999998 0.99999999800000005656 0.00000000099999999998 
0.11169149368032710301 0.88830850531967286976 0.00000000099999999998 
0.05855272167247443926 0.94144727732752553351 0.00000000099999999998 
0.09779408223699945224 0.90220591676300054829 0.00000000099999999999 
0.05651501502987230779 0.94348498397012758865 0.00000000099999999998 
0.07531387534868207168 0.92468612365131785946 0.00000000099999999998 
0.07816505181212599074 0.92183494718787406530 0.00000000099999999999 
0.09642194804185719170 0.90357805095814280882 0.00000000099999999999 
0.07220201398251174796 0.92779798501748822481 0.00000000099999999999 
0.10817113684293769293 0.89182886215706225208 0.00000000099999999999 
0.00000000099999999999 0.82552266031583121375 0.17447733868416878678 
0.00000000099999999998 0.86916878055560753413 0.13083121844439249415 
0.00606059157783981131 0.96702479391827989019 0.02691461450388037135 
0.00212013140735051956 0.99787986759264957204 0.00000000099999999999 
0.01759621104829287713 0.98240378795170713033 0.00000000100000000000 
0.01225306854385349586 0.98774693045614647691 0.00000000099999999999 
0.00000000099999999998 0.99999999800000005656 0.00000000099999999998 
0.01253566160449237459 0.98746433739550754094 0.00000000099999999999 
0.00000000100000000000 0.99999999799999994554 0.00000000100000000000 
0.00000000099999999999 0.99999999800000005656 0.00000000099999999999 
0.00000000099999999998 0.99999999800000005656 0.00000000099999999998 
0.00000000099999999998 0.99999999800000005656 0.00000000099999999998 
0.00000000099999999998 0.99999999800000005656 0.00000000099999999998 
0.00000000099999999999 0.99999999799999994554 0.00000000099999999999 
0.00384874515607959477 0.99615125384392044783 0.00000000099999999999 
0.00000000099999999999 0.99999999800000005656 0.00000000099999999999 
0.00000000099999999999 0.99999999799999994554 0.00000000099999999999 
0.00000000099999999999 0.99999999799999994554 0.00000000099999999999 
0.00781172295017366208 0.99218827604982640089 0.00000000099999999999 
0.00000000099999999998 0.99999999800000005656 0.00000000099999999998 
0.00000000099999999998 0.99999999800000005656 0.00000000099999999998 
0.00059350640314224457 0.99940649259685776507 0.00000000099999999999 
0.00000000100000000000 0.99999999799999994554 0.00000000100000000000 
0.00000000100000000000 0.99999999799999994554 0.00000000100000000000 
0.00000000099999999998 0.00000000099999999998 0.99999999799999994554 
0.00000000099999999997 0.00000000099999999997 0.99999999800000005656 
0.21444588101393041724 0.53661717848752410465 0.24893694049854547812 
0.18628592591905601683 0.58475141311664502464 0.22896266096429901404 
0.23873981177874872839 0.50459223172886524811 0.25666795649238610677 
0.11889520908599299220 0.85780685309911564040 0.02329793781489144372 
0.22344254237346872216 0.62840012818535695427 0.14815732944117432357 
0.20854525831211073728 0.59983500711758019897 0.19161973457030903600 
0.19848634005887325071 0.59049100910248952800 0.21102265083863722128 
0.19212107719938592565 0.45296645393367335197 0.35491246886694061136 
0.19135553158702867105 0.58308093555847551048 0.22556353285449581847 
0.21390024914716909699 0.63487166416184537265 0.15122808669098550260 
0.19560499526924116087 0.54987168170429034930 0.25452332302646840656 
0.25007801512016947232 0.52076992208309824672 0.22915206279673241974 
0.14112028779902152653 0.29150959891335853635 0.56737011328761988160 
0.00000000100000000000 0.71656391354604043187 0.28343608545395954090 
0.00000000099999999999 0.69848185114562577613 0.30151814785437430766 
0.00000000099999999999 0.66157671253782823761 0.33842328646217179067 
0.00000000099999999999 0.65846210526406445673 0.34153789373593546053 
0.00000000099999999999 0.64752199288139478117 0.35247800611860541364 
0.00000000099999999999 0.62340523736129604959 0.37659476163870403420 
0.00000000100000000000 0.64435919540508557191 0.35564080359491434535 
0.00000000099999999999 0.62345191775673269863 0.37654808124326738517 
0.00000000100000000000 0.61595086873713289499 0.38404913026286702227 
0.00000000099999999999 0.63473740498781183739 0.36526259401218824641 
0.00000000100000000000 0.66091354682876524151 0.33908645217123467575 
0.00000000099999999999 0.65594260403242443669 0.34405739496757559159 
0.00000000099999999999 0.61354035997662270674 0.38645963902337726603 
0.00000000099999999999 0.66402027743154534711 0.33597972156845468117 
0.00000000099999999999 0.60349510539819783972 0.39650489360180207754 
0.00000000100000000000 0.65510145847047118739 0.34489854052952884089 
0.00000000099999999999 0.63291514043758867469 0.36708485856241118706 
0.00000000099999999999 0.58427155162124300158 0.41572844737875702670 
0.00000000099999999999 0.58991072423550661163 0.41008927476449336114 
0.00000000099999999999 0.61561596916183114470 0.38438402983816877256 
0.00000000099999999998 0.00000000099999999998 0.99999999800000005656 
0.00000000099999999999 0.95517514165588535135 0.04482485734411461448 
0.00000000100000000000 0.91775979067423518742 0.08224020832576474371 
0.00000000099999999999 0.94622365741129565997 0.05377634158870427811 
0.00000000099999999999 0.93129180118749499417 0.06870819781250520064 
0.00000000099999999998 0.99999999799999994554 0.00000000099999999998 
0.00000000099999999999 0.96673854756947119604 0.03326145143052887387 
0.00000000099999999996 0.99999999800000005656 0.00000000099999999996 
0.00000000099999999998 0.96896566992811394847 0.03103432907188602430 
0.00000000099999999999 0.96284492142796507252 0.03715507757203483780 
0.00000000099999999998 0.89858501919506117428 0.10141497980493886788 
0.00000000099999999998 0.99999999799999994554 0.00000000099999999998 
0.00000000099999999998 0.92058271662480162245 0.07941728237519840583 
0.00000000099999999999 0.97106255155218423880 0.02893744744781587969 
0.00000000099999999999 0.99999999799999994554 0.00000000099999999999 
0.00000000099999999996 0.99999999799999994554 0.00000000099999999996 
0.00000000099999999999 0.99999999800000005656 0.00000000099999999999 
0.00000000099999999998 0.98974376357928561809 0.01025623542071440845 
0.00000000099999999999 0.99999999800000005656 0.00000000099999999999 
0.00000000099999999998 0.99999999800000005656 0.00000000099999999998 
0.00000000099999999999 0.96073093352756744334 0.03926906547243261963 
0.00000000099999999999 0.87109180247944051345 0.12890819652055943156 
0.00000000099999999999 0.99999999799999994554 0.00000000099999999999 
0.00000000099999999999 0.99935558979107041999 0.00064440920892951158 
0.00000000099999999998 0.99999999799999994554 0.00000000099999999998 
0.00000000099999999999 0.97701458215990599765 0.02298541684009400635 
0.00000000099999999998 0.99999999799999994554 0.00000000099999999998 
0.00000000099999999997 0.99999999799999994554 0.00000000099999999997 
0.00000000099999999999 0.99997842725526542296 0.00002157174473456347 
0.00000000099999999998 0.99999999799999994554 0.00000000099999999998 
0.00000000099999999999 0.99999999799999994554 0.00000000099999999999 
0.00000000099999999999 0.99999999799999994554 0.00000000099999999999 
0.00000000099999999999 0.99999999799999994554 0.00000000099999999999 
0.00000000099999999998 0.99999999800000005656 0.00000000099999999998 
0.00000000099999999998 0.99999999799999994554 0.00000000099999999998 
0.00000000100000000000 0.99850685728194543689 0.00149314171805461264 
0.00000000099999999999 0.96100265988152744345 0.03899733911847248768 
0.00000000099999999999 0.99999999800000005656 0.00000000099999999999 
0.00000000099999999998 0.99999999799999994554 0.00000000099999999998 
0.00000000099999999998 0.99999999800000005656 0.00000000099999999998 
0.00000000100000000000 0.99997788524832897927 0.00002211375167108303 
0.16591743913583312242 0.83408255986416679484 0.00000000100000000000 
0.24976878259079321465 0.75023121640920675812 0.00000000099999999999 
0.19169429892949657601 0.80830570007050339676 0.00000000099999999999 
0.17443616807679390712 0.82556383092320606565 0.00000000099999999999 
0.21372777276750362652 0.78627222623249626299 0.00000000099999999999 
0.16239771889472831568 0.83760228010527160158 0.00000000099999999999 
0.17239581350511615221 0.82760418549488379281 0.00000000099999999999 
0.21488849623007580392 0.78511150276992414110 0.00000000099999999999 
0.17279942432491562920 0.82712757749088827719 0.00007299818419609630 
0.19675590874780049533 0.80324409025219956071 0.00000000099999999999 
0.16934891324000406199 0.83065108575999591078 0.00000000099999999999 
0.18823817559573227665 0.81176182340426761286 0.00000000099999999999 
0.18684728103273329225 0.81315271796726673603 0.00000000099999999999 
0.22291844339453420476 0.77708155560546565699 0.00000000099999999999 
0.19728173333950374535 0.80271826566049619966 0.00000000099999999999 
0.18569413422809460945 0.81430586477190536332 0.00000000099999999999 
0.20144717016160873513 0.79855282883839129315 0.00000000099999999999 
0.18796757974265332347 0.81203241925734659379 0.00000000099999999999 
0.20401430656301910993 0.79598569243698080733 0.00000000099999999999 
0.19590002037723727724 0.80409997862276261227 0.00000000099999999999 
0.19661180797061922343 0.80338819102938074934 0.00000000100000000000 
0.00000000099999999998 0.00000000099999999998 0.99999999800000005656 
0.15408230951184043178 0.52608923488309078387 0.31982845560506878435 
0.04947857223031720125 0.95052142676968276458 0.00000000099999999999 
0.00159760173360776647 0.99840239726639212758 0.00000000100000000000 
0.03361027234883952330 0.96638972665116040783 0.00000000099999999999 
0.05292539564973609140 0.94707460335026383280 0.00000000099999999999 
0.12034514004180570101 0.87965485895819417461 0.00000000099999999998 
0.08767843421950839711 0.91232156478049153403 0.00000000099999999999 
0.00000000099999999997 0.99999999800000005656 0.00000000099999999997 
0.00000000099999999998 0.99999999799999994554 0.00000000099999999998 
0.00000000099999999997 0.99999999799999994554 0.00000000099999999997 
0.00000000099999999997 0.99999999799999994554 0.00000000099999999997 
0.00000000099999999997 0.99999999800000005656 0.00000000099999999997 
0.00000000099999999998 0.99999999800000005656 0.00000000099999999998 
0.00000000099999999997 0.99999999800000005656 0.00000000099999999997 
0.00000000099999999998 0.99999999800000005656 0.00000000099999999998 
0.99999999799999994554 0.00000000099999999997 0.00000000099999999997 
0.99999999799999994554 0.00000000099999999995 0.00000000099999999995 
0.99999999800000005656 0.00000000099999999997 0.00000000099999999997 
0.99999999799999994554 0.00000000099999999997 0.00000000099999999997 
0.99999999799999994554 0.00000000099999999995 0.00000000099999999995 
0.99999999800000005656 0.00000000099999999998 0.00000000099999999998 
0.99999999799999994554 0.00000000099999999996 0.00000000099999999996 
0.99999999800000005656 0.00000000099999999997 0.00000000099999999997 
0.99999999800000005656 0.00000000099999999996 0.00000000099999999996 
0.99999999799999994554 0.00000000099999999996 0.00000000099999999996 
0.00000000099999999999 0.79861037581279048503 0.20138962318720940448 
0.00000000099999999999 0.78734040032466656722 0.21265959867533335004 
0.00000000099999999999 0.83104803737382326734 0.16895196162617681646 
0.00000000099999999999 0.78555377822832184176 0.21444622077167821428 
0.00000000099999999999 0.79797302656102209184 0.20202697243897779766 
0.00000000099999999999 0.78148281739680758307 0.21851718160319241746 
0.00000000099999999999 0.76327646488392220103 0.23672353411607785501 
0.00000000099999999999 0.79849446032949300545 0.20150553867050702284 
0.00000000099999999999 0.80123639972024296441 0.19876359927975698061 
0.00000000099999999999 0.82771218318730788166 0.17228781581269211887 
0.00000000099999999999 0.80609604544937085713 0.19390395355062922667 
0.00000000099999999999 0.73909065197123502422 0.26090934702876500406 
0.00000000099999999999 0.77490199817175542396 0.22509800082824452105 
0.00000000099999999999 0.83947015845969830128 0.16052984054030161598 
0.00000000099999999999 0.79310957170896478896 0.20689042729103523932 
0.00000000099999999999 0.84742634232760272184 0.15257365667239730644 
0.00000000099999999998 0.99999999800000005656 0.00000000099999999998 
0.00000000099999999999 0.99999999799999994554 0.00000000099999999999 
0.00000000099999999999 0.99999999800000005656 0.00000000099999999999 
0.00000000099999999999 0.99999999800000005656 0.00000000099999999999 
0.00000000100000000000 0.98694589215695482931 0.01305410684304521979 
0.00000000099999999999 0.97754396877605553851 0.02245603022394455917 
0.00000000099999999999 0.96665637223260869604 0.03334362676739126286 
0.00000000099999999997 0.99999999799999994554 0.00000000099999999997 
0.00000000099999999998 0.99999999799999994554 0.00000000099999999998 
0.00000000099999999998 0.99999999800000005656 0.00000000099999999998 
0.00000000099999999999 0.99999999800000005656 0.00000000099999999999 
0.00000000099999999999 0.94222385991745782885 0.05777613908254227576 
0.00000000099999999999 0.99991562595893102028 0.00008437304106906617 
0.00000000099999999998 0.93678551322847725125 0.06321448577152266601 
0.00000000099999999999 0.95431352140485670166 0.04568647759514338214 
0.00000000099999999999 0.99738823481348526379 0.00261176418651482825 
0.00000000099999999998 0.99999303774831815872 0.00000696125168185442 
0.00000000099999999998 0.98012341283238191281 0.01987658616761816405 
0.00000000099999999999 0.99304899818498426622 0.00695100081501581497 
0.00000000099999999998 0.97152800103520176034 0.02847199796479821937 
0.00000000099999999998 0.99999999800000005656 0.00000000099999999998 
0.00000000099999999998 0.90736402954985695413 0.09263596945014304640 
0.00000000099999999999 0.94143792275458826335 0.05856207624541181350 
0.00000000099999999998 0.97931063058825840173 0.02068936841174160227 
0.00000000099999999999 0.93960934426173303713 0.06039065473826690789 
0.00000000099999999999 0.99999999800000005656 0.00000000099999999999 
0.00000000099999999998 0.95143547136271011677 0.04856452763728986294 
0.00000000099999999998 0.98319999386036893707 0.01680000513963109121 
0.00000000099999999999 0.96847863285409585554 0.03152136614590409641 
0.00000000099999999997 0.99999999799999994554 0.00000000099999999997 
0.00000000099999999997 0.99999999799999994554 0.00000000099999999997 
0.00000000099999999997 0.99999999799999994554 0.00000000099999999997 
0.00000000099999999998 0.99999999800000005656 0.00000000099999999998 
0.00000000099999999997 0.99999999799999994554 0.00000000099999999997 
0.00000000099999999998 0.99999999800000005656 0.00000000099999999998 
0.00000000099999999997 0.99999999799999994554 0.00000000099999999997 
0.00000000099999999998 0.99999999799999994554 0.00000000099999999998 
0.00000000099999999998 0.99999999800000005656 0.00000000099999999998 
0.00000000099999999997 0.99999999799999994554 0.00000000099999999997 
0.00000000099999999998 0.99999999800000005656 0.00000000099999999998 
0.00000000099999999997 0.99999999800000005656 0.00000000099999999997 
0.00000000099999999998 0.99999999800000005656 0.00000000099999999998 
0.00000000099999999997 0.99999999800000005656 0.00000000099999999997 
0.00000000099999999999 0.97838594464030326225 0.02161405435969675562 
0.00000000099999999999 0.96342750382329045422 0.03657249517670958100 
0.00000000099999999999 0.99338786741826878846 0.00661213158173129360 
0.00000000099999999999 0.92989493900274655669 0.07010505999725356874 
0.00000000099999999999 0.98028255960229127020 0.01971743939770872339 
0.00000000099999999999 0.95514481846296894751 0.04485518053703103220 
0.00433751351982177447 0.93537848952545776804 0.06028399695472035080 
0.00000000099999999999 0.96526491841987238640 0.03473508058012771127 
0.00000000099999999999 0.97298498696060675694 0.02701501203939319154 
0.00000000100000000000 0.98440863145853152449 0.01559136754146839277 
0.03454106034725634711 0.12493518897592634231 0.84052375067681728282 
0.03963503280713497751 0.15352143531548734234 0.80684353187737767321 
0.00609615616343693947 0.17893363792957153735 0.81497020590699154052 
0.00000000100000000000 0.13403569643013241164 0.86596430256986756113 
0.03952785153050213107 0.18257751293554930205 0.77789463553394844197 
0.04386183371391205732 0.14643334863553908454 0.80970481765054880263 
0.05928568043226895706 0.02699972187208834681 0.91371459769564267184 
0.04121365224504303093 0.07263016345119223394 0.88615618430376474901 
0.00945716328710568405 0.22952325237524168200 0.76101958433765271028 
0.00573865286301595504 0.21380922349618311507 0.78045212364080096545 
0.00000000099999999998 0.00000000099999999998 0.99999999799999994554 
0.00000000099999999999 0.90738284329974683295 0.09261715570025326472 
0.00000000099999999999 0.94412727311462163460 0.05587272588537823409 
0.00000000099999999999 0.93990658262100601483 0.06009341637899395100 
0.00000000099999999999 0.87499252671996741171 0.12500747228003253331 
0.00000000099999999999 0.92665210826564392566 0.07334789073435607487 
0.00000000099999999999 0.92076031070428809855 0.07923968829571206851 
0.00000000099999999999 0.96641728229486223434 0.03358271670513776619 
0.00000000099999999999 0.92302728586372995156 0.07697271313627011835 
0.00000000099999999999 0.93935861176832058383 0.06064138723167944445 
0.00000000099999999999 0.91997642451430750032 0.08002357448569263898 
0.00000000099999999999 0.92167072510384351336 0.07832927389615659819 
0.00000000099999999999 0.92300412192295755442 0.07699587707704255712 
0.00000000099999999999 0.89747241203464733772 0.10252758696535278771 
0.00000000099999999999 0.89742315458786547921 0.10257684441213450743 
0.00000000099999999998 0.92567828121084350101 0.07432171778915645788 
0.00000000099999999998 0.91850396370393039280 0.08149603529606970487 
0.00000000099999999999 0.92594785172326032896 0.07405214727673971320 
0.00000000099999999999 0.91777304740997667221 0.08222695159002342546 
0.00000000099999999999 0.90491148657631714780 0.09508851242368286660 
0.00000000099999999999 0.94912683384472640302 0.05087316515527367383 
0.16809771561469871726 0.20708595889220079989 0.62481632549310039959 
0.17215296502538282586 0.18335991051854025335 0.64448712445607703181 
0.17130848583439250987 0.22123178348705907492 0.60745973067854852623 
0.20261454638410653084 0.28543265343260504352 0.51195280018328848115 
0.17898142940303110593 0.28757127752142025434 0.53344729307554872300 
0.20093855889874195908 0.29168921316649976117 0.50737222793475833527 
0.16259244823272711589 0.27817207503828295101 0.55923547672898987759 
0.20114388148072595563 0.30906327499703178940 0.48979284352224228272 
0.17737866997465601138 0.28538684093747301862 0.53723448908787108103 
0.18904833584507541033 0.30462507016769008183 0.50632659398723456334 
0.17296181227058041174 0.26252477151164388403 0.56451341621777573199 
0.19488595514904025197 0.27935058393116324327 0.52576346091979653252 
0.16942081575026279872 0.31944656643687979747 0.51113261781285734831 
0.16664459832849110033 0.24591828350557656813 0.58743711816593224828 
0.15895348219093560771 0.21465906760168018685 0.62638745020738428870 
0.07745111833977057214 0.92254888066022944226 0.00000000099999999999 
0.20489647260337615076 0.22294440703357307210 0.57215912036305083266 
0.17410336826521424780 0.21710159066351464308 0.60879504107127113688 
0.00000000100000000000 0.59958187831856357697 0.40041812068143650682 
0.00000000099999999999 0.53897951612734584792 0.46102048287265423587 
0.00000000099999999999 0.54837792487966141586 0.45162207412033866794 
0.00000000099999999999 0.53458896996278293390 0.46541102903721714990 
0.00000000099999999999 0.55133941498503613587 0.44866058401496394792 
0.00000000099999999999 0.63526223992974362176 0.36473775907025646204 
0.02408580299695906382 0.54927021665706055042 0.42664398034598044473 
0.01214740815864686664 0.60390894676104001082 0.38394364508031308958 
0.00000000099999999999 0.58704443640000325555 0.41295556259999666171 
0.00076234063992470917 0.60203816236225682346 0.39719949699781842423 
0.00000000099999999999 0.54610280964729751574 0.45389718935270256805 
0.01450450868192772538 0.59800917059290881195 0.38748632072516336899 
0.00000000100000000000 0.54165272716305934431 0.45834727183694068398 
0.00000000099999999999 0.57137983257105817714 0.42862016642894190666 
0.00678352640410143700 0.59817329160968457646 0.39504318198621396485 
0.00954461094235043057 0.63978919480125151509 0.35066619425639794505 
0.00000000100000000000 0.64983798656206637201 0.35016201243793371178 
0.00917119258819036956 0.62028107752462502411 0.37054772988718470694 
0.00000000099999999997 0.00000000099999999997 0.99999999800000005656 
0.00000000099999999998 0.02298955250221404456 0.97701044649778601148 
0.00000000099999999997 0.00000000099999999997 0.99999999799999994554 
0.00000000099999999997 0.00000000099999999997 0.99999999799999994554 
0.00000000099999999998 0.00000000475687439213 0.99999999424312568941 
0.00000000099999999998 0.00000000099999999998 0.99999999799999994554 
0.00000000099999999998 0.99999999800000005656 0.00000000099999999998 
0.00000000099999999998 0.99999999799999994554 0.00000000099999999998 
0.00000000099999999998 0.99999999799999994554 0.00000000099999999998 
0.00000000099999999999 0.99999999800000005656 0.00000000099999999999 
0.00000000099999999998 0.99999999799999994554 0.00000000099999999998 
0.00000000099999999998 0.99999999800000005656 0.00000000099999999998 
0.00000000099999999998 0.99999999800000005656 0.00000000099999999998 
0.00465538788181039595 0.98877677412131192991 0.00656783799687762123 
0.00000000099999999998 0.99999999800000005656 0.00000000099999999998 
0.00000000099999999998 0.00000000099999999998 0.99999999800000005656 
0.00000000099999999997 0.00000000099999999997 0.99999999799999994554 
0.00000000099999999997 0.00000000099999999997 0.99999999799999994554 
0.00000000099999999998 0.00819765928132170155 0.99180233971867837184 
0.00000000099999999998 0.00000000099999999998 0.99999999800000005656 
0.00000000099999999998 0.00000000099999999998 0.99999999800000005656 
0.00000000099999999998 0.00000000099999999998 0.99999999800000005656 
0.00000000099999999997 0.00000000099999999997 0.99999999800000005656 
0.00000000099999999998 0.00000000099999999998 0.99999999799999994554 
0.00000000099999999997 0.00000000099999999997 0.99999999800000005656 
0.99999999800000005656 0.00000000099999999999 0.00000000099999999999 
0.99999999799999994554 0.00000000099999999998 0.00000000099999999998 
0.99999999799999994554 0.00000000099999999997 0.00000000099999999997 
0.99999999800000005656 0.00000000099999999998 0.00000000099999999998 
0.99999999800000005656 0.00000000099999999997 0.00000000099999999997 
0.99999999799999994554 0.00000000099999999998 0.00000000099999999998 
0.99999999799999994554 0.00000000099999999999 0.00000000099999999999 
0.99999999800000005656 0.00000000099999999996 0.00000000099999999996 
0.99999999800000005656 0.00000000099999999998 0.00000000099999999998 
0.99999999800000005656 0.00000000099999999996 0.00000000099999999996 
0.00000000100000000000 0.24853149447297526176 0.75146850452702462775 
0.00000000099999999999 0.29664887437559717132 0.70335112462440285697 
0.00000000099999999999 0.23877249772188999244 0.76122750127810989706 
0.00000000099999999999 0.25588172870906927825 0.74411827029093069452 
0.00000000099999999999 0.24516802006390456259 0.75483197893609543794 
0.00000000100000000000 0.19445487916375664428 0.80554511983624332849 
0.00000000099999999999 0.19578018212549899713 0.80421981687450105891 
0.00000000099999999999 0.20583353106441701352 0.79416646793558287598 
0.00000000099999999999 0.19779453575591399161 0.80220546324408603667 
0.00000000099999999999 0.23817592204082929652 0.76182407695917075952 
0.00000000099999999999 0.23523014496739685919 0.76476985403260322460 
0.00000046331267850257 0.46334771435975641296 0.53665182232756514225 
0.00000000099999999999 0.26479237472945449383 0.73520762427054542343 
0.00000000100000000000 0.28339176379976954712 0.71660823520023053668 
0.00000000099999999999 0.23343923116551737462 0.76656076783448268142 
0.00000000100000000000 0.20385333360809251846 0.79614666539190737105 
0.03287636476080504216 0.06220974770444934188 0.90491388753474566453 
0.00000033345914541252 0.13120215772907864449 0.86879750881177597588 
0.03430544371558345851 0.07252386174155529830 0.89317069454286124319 
0.03545919487686553795 0.04170798517362034330 0.92283281994951404936 
0.01900707713332760312 0.02024037239368584387 0.96075255047298657729 
0.05047840213454281993 0.02660998751709243992 0.92291161034836477484 
0.04766665143229734808 0.40589931516771410314 0.54643403339998852797 
0.06188803482212850565 0.08261315925742242217 0.85549880592044913463 
0.04996655577653486696 0.00464218182898845123 0.94539126239447668354 
0.03882043447493922078 0.03557350492757407195 0.92560606059748673502 
0.04531457791902990251 0.00939048211190164975 0.94529493996906843734 
0.04013280598653305720 0.06098062511010658021 0.89888656890336038341 
0.04066988223876492892 0.04305597531235472175 0.91627414244888039097 
0.05688376776665104301 0.06121029854127751219 0.88190593369207137542 
0.04851900853868517521 0.06106022034407846549 0.89042077111723638705 
0.01314660341885162849 0.52661878228742931007 0.46023461429371909093 
0.05414014718511152291 0.06683100251241827494 0.87902885030247024378 
0.04616839243206870974 0.03178562017939717127 0.92204598738853416062 
0.00000000099999999999 0.96570872115814776482 0.03429127784185224959 
0.00000000099999999999 0.92834239434852183770 0.07165760465147828773 
