0.00000000099999999999 0.00000000099999999999 0.90176386233384286939 0.02526987730825507733 0.00000000099999999999 0.00379534865830654907 0.00139552797431241214 0.00000000099999999999 0.03432990994428496145 0.03344546878099818876 0.00000000099999999999 
0.00000000099999999995 0.00000000099999999995 0.99524234719643123181 0.00475764380356893512 0.00000000099999999995 0.00000000099999999995 0.00000000099999999995 0.00000000099999999995 0.00000000099999999995 0.00000000099999999995 0.00000000099999999995 
0.00000000099999999998 0.00000000099999999998 0.91385291896306908299 0.02612914548032112261 0.00000000099999999998 0.01307072451915198587 0.00000000149972148705 0.00000000099999999998 0.04694720353773629978 0.00000000099999999998 0.00000000099999999998 
0.00000000099999999995 0.00000000099999999995 0.99994806852909678963 0.00000000099999999995 0.00000000099999999995 0.00000000099999999995 0.00000000099999999995 0.00000000099999999995 0.00005192247090327059 0.00000000099999999995 0.00000000099999999995 
0.00000000099999999997 0.00000000099999999997 0.84283003852915971965 0.03736413169336068318 0.00000000099999999997 0.06222191903151684522 0.00000000099999999997 0.00000000099999999997 0.05758390374596290134 0.00000000099999999997 0.00000000099999999997 
0.00000000099999999998 0.00000000099999999998 0.74934514231390136896 0.06317568316907436199 0.00000000099999999998 0.10425053572457032569 0.00629722946991905039 0.00000000099999999998 0.06232322677292932017 0.01460817754960545833 0.00000000099999999998 
0.00000000099999999998 0.00145397050894728575 0.86985605717039571338 0.00000014210209971512 0.00000000099999999998 0.00000000099999999998 0.00000000099999999998 0.00000000099999999998 0.08981990380887226733 0.03487750292531022200 0.00399241848437476097 
0.01582500573516550102 0.00000000099999999999 0.73121190257842016980 0.05175511615629004025 0.00000000099999999999 0.00561614273317466092 0.00000000099999999999 0.00000000099999999999 0.12684572705724553310 0.06874610073970412183 0.00000000099999999999 
0.00000000099999999998 0.00000000199006627701 0.99999922015507070050 0.00000000099999999998 0.00000000099999999998 0.00000000099999999998 0.00000000099999999998 0.00000000099999999998 0.00000000099999999998 0.00000000459010799966 0.00000076626475525189 
0.01129058186425110390 0.00000000099999999999 0.76163940515122041663 0.06961263531436306939 0.00000000099999999999 0.04985208975156125294 0.00000000099999999999 0.00000000099999999999 0.10760528191860406488 0.00000000099999999999 0.00000000099999999999 
0.00000000099999999996 0.00000000099999999996 0.95545997888023104228 0.03984630935682317160 0.00000000099999999996 0.00000000099999999996 0.00000000099999999996 0.00000000099999999996 0.00469370376294589789 0.00000000099999999996 0.00000000099999999996 
0.00000000099999999998 0.00000000099999999998 0.88574776773353480763 0.02773315033907194915 0.00000000099999999998 0.00000000099999999998 0.02404653026062099352 0.00000000099999999998 0.06247254466677221174 0.00000000099999999998 0.00000000099999999998 
0.00323976613155295629 0.00000000099999999998 0.91802831632805370621 0.00051739463330007255 0.05153559158885658714 0.00000868631170287186 0.00000000099999999998 0.00000000099999999998 0.02667024000653402810 0.00000000099999999998 0.00000000099999999998 
0.02194122694098074935 0.27474538727409847372 0.00000000099999999997 0.02001719420057254673 0.00406278781283122073 0.59621573442378761332 0.00000000099999999997 0.00000000099999999997 0.00000000099999999997 0.00000000099999999997 0.08301766434772948899 
0.01868918568373160310 0.28432669003211635816 0.00000107122991325247 0.00000000099999999997 0.00000000099999999997 0.52198697200899868420 0.05254659510919165027 0.00000000099999999997 0.00000000099999999997 0.00000000099999999997 0.12244948093604857142 
0.03256868664168828531 0.33820683958159747373 0.00000000099999999998 0.00000000099999999998 0.01067935705055664611 0.49226292977775937265 0.00000339075405683371 0.00000000099999999998 0.00000000099999999998 0.00000000099999999998 0.12627879119434154420 
0.03778527106650746842 0.28673416288926273365 0.01850088797425361239 0.00098167368042604880 0.03367898800820720573 0.41523803764896122237 0.00623855596174423786 0.00000000099999999999 0.00000000099999999999 0.00000000099999999999 0.20084241977063740925 
0.00000000099999999997 0.31158342045452674940 0.00000000099999999997 0.00298299284424535273 0.00000000099999999997 0.55294212465785030908 0.02035708888907641900 0.00000000099999999997 0.00000000099999999997 0.00000000099999999997 0.11213436715430115387 
0.02125765633580021380 0.30546938760566116899 0.00000000099999999998 0.01599645301705514971 0.00000000099999999998 0.52715260777480099641 0.01766364835553880380 0.00000000099999999998 0.00000000099999999998 0.00000000099999999998 0.11246024191114367685 
0.01504377100916205225 0.30000728146810978769 0.00000000099999999998 0.00000000099999999998 0.06624259764239295856 0.50136316545530035249 0.00000000099999999998 0.00000000099999999998 0.00000000099999999998 0.00000000099999999998 0.11734317842503487472 
0.02936387779033872852 0.31315119541129676772 0.05083089951628966957 0.00201913827186843160 0.00000000099999999998 0.47996145932798278677 0.00000000099999999998 0.01893312166639146699 0.00000000099999999998 0.00000000099999999998 0.10574030401583232874 
0.01721491168568692331 0.43698713928120963557 0.03430118301885599907 0.00000000099999999998 0.01016062514289557857 0.42374833102222325687 0.00000000099999999998 0.00000000099999999998 0.00000000099999999998 0.00000000099999999998 0.07758780484912859710 
0.01503787589773726042 0.33062372894209557384 0.00000000099999999997 0.02521534016736417042 0.02129422185022301559 0.50030552712570830476 0.01746106577564989285 0.00000000099999999997 0.00000000099999999997 0.00000000099999999997 0.09006223624122200455 
0.00725257094127752019 0.33262364188333898296 0.02029380408210090109 0.03056091693060605449 0.01502913618554777529 0.43295042547407952549 0.00873987689759398410 0.00473427982292177682 0.00000000099999999999 0.00000000099999999999 0.14781534578253360812 
0.02978573441514239736 0.40244187159719313485 0.00000008736814866134 0.00000000272157242683 0.06273843132233719588 0.43850353155192767218 0.00000000099999999998 0.00000000099999999998 0.00000000099999999998 0.00728164419697720743 0.05924869382670128193 
0.01104252684689059627 0.32909683245718795996 0.00000000099999999998 0.02442703651404173892 0.04350110179063507165 0.46380209383214965335 0.03601806104977175321 0.00000000099999999998 0.00000000099999999998 0.00000000099999999998 0.09211234350932326342 
0.03612282949674461979 0.40540563321070011149 0.08168000998770826027 0.01775690237664701715 0.02200217505941187701 0.35767531160976506754 0.01878464738761127795 0.00000000099999999998 0.00000000099999999998 0.00000000099999999998 0.06057248787141195079 
0.00350846624878974013 0.31865982152830796270 0.00000000099999999998 0.00123906742258424272 0.05006672411767147668 0.43588925793959004684 0.03805138363987850547 0.00000000099999999998 0.00000000099999999998 0.00000000099999999998 0.15258527510317804188 
0.01496677183418220966 0.28018935325930000024 0.00000000099999999997 0.00002114804814895618 0.01967128622409262950 0.54284952866728519716 0.00000000099999999997 0.00000000099999999997 0.00000000099999999997 0.00000000099999999997 0.14230190696699113184 
0.00000000099999999996 0.57009328529023828303 0.00000000099999999996 0.00000000099999999996 0.00000000099999999996 0.42034320926646068228 0.00956349744330116033 0.00000000099999999996 0.00000000099999999996 0.00000000099999999996 0.00000000099999999996 
0.00000000099999999992 0.46764102854401012888 0.00000000099999999992 0.00000000099999999992 0.00000000099999999992 0.53235896245598990362 0.00000000099999999992 0.00000000099999999992 0.00000000099999999992 0.00000000099999999992 0.00000000099999999992 
0.00258699305197302495 0.45416362254310155278 0.00000000099999999997 0.00000000099999999997 0.04150005572445100710 0.49961849743348296649 0.00000000099999999997 0.00213082524699138810 0.00000000099999999997 0.00000000099999999997 0.00000000099999999997 
0.00000000099999999997 0.55349180390699037613 0.00000000099999999997 0.00000000099999999997 0.00000550201243824604 0.41966743606246326159 0.01911442138701376775 0.00000000099999999997 0.00000000099999999997 0.00000033716883256027 0.00772049446226197311 
0.00000000099999999995 0.53640241885951589484 0.00000000099999999995 0.02821077448014212494 0.01722594063260898464 0.41816085902773297844 0.00000000099999999995 0.00000000099999999995 0.00000000099999999995 0.00000000099999999995 0.00000000099999999995 
0.00000000099999999999 0.54966681895920466161 0.00000000099999999999 0.00000000099999999999 0.01369299297118203688 0.41002235918740048692 0.00000093698499767959 0.00008124622506975903 0.00000000099999999999 0.02097641803041528849 0.00555922364173025950 
0.00000000099999999992 0.46830933142676334224 0.00000000099999999992 0.00000000099999999992 0.00000000099999999992 0.53169065957323669025 0.00000000099999999992 0.00000000099999999992 0.00000000099999999992 0.00000000099999999992 0.00000000099999999992 
0.00000000099999999998 0.53806518457568086600 0.00000000099999999998 0.00000027360965710550 0.03145145436971208408 0.42318405454696766954 0.00000000099999999998 0.00729902689798229889 0.00000000099999999998 0.00000000099999999998 0.00000000099999999998 
0.00000000099999999996 0.63729617360049140018 0.00000000099999999996 0.00000000099999999996 0.00000000099999999996 0.36212996708291783632 0.00000000099999999996 0.00000000099999999996 0.00000000099999999996 0.00000000099999999996 0.00057385131659094596 
0.00000000099999999997 0.46869339529757375606 0.00000000099999999997 0.00000000099999999997 0.01516397375784233476 0.50464257964284786606 0.01133607885643332994 0.00000000099999999997 0.00000000099999999997 0.00000000099999999997 0.00016396644530279549 
0.00000000099999999985 0.99999999000000028282 0.00000000099999999985 0.00000000099999999985 0.00000000099999999985 0.00000000099999999985 0.00000000099999999985 0.00000000099999999985 0.00000000099999999985 0.00000000099999999985 0.00000000099999999985 
0.00000000099999999996 0.49828320462548603142 0.00000000099999999996 0.00485814817158999619 0.04272673684940171690 0.45413190335352221494 0.00000000099999999996 0.00000000099999999996 0.00000000099999999996 0.00000000099999999996 0.00000000099999999996 
0.00000000099999999994 0.53876991970907062157 0.00000000099999999994 0.00000000099999999994 0.00000000099999999994 0.46123007129092952194 0.00000000099999999994 0.00000000099999999994 0.00000000099999999994 0.00000000099999999994 0.00000000099999999994 
0.00364042789518403791 0.49468796642725043622 0.00000000099999999996 0.00000000099999999996 0.01056352742251572864 0.49110807125504973847 0.00000000099999999996 0.00000000099999999996 0.00000000099999999996 0.00000000099999999996 0.00000000099999999996 
0.01589336279322120515 0.48953288386797261245 0.00000000099999999997 0.00000000099999999997 0.03428749606049158460 0.44178177504135446307 0.00000000099999999997 0.00390396816697516054 0.00000000099999999997 0.00000000099999999997 0.01460050906998510215 
0.00703134582705947087 0.54542829988718166678 0.00000000099999999997 0.00000000099999999997 0.00000000099999999997 0.44664166387762704868 0.00000000099999999997 0.00000000099999999997 0.00000000099999999997 0.00000000099999999997 0.00089868340813192404 
0.00000000099999999996 0.59548868693563428156 0.00000000099999999996 0.00000000099999999996 0.00845824329229270810 0.39605306177207322271 0.00000000099999999996 0.00000000099999999996 0.00000000099999999996 0.00000000099999999996 0.00000000099999999996 
0.00000000099999999997 0.81336103687838556819 0.06495964619874036727 0.00000000099999999997 0.02389648966554138929 0.00440443193499955900 0.00000000099999999997 0.00000000099999999997 0.00000000099999999997 0.09337838932233323563 0.00000000099999999997 
0.00001045527422191786 0.08351473979198832664 0.15307743176379262628 0.30202155986811335397 0.00000000099999999999 0.02979195378183462778 0.09690212135736271659 0.00000000099999999999 0.31504294348119132874 0.00000000099999999999 0.01963879168149505750 
0.00000000099999999998 0.16490161630263491799 0.05021647750966869161 0.27732573592355502790 0.00979393888922961038 0.00000000099999999998 0.13571035672782483239 0.00000000099999999998 0.35023359155234923268 0.00000000099999999998 0.01181827909473771344 
0.00000000099999999999 0.07386737437773333026 0.03511165540199738533 0.29271041555609000895 0.01885424690702622308 0.00000000099999999999 0.14239154942757639710 0.00082322266644364352 0.38118016708722268771 0.00000000099999999999 0.05506136557591042452 
0.00000000099999999999 0.04653108196915460570 0.09625404815475301079 0.27391428791986366376 0.03078389048406218395 0.00000000099999999999 0.14049617517106990916 0.00000012205281043184 0.32553865725581593304 0.00000000099999999999 0.08648173399247023607 
0.00000000099999999999 0.09598224371056360282 0.10583256236719833232 0.24766923342669724950 0.00000000099999999999 0.00000000099999999999 0.13182717996531431726 0.00484310678234837599 0.36930878293999619411 0.00000000099999999999 0.04453688680788189108 
0.01379298926667755880 0.05656148346024522655 0.14164280812165980228 0.28419445890402245114 0.01946403121151667193 0.00023008324528140468 0.14613752724403228367 0.01160748374761482772 0.32636913279894991247 0.00000000100000000000 0.00000000100000000000 
0.00598576824250642188 0.08447443821456326885 0.16244045426282460731 0.27179075359085802521 0.03509081407982396483 0.00000000099999999998 0.10773448078559440255 0.00000000099999999998 0.30369096660591782255 0.00000000099999999998 0.02879232121791166013 
0.01934548943554229364 0.09138043598061244832 0.14328998181836438697 0.26891448712201670990 0.00000000100000000000 0.00000319662847435947 0.15825372747889526748 0.00078590218861890901 0.25976812793434184146 0.00321172904169421750 0.05504692137143976649 
0.00747528597311936105 0.05854294969892223643 0.13335026681924941339 0.26234021079562225287 0.00000000100000000000 0.00000000100000000000 0.14631937692685670349 0.00719558855480046788 0.30459476197280554999 0.00000000100000000000 0.08018155625862388725 
0.03690454543835546691 0.07945928860996842591 0.10181381553874553625 0.29745751913305346070 0.00000000099999999999 0.00000000099999999999 0.11846479636471944630 0.00000000099999999999 0.36590002991515785391 0.00000000099999999999 0.00000000099999999999 
0.00000000099999999997 0.77584841241350122054 0.00000000099999999997 0.00000000099999999997 0.00000000099999999997 0.17293702611881664466 0.01480541473228839423 0.00000000099999999997 0.00000000099999999997 0.02949428637712828843 0.00691485435826566866 
0.00000000099999999997 0.85225540285303313937 0.00000000099999999997 0.00000000099999999997 0.01745548737784954896 0.01403890285979615335 0.03617567356753670360 0.00000000099999999997 0.00000000099999999997 0.04711951235226646134 0.03295501598951808275 
0.00000000099999999996 0.86565424552861813812 0.00000000099999999996 0.00000000099999999996 0.00000250038360822848 0.10889807831214172451 0.00000000099999999996 0.00000000099999999996 0.00000000099999999996 0.00000000099999999996 0.02544516877563202453 
0.00305675047455504674 0.87542942201165174776 0.00000000099999999996 0.00000000099999999996 0.00000000099999999996 0.07255638674987639758 0.00000000099999999996 0.00000000099999999996 0.00000000099999999996 0.00000000099999999996 0.04895743376391697987 
0.00000000099999999998 0.81259156436378165989 0.00000000099999999998 0.00000825399380389498 0.07213468685059072627 0.03391086781894368102 0.00373289256954274784 0.00000000099999999998 0.00000000099999999998 0.01995670577951658489 0.05766502462382097627 
0.00000000099999999998 0.79734846650368751408 0.00000000099999999998 0.00000000099999999998 0.00000000099999999998 0.13428268648234767402 0.02145182533453859550 0.00000000099999999998 0.00000000099999999998 0.00000000519650067051 0.04691701048292579168 
0.00000000099999999995 0.89129675024965715480 0.00000000099999999995 0.00000000099999999995 0.00000000099999999995 0.09785031858825685158 0.00000000099999999995 0.00000000099999999995 0.00000000099999999995 0.01085292316208618865 0.00000000099999999995 
0.00000000099999999998 0.80283496666177722734 0.00000000099999999998 0.00000859554331469773 0.01885233710337897231 0.14663237314935148592 0.02210991896367676610 0.00465069012050267801 0.00000000099999999998 0.00000000099999999998 0.00491111445799825939 
0.00000000099999999996 0.97855147319027835362 0.00000000099999999996 0.00000000099999999996 0.00517267578703227426 0.00000000099999999996 0.00000000099999999996 0.00000000099999999996 0.00000000099999999996 0.00000000099999999996 0.01627584302268954286 
0.00000000099999999996 0.84785084144302802489 0.00000000099999999996 0.01742575457397588581 0.00000000099999999996 0.10573406668390929186 0.00000000099999999996 0.00000000099999999996 0.00000000099999999996 0.00000000099999999996 0.02898933029908689132 
0.00581502631551339064 0.01917426451345001504 0.55321242676059578791 0.06419188893202899815 0.02136990826251354905 0.22486458783151694329 0.00867549350811155917 0.00218112167599936917 0.00000000099999999999 0.04351886714382848659 0.05699641405644191583 
0.00670593676045101554 0.00000000099999999998 0.63572377058756557311 0.03581616127452835058 0.00000000099999999998 0.32175412437745504191 0.00000000099999999998 0.00000000099999999998 0.00000000099999999998 0.00000000099999999998 0.00000000099999999998 
0.03506681497389060181 0.10045793843636964537 0.41577669792438748386 0.05320068382485514114 0.02677735174931236348 0.30589358877831790418 0.00203638512403215947 0.00000000099999999999 0.00000000099999999999 0.00775247532325936458 0.05303806186557558783 
0.00000000100000000000 0.02922209026195860329 0.59079309407494939865 0.02193414025154005742 0.00000000100000000000 0.21730883413484058941 0.00000000100000000000 0.01368765540470302626 0.00862168702942667925 0.08352582217495248262 0.03490667366762932600 
0.00000000099999999998 0.39138393981786628872 0.00457606279295226428 0.02936066107310641646 0.00000000099999999998 0.19572715930093254055 0.00000000099999999998 0.00000000099999999998 0.00000000099999999998 0.00981881846876517250 0.36913335354637732966 
0.00000000099999999998 0.46436495370618119383 0.00000000099999999998 0.00000000099999999998 0.00000000099999999998 0.18286194683385068038 0.00000000099999999998 0.00000000099999999998 0.00000000099999999998 0.02764421218036644187 0.32512888027960179516 
0.00000000099999999997 0.49174568738499985221 0.00000000099999999997 0.00000000099999999997 0.00000000099999999997 0.18601144262967572729 0.00000000099999999997 0.00000000099999999997 0.00000000099999999997 0.02975493794828840133 0.29248792503703596735 
0.00650034558674134934 0.44065188168860874862 0.00732060553359281663 0.00000000099999999998 0.02375041784480684884 0.16331460294003397049 0.00000000099999999998 0.00000000099999999998 0.00000000099999999998 0.05732388507682189410 0.30113825732939425439 
0.00000000099999999996 0.42543313443400415652 0.00000000099999999996 0.00005557638228576556 0.00237664068776082546 0.12763526828593199647 0.00000000099999999996 0.00000000099999999996 0.00000000099999999996 0.05417038119155724585 0.39032899401846010701 
0.00000000099999999999 0.48218409416767543663 0.01525469667344054800 0.00000000099999999999 0.00000000099999999999 0.18036322451170069825 0.00000000099999999999 0.00001951017619524797 0.00000000099999999999 0.04172470613101798842 0.28045376333997018570 
0.00000000099999999982 0.00000000099999999982 0.00000000099999999982 0.00000000099999999982 0.00000000099999999982 0.00000000099999999982 0.00000000099999999982 0.00000000099999999982 0.00000000099999999982 0.99999998999999994975 0.00000000099999999982 
0.04643085513131441078 0.48029072700175717836 0.00000000099999999999 0.00304288233342575598 0.01009640468928434294 0.39261282089827337360 0.00979334743450387818 0.00784170335418058612 0.00000000099999999999 0.00866537886586939664 0.04122587829139115478 
0.00000000099999999998 0.36912511505458672767 0.09665111578368520973 0.00000000099999999998 0.07034916234843231753 0.40175869158807958614 0.00000000099999999998 0.00004010822145816104 0.00000000099999999998 0.01881390175626946118 0.04326190124748852811 
0.02825689197932406901 0.42889463098585844936 0.02552857581324871269 0.00011874018327114096 0.05718574785484729223 0.37751230174116612304 0.00000000099999999998 0.00000000099999999998 0.00000000099999999998 0.03266086625703223945 0.04984224218525207944 
0.00000000099999999999 0.46351047703416586865 0.01034313424084920205 0.00000000099999999999 0.05747056293769258611 0.33935295652426977764 0.05487373575400197878 0.00881383060608929327 0.00000000099999999999 0.05271639051844757146 0.01291890938448386240 
0.00000000099999999998 0.23960112638256980677 0.10084950505526667219 0.00375100221069548084 0.04097696945337883645 0.44860369768133345758 0.00000000099999999998 0.00662295266789353007 0.00000000099999999998 0.02606853528808097953 0.13352620826078140381 
0.00968664047520098256 0.38833437849261037700 0.02292799190898475725 0.00000000514954041032 0.01891075028392105381 0.35878109561210247413 0.01481434459745995663 0.00734651695492342331 0.00000000100000000000 0.02066768486862610027 0.15853059065663049898 
0.00000000099999999998 0.35211725657791037580 0.03646421195971197987 0.00000000099999999998 0.04648094309079382758 0.39086080642787746076 0.00000000099999999998 0.02044479487476253202 0.00000000099999999998 0.01478546871860354425 0.13884651435034026101 
0.00940891329956448745 0.28048020451403415931 0.11454371126360353428 0.01900159647733096202 0.06257862198690611333 0.34620436250902042463 0.00000000099999999999 0.00000000099999999999 0.00000000099999999999 0.02531340164235471729 0.14246918530718555296 
0.00000000099999999999 0.41357061605466488574 0.12139326424284513362 0.00000000099999999999 0.05148877355975044895 0.31542968073842908572 0.00806136212873110117 0.00000000099999999999 0.00000000099999999999 0.01081849142316227558 0.07923780785241708868 
0.00000000099999999999 0.40336874052766452659 0.04822439139212515713 0.00000000099999999999 0.00831256105476252567 0.39801088161215963934 0.00000000099999999999 0.00673211899005206078 0.00000000099999999999 0.01394118550751963746 0.12141011691571644560 
0.01392150851068543922 0.34292588956317276994 0.07778535919020942990 0.00000000099999999999 0.08841667134587384569 0.35433232805141906541 0.01428177236275961041 0.01333768451910487783 0.00000000099999999999 0.00040355839188029247 0.09459522606489492724 
0.00000000099999999999 0.36410965890610064166 0.04310745710943136855 0.02796564033822244305 0.07494133149726742160 0.35432578525287966587 0.00000000099999999999 0.00392459464009396741 0.00000000099999999999 0.03022007415754737400 0.10140545509845722005 
0.00215125082540674204 0.43773026714993079622 0.00951582145770414958 0.04847354372127835737 0.05360724488968920953 0.31925247484255769859 0.00000000099999999999 0.00560747106792511447 0.00000000099999999999 0.03452158648990653195 0.08914033755560135663 
0.00000000099999999998 0.09328692686745036766 0.17049330569364232191 0.00704648882718448416 0.00000000880539258190 0.46941731012089643604 0.00000000099999999998 0.01102048239550331571 0.00000000099999999998 0.04238177378244708388 0.20635370050748341741 
0.01188641283365102740 0.49220383158205605056 0.08877244163028673307 0.00416945582476573994 0.03076951358696035366 0.25892817291221692511 0.00000000099999999999 0.00000000099999999999 0.00000000099999999999 0.02589228262342102571 0.08737788600664221639 
0.04562413691271707122 0.58938989936697216976 0.00000000099999999994 0.31868339013715685226 0.00000067517105014684 0.00000000099999999994 0.01637267472677127883 0.00000000099999999994 0.00000000099999999994 0.00000000099999999994 0.02992921868533273203 
0.00000000099999999976 0.00000000099999999976 0.00000000099999999976 0.99999999000000017180 0.00000000099999999976 0.00000000099999999976 0.00000000099999999976 0.00000000099999999976 0.00000000099999999976 0.00000000099999999976 0.00000000099999999976 
0.00000000099999999973 0.00000000099999999973 0.00000000099999999973 0.99999999000000017180 0.00000000099999999973 0.00000000099999999973 0.00000000099999999973 0.00000000099999999973 0.00000000099999999973 0.00000000099999999973 0.00000000099999999973 
0.00000000099999999985 0.00000000099999999985 0.00000000099999999985 0.99999999000000017180 0.00000000099999999985 0.00000000099999999985 0.00000000099999999985 0.00000000099999999985 0.00000000099999999985 0.00000000099999999985 0.00000000099999999985 
0.00000000099999999975 0.00000000099999999975 0.00000000099999999975 0.99999999000000006077 0.00000000099999999975 0.00000000099999999975 0.00000000099999999975 0.00000000099999999975 0.00000000099999999975 0.00000000099999999975 0.00000000099999999975 
0.00000000099999999974 0.00000000099999999974 0.00000000099999999974 0.99999999000000017180 0.00000000099999999974 0.00000000099999999974 0.00000000099999999974 0.00000000099999999974 0.00000000099999999974 0.00000000099999999974 0.00000000099999999974 
0.00000000099999999987 0.00000000099999999987 0.00000000099999999987 0.99999999000000017180 0.00000000099999999987 0.00000000099999999987 0.00000000099999999987 0.00000000099999999987 0.00000000099999999987 0.00000000099999999987 0.00000000099999999987 
0.00000000099999999975 0.00000000099999999975 0.00000000099999999975 0.99999999000000017180 0.00000000099999999975 0.00000000099999999975 0.00000000099999999975 0.00000000099999999975 0.00000000099999999975 0.00000000099999999975 0.00000000099999999975 
0.01312542218924154548 0.18285908180283896862 0.00000000099999999992 0.80401548800791955429 0.00000000099999999992 0.00000000099999999992 0.00000000099999999992 0.00000000099999999992 0.00000000099999999992 0.00000000099999999992 0.00000000099999999992 
0.00000000099999999982 0.00000000099999999982 0.00000000099999999982 0.99999999000000017180 0.00000000099999999982 0.00000000099999999982 0.00000000099999999982 0.00000000099999999982 0.00000000099999999982 0.00000000099999999982 0.00000000099999999982 
0.00000000099999999998 0.66371184064252497503 0.00000000099999999998 0.00000000099999999998 0.03565686543173764850 0.22664724180530185227 0.01816128056977607888 0.01507198467938509340 0.00000000099999999998 0.00000000099999999998 0.04075078187127443435 
0.00000000099999999995 0.67684863019482732760 0.00000000099999999995 0.00000000099999999995 0.03864274082729755172 0.22216721124640567697 0.00000000099999999995 0.00340648407583792273 0.00000000099999999995 0.00000000099999999995 0.05893492765563182467 
0.00000000099999999999 0.82049610269729789103 0.02521336900994313249 0.07925316142156728361 0.00000000099999999999 0.00000000099999999999 0.00000000099999999999 0.00001901120197767780 0.00000000099999999999 0.00000000099999999999 0.07501834966921418213 
0.00000000099999999995 0.84057553341836177552 0.00000000099999999995 0.13924645169883204110 0.00000000099999999995 0.00000000099999999995 0.00000000099999999995 0.00000000099999999995 0.00000000099999999995 0.00000000099999999995 0.02017800688280641311 
0.00000000099999999998 0.80841142451860736884 0.00000000099999999998 0.11236116415178148964 0.02394242273476401839 0.00000000099999999998 0.03857387937035215708 0.00000000099999999998 0.00000000099999999998 0.00000000099999999998 0.01671110322449517044 
0.00000000099999999994 0.82244389236763604245 0.00000000099999999994 0.10913532582797114134 0.00000000099999999994 0.00000000099999999994 0.03370684903184713310 0.00000000099999999994 0.00000000099999999994 0.00000000099999999994 0.03471392577254590189 
0.00000000099999999993 0.94245361940927263600 0.00000000099999999993 0.01728620569978165517 0.00000000099999999993 0.00000000099999999993 0.02481496004599972188 0.00000000099999999993 0.00000000099999999993 0.00000000099999999993 0.01544520784494627513 
0.00000000099999999994 0.83388717220264707564 0.00000000099999999994 0.09362970077634938382 0.00000000099999999994 0.00000000099999999994 0.03045249369057582284 0.00000000099999999994 0.00000000099999999994 0.00000000099999999994 0.04203062633042804058 
0.00000000099999999997 0.93750156483942226338 0.00000000099999999997 0.01432834898532540403 0.00000000099999999997 0.00000000099999999997 0.00289729391857001476 0.00042875210298331509 0.00000000099999999997 0.00000000099999999997 0.04484403415369912077 
0.00000000099999999995 0.91022078121822980190 0.00000000099999999995 0.04805750449048806772 0.00000000099999999995 0.00000000099999999995 0.00000000099999999995 0.00000000099999999995 0.00000000099999999995 0.00000000099999999995 0.04172170629128233582 
0.00000000099999999992 0.87501527119160515955 0.00000000099999999992 0.09316632866148689962 0.00000000099999999992 0.00000000099999999992 0.03181839214690819484 0.00000000099999999992 0.00000000099999999992 0.00000000099999999992 0.00000000099999999992 
0.00000000099999999993 0.90688744474639404469 0.00000000099999999993 0.09311254625360601556 0.00000000099999999993 0.00000000099999999993 0.00000000099999999993 0.00000000099999999993 0.00000000099999999993 0.00000000099999999993 0.00000000099999999993 
0.00000000099999999994 0.92228684385073311791 0.00000000099999999994 0.03270875764009265746 0.00000000099999999994 0.00000000099999999994 0.04500439050917450640 0.00000000099999999994 0.00000000099999999994 0.00000000099999999994 0.00000000099999999994 
0.00000000099999999995 0.88619865324417268493 0.00000000099999999995 0.04172493754728232029 0.01269735024276462225 0.00000000099999999995 0.02902077105791476055 0.00000000099999999995 0.00000000099999999995 0.00000000099999999995 0.03035828190786571748 
0.00000000099999999994 0.91772379498657385977 0.00000000099999999994 0.08190308612795270393 0.00000000099999999994 0.00000000099999999994 0.00037311088547373493 0.00000000099999999994 0.00000000099999999994 0.00000000099999999994 0.00000000099999999994 
0.00000000099999999996 0.84217235911111876234 0.00000000099999999996 0.08833653505570279729 0.01922901746982397589 0.00000000099999999996 0.03545376563437356576 0.00000000099999999996 0.00000000099999999996 0.00000000099999999996 0.01480831672898110137 
0.00225544013919296103 0.88842476865472419512 0.00000000099999999995 0.05790965721966965379 0.00000000099999999995 0.00000000099999999995 0.01388446175462337666 0.00000000099999999995 0.00000000099999999995 0.00000000099999999995 0.03752566623178999611 
0.00000000099999999993 0.96023945524441478572 0.00000000099999999993 0.03976053575558548270 0.00000000099999999993 0.00000000099999999993 0.00000000099999999993 0.00000000099999999993 0.00000000099999999993 0.00000000099999999993 0.00000000099999999993 
0.00000000099999999996 0.92377555942419575796 0.00000000099999999996 0.07125527595529171365 0.00496915662051264449 0.00000000099999999996 0.00000000099999999996 0.00000000099999999996 0.00000000099999999996 0.00000000099999999996 0.00000000099999999996 
0.00000000099999999992 0.96493288020779488523 0.00000000099999999992 0.03506711079220541094 0.00000000099999999992 0.00000000099999999992 0.00000000099999999992 0.00000000099999999992 0.00000000099999999992 0.00000000099999999992 0.00000000099999999992 
0.00000000099999999994 0.84238544579743968033 0.00000000099999999994 0.14530354013335927688 0.00000000099999999994 0.00000000099999999994 0.01231100606920120834 0.00000000099999999994 0.00000000099999999994 0.00000000099999999994 0.00000000099999999994 
0.00000000099999999992 0.97344522525396293133 0.00000000099999999992 0.02655476574603728851 0.00000000099999999992 0.00000000099999999992 0.00000000099999999992 0.00000000099999999992 0.00000000099999999992 0.00000000099999999992 0.00000000099999999992 
0.00000000099999999995 0.96091375711159943140 0.00000000099999999995 0.03908623388840067742 0.00000000099999999995 0.00000000099999999995 0.00000000099999999995 0.00000000099999999995 0.00000000099999999995 0.00000000099999999995 0.00000000099999999995 
0.00000000099999999997 0.89534033255704092991 0.00000000099999999997 0.05794170847584612094 0.00000000099999999997 0.00000000099999999997 0.04671795096711297418 0.00000000099999999997 0.00000000099999999997 0.00000000099999999997 0.00000000099999999997 
0.00000000099999999985 0.00000000099999999985 0.00000000099999999985 0.00000000099999999985 0.00000000099999999985 0.00000000099999999985 0.00000000099999999985 0.00000000099999999985 0.00000000099999999985 0.99999998999999994975 0.00000000099999999985 
0.00000000099999999985 0.00000000099999999985 0.00000000099999999985 0.00000000099999999985 0.00000000099999999985 0.00000000099999999985 0.00000000099999999985 0.00000000099999999985 0.00000000099999999985 0.99999998999999994975 0.00000000099999999985 
0.00000000099999999993 0.00000000099999999993 0.36966080911095317019 0.63033918188904680679 0.00000000099999999993 0.00000000099999999993 0.00000000099999999993 0.00000000099999999993 0.00000000099999999993 0.00000000099999999993 0.00000000099999999993 
0.00000000099999999994 0.00000000099999999994 0.27079979997086955912 0.72920019102913058440 0.00000000099999999994 0.00000000099999999994 0.00000000099999999994 0.00000000099999999994 0.00000000099999999994 0.00000000099999999994 0.00000000099999999994 
0.00000000099999999993 0.00000000099999999993 0.32331780989831782058 0.67668218110168232293 0.00000000099999999993 0.00000000099999999993 0.00000000099999999993 0.00000000099999999993 0.00000000099999999993 0.00000000099999999993 0.00000000099999999993 
0.00000000099999999997 0.29530922300444550910 0.00000000099999999997 0.70469076799555452340 0.00000000099999999997 0.00000000099999999997 0.00000000099999999997 0.00000000099999999997 0.00000000099999999997 0.00000000099999999997 0.00000000099999999997 
0.00000000099999999994 0.00000000099999999994 0.24234502563112431117 0.75765496536887577683 0.00000000099999999994 0.00000000099999999994 0.00000000099999999994 0.00000000099999999994 0.00000000099999999994 0.00000000099999999994 0.00000000099999999994 
0.00000000099999999994 0.00000000099999999994 0.27074443311159329673 0.72925555788840679128 0.00000000099999999994 0.00000000099999999994 0.00000000099999999994 0.00000000099999999994 0.00000000099999999994 0.00000000099999999994 0.00000000099999999994 
0.00000000099999999996 0.00000000099999999996 0.27956641321809261314 0.72043357778190741936 0.00000000099999999996 0.00000000099999999996 0.00000000099999999996 0.00000000099999999996 0.00000000099999999996 0.00000000099999999996 0.00000000099999999996 
0.00327742769085302916 0.00000000099999999998 0.45374701576024079053 0.52892544957735199151 0.00000000099999999998 0.00000000099999999998 0.00000000099999999998 0.00000000099999999998 0.00000000099999999998 0.01405009997155427619 0.00000000099999999998 
0.00000000099999999994 0.00000000099999999994 0.30034129589126429272 0.69965869510873579529 0.00000000099999999994 0.00000000099999999994 0.00000000099999999994 0.00000000099999999994 0.00000000099999999994 0.00000000099999999994 0.00000000099999999994 
0.00000000099999999992 0.00000000099999999992 0.23076567638951972494 0.76923431461048041857 0.00000000099999999992 0.00000000099999999992 0.00000000099999999992 0.00000000099999999992 0.00000000099999999992 0.00000000099999999992 0.00000000099999999992 
0.00000000099999999995 0.00000000099999999995 0.35030752880558296836 0.64969246219441723067 0.00000000099999999995 0.00000000099999999995 0.00000000099999999995 0.00000000099999999995 0.00000000099999999995 0.00000000099999999995 0.00000000099999999995 
0.00000000099999999994 0.00000000099999999994 0.32758592380355888718 0.67241406719644125634 0.00000000099999999994 0.00000000099999999994 0.00000000099999999994 0.00000000099999999994 0.00000000099999999994 0.00000000099999999994 0.00000000099999999994 
0.02266023388634852767 0.08683566925466996989 0.59664286883262851457 0.13169869535008937866 0.00222984868706650437 0.10106605346333358275 0.00001060077383010130 0.00294869498951709280 0.02490195796098616451 0.01810173939292310241 0.01290363740860705870 
0.00000437606177847463 0.39298358204234423718 0.00000000099999999997 0.02607052239832356039 0.04127078866110441696 0.41751696966174922654 0.02757386154089105229 0.00000000099999999997 0.00000000099999999997 0.00000000099999999997 0.09457989563380904408 
0.00000000099999999998 0.29099524413085353647 0.00000000099999999998 0.00000088276761652928 0.07651217212021695080 0.43561115232518782259 0.03793008048016058287 0.00000000099999999998 0.00000000099999999998 0.00922494500429653190 0.14972551917166801450 
0.00000000099999999998 0.31469825744240137455 0.00606036756192370862 0.03092261941739213316 0.07989225249312867372 0.45803494439362540946 0.00000000099999999998 0.00000000099999999998 0.00000000099999999998 0.00000000099999999998 0.11039155369152875430 
0.00000000099999999997 0.24038218989482321164 0.00000000099999999997 0.00104480807257681060 0.07573761120694354199 0.50301902943554166470 0.03623326949742172037 0.00197654715657958474 0.00000000099999999997 0.00000000099999999997 0.14160654073611345094 
0.00000000099999999998 0.25396342135325183920 0.00000000099999999998 0.00639412844239802772 0.10000769425495358023 0.50570749391781055770 0.03341041359254390969 0.00000000099999999998 0.00000000099999999998 0.00000000099999999998 0.10051684343904215835 
0.00000000099999999998 0.27957502792150235038 0.00000000099999999998 0.00000000099999999998 0.07125188935062889972 0.52270358998215094015 0.00000000099999999998 0.00000000099999999998 0.00000000099999999998 0.00000000099999999998 0.12646948574571792445 
0.00836658756658153688 0.30720710070774648326 0.00000000099999999997 0.01352168186005158965 0.04115858322763098903 0.54029327909064450708 0.00000000099999999997 0.00000000099999999997 0.00000000099999999997 0.00000000099999999997 0.08945276254734507715 
0.00000000099999999997 0.19902066706939885998 0.00000000099999999997 0.03915119693774331278 0.09984986426870635923 0.55280779874747387748 0.00000000099999999997 0.00000000099999999997 0.00000000099999999997 0.00000000099999999997 0.10917046697667773247 
0.00000000099999999996 0.20669521188343506490 0.00000000099999999996 0.02999750957375298469 0.08353815768592282032 0.56372539667597443280 0.00000000099999999996 0.00000000099999999996 0.00000000099999999996 0.00000000099999999996 0.11604371818091493984 
0.00000000099999999998 0.28995865181648572406 0.00000000099999999998 0.02510869512127280809 0.04881377934106378991 0.51334920635643044307 0.00000000099999999998 0.00000000099999999998 0.00000000099999999998 0.00000395307272084324 0.12276570929202641758 
0.00013981465552953621 0.27614433670127991327 0.00000000099999999998 0.00378353038816880071 0.03750703036687482589 0.49323859411986709089 0.06377047470042264410 0.00000000099999999998 0.00000000099999999998 0.00000000099999999998 0.12541621506785713414 
0.00000000099999999999 0.23191585000044689924 0.01828772682831997232 0.01357418435823270521 0.05976965509446158925 0.43540246958640721475 0.01712617779003260121 0.00000000099999999999 0.00000000099999999999 0.02203882597601294555 0.20188510736608605844 
0.02199386199304738040 0.24006413590058076069 0.00000000099999999998 0.02592286123003011492 0.06238323795026891327 0.56259237283406482444 0.00000000099999999998 0.00029331875151425614 0.00000000099999999998 0.00000000099999999998 0.08675020734049397608 
0.00000000099999999997 0.25921367799514705155 0.00000000099999999997 0.03414526512105411221 0.05756337494531175991 0.50887550137452097765 0.00000000099999999997 0.00000000099999999997 0.00000000099999999997 0.00000000099999999997 0.14020217456396627531 
0.01079756728741198754 0.22149469103114646784 0.00049719972065767897 0.00882425087843301953 0.05111708093564994171 0.57638932052556235419 0.00000000099999999997 0.00000000099999999997 0.00000000099999999997 0.00000000099999999997 0.13087988562113866964 
