0.73511346958603585033 0.00000000100000000000 0.13078963128335985289 0.13409689813060426955 
0.71010763338569560243 0.00000000100000000000 0.13505676372782338124 0.15483560188648104461 
0.72403712347681514760 0.00000000100000000000 0.11867035518040261466 0.15729252034278232153 
0.72520321398420151127 0.00000000100000000000 0.14251141247700127579 0.13228537253879738000 
0.70819308994090413023 0.00000000100000000000 0.13178175806194925013 0.16002515099714659241 
0.68038612489127292537 0.00000000100000000000 0.12896612040896843210 0.19064775369975867081 
0.70701484872231779022 0.00000000100000000000 0.15981290132342640398 0.13317224895425583409 
0.66062623298715217324 0.00000000100000000000 0.19178763290253642015 0.14758613311031151816 
0.70921510352511063502 0.01992721625857399662 0.13361269357836047522 0.13724498663795503539 
0.62354001608173681426 0.00000000100000000000 0.17243423618901854155 0.20402574672924470023 
0.70642247486624942798 0.00000000100000000000 0.13214680815008572612 0.16143071598366495745 
0.65430758808734845733 0.00000000100000000000 0.16410701199818877871 0.18158539891446276449 
0.72215412241656906644 0.00000000100000000000 0.12667460209668363058 0.15117127448674749779 
0.30526961901904764440 0.64075463463523163465 0.00255595838811283624 0.05141978795760770993 
0.32012257602013249880 0.60987530246903376430 0.00000000099999999999 0.07000212051083377907 
0.27979716010686050964 0.69637106205576226881 0.00000000099999999999 0.02383177683737728453 
0.26119856445969291681 0.70279693993859426726 0.00000000099999999999 0.03600449460171270544 
0.31112632487574160001 0.63920210733532178971 0.00000000099999999999 0.04967156678893677041 
0.32192300817965402437 0.61701421506509479542 0.00308441945179476103 0.05797835730345636540 
0.31113815289945218057 0.68886184510054782049 0.00000000099999999999 0.00000000099999999999 
0.34343087027743007811 0.62339239471019125549 0.00000000099999999999 0.03317673401237854203 
0.28886171295903673162 0.67322529766877015067 0.00000000099999999999 0.03791298837219320150 
0.26439683603292318814 0.66650573030617532577 0.00000000099999999999 0.06909743266090159763 
0.28208135878601664492 0.66374982519918679369 0.00000000099999999999 0.05416881501479657579 
0.28300962860201900329 0.69009076277618741635 0.00000000100000000000 0.02689960762179370232 
0.28896541870049430312 0.63767156967894533803 0.00000000099999999999 0.07336301062056045652 
0.29415297058970357735 0.61377057920874666941 0.00000000099999999999 0.09207644920154987866 
0.24652596189031419915 0.70943086617796502491 0.00000000100000000000 0.04404317093172085973 
0.31342492791716669576 0.66214827527855324441 0.00000000099999999999 0.02442679580428007424 
0.23387042278069500312 0.76612957521930502569 0.00000000099999999999 0.00000000099999999999 
0.26216895665843936714 0.73783104134156063392 0.00000000099999999998 0.00000000099999999998 
0.27547468455706963786 0.72452531344293047422 0.00000000099999999999 0.00000000099999999999 
0.20995450175582150432 0.78936365134433938984 0.00000000099999999999 0.00068184589983915635 
0.22091041879209771803 0.76597177721381948245 0.00000000099999999998 0.01311780299408296484 
0.25407920376236597937 0.74592079423763402168 0.00000000099999999999 0.00000000099999999999 
0.26270850073067891772 0.73729149726932108333 0.00000000099999999998 0.00000000099999999998 
0.26362469123720522202 0.73637530676279483455 0.00000000099999999999 0.00000000099999999999 
0.15911249522723577843 0.84088750277276425038 0.00000000099999999999 0.00000000099999999999 
0.25058495340545916541 0.74941504459454078013 0.00000000099999999999 0.00000000099999999999 
0.00000000099999999996 0.99999999700000008485 0.00000000099999999996 0.00000000099999999996 
0.23343588440380902416 0.76583554544664811381 0.00000000099999999999 0.00072856914954294572 
0.22996611391932492152 0.77003388408067519055 0.00000000099999999998 0.00000000099999999998 
0.26204776151710451604 0.73795223648289542950 0.00000000099999999999 0.00000000099999999999 
0.23878279141565197929 0.76121720658434810503 0.00000000099999999999 0.00000000099999999999 
0.24797018902692238851 0.75202980897307769581 0.00000000099999999999 0.00000000099999999999 
0.19443677842439197057 0.80556321957560805824 0.00000000099999999999 0.00000000099999999999 
0.14408329675096034905 0.82667771689941560442 0.00000000100000000000 0.02923898534962414419 
0.09788004882173415022 0.11814797133890364567 0.34295798164029200894 0.44101399819907016742 
0.00000000100000000000 0.16184781807490622452 0.36485965265624747955 0.47329252826884621319 
0.00000000100000000000 0.11230323992077613504 0.39093671125159928925 0.49676004782762445133 
0.01542986618967140400 0.17421624855303183277 0.35911139995527729951 0.45124248530201943597 
0.02660558231003783136 0.14005330475043359373 0.39910706130480699816 0.43423405163472156287 
0.09793743233033448681 0.06330733728760284951 0.34773766294484603767 0.49101756743721658438 
0.04269979386447307623 0.16814794044055905720 0.35623990814396166993 0.43291235755100615501 
0.09779303745300679807 0.12122474323171682220 0.27838035734257943199 0.50260186197269696162 
0.08192357692584700812 0.12275642650800727695 0.32835383609652152304 0.46696616046962408086 
0.02831333551909041499 0.09519136996098495618 0.39295791142833780274 0.48353738309158678099 
0.10093749202893713413 0.88030670556835599605 0.00000000099999999998 0.01875580140270702648 
0.03601958184374474958 0.90760104901597860039 0.00000000099999999999 0.05637936814027675464 
0.02111803844906889535 0.97888195955093104672 0.00000000099999999999 0.00000000099999999999 
0.00000000099999999999 0.98616316002440507216 0.00000000099999999999 0.01383683797559497400 
0.02976931857033925100 0.92017554446091132103 0.00000000099999999999 0.05005513596874947013 
0.03275685848618906104 0.93255183556175080817 0.00000000099999999999 0.03469130495206015213 
0.05701623103040343032 0.93973658635048018528 0.00000000099999999999 0.00324718161911638969 
0.08059780619355640108 0.88764490527315331736 0.00000000099999999999 0.03175728753329031678 
0.00000000099999999997 0.99987736569424090494 0.00000000099999999997 0.00012263230575903768 
0.01121356988108824886 0.96263476631518296589 0.00000000099999999999 0.02615166280372869731 
0.67699104577497326574 0.15940967042716733260 0.00000000100000000000 0.16359928279785948546 
0.76847365602690809183 0.09259775371657816279 0.01850502408388002284 0.12042356617263369478 
0.56371500307044841716 0.27267669257143783978 0.00848154888888466053 0.15512675546922916059 
0.74421444583743556755 0.11617958331136994665 0.05376061725468737895 0.08584535359650717623 
0.10242669071071229536 0.88189203517012704214 0.00000000099999999999 0.01568127311916062139 
0.11491621609048148500 0.88508378190951852993 0.00000000099999999999 0.00000000099999999999 
0.12136532865716578855 0.87863466934283429577 0.00000000099999999999 0.00000000099999999999 
0.16534043884049404172 0.83465955915950595934 0.00000000099999999999 0.00000000099999999999 
0.11715615825001511607 0.88284383974998481559 0.00000000099999999999 0.00000000099999999999 
0.15848290160931438608 0.84151622116146285180 0.00000000099999999999 0.00000087622922290789 
0.99999999699999997382 0.00000000099999999997 0.00000000099999999997 0.00000000099999999997 
0.26601086712503324572 0.68769274880015862639 0.00000000100000000000 0.04629638307480807985 
0.35811258488820002510 0.64188741311180008697 0.00000000099999999999 0.00000000099999999999 
0.29633398812105771203 0.70366600987894223351 0.00000000100000000000 0.00000000100000000000 
0.28725901199273223829 0.66186957550175096188 0.00000000100000000000 0.05087141150551681423 
0.41760558492635130312 0.58239441307364880895 0.00000000099999999999 0.00000000099999999999 
0.23805087757716469898 0.72003723521746221259 0.00968275473119853576 0.03222913247417458216 
0.30361306592493014778 0.69638693207506985328 0.00000000099999999999 0.00000000099999999999 
0.33478875388769935295 0.65157935160052005141 0.00000000100000000000 0.01363189351178053718 
0.29839073182991254773 0.68369699752874069087 0.00000000100000000000 0.01791226964134665089 
0.29990747848232257589 0.70008971612801118578 0.00000000100000000000 0.00000280438966615499 
0.30228583790341329030 0.68654019429853507805 0.00000000100000000000 0.01117396679805168595 
0.29396765210091868603 0.67872696468777982126 0.00000000099999999999 0.02730538221130170487 
0.24550054645394944752 0.70171257432725897552 0.00000000099999999999 0.05278687821879161218 
0.48588416645451826259 0.50389297310881886460 0.00000000100000000000 0.01022285943666289935 
0.25609893408027423201 0.73869305582702615709 0.00000000100000000000 0.00520800909269975194 
0.00000000099999999997 0.59430610535590688848 0.00000000099999999997 0.40569389264409322360 
0.00000000099999999994 0.00000000099999999994 0.00000000099999999994 0.99999999700000008485 
0.00000000099999999993 0.00000000099999999993 0.00000000099999999993 0.99999999700000008485 
0.00000000099999999995 0.00000000099999999995 0.00000000099999999995 0.99999999699999997382 
0.00000000099999999993 0.00000000099999999993 0.00000000099999999993 0.99999999699999997382 
0.00000000099999999993 0.00000000099999999993 0.00000000099999999993 0.99999999699999997382 
0.00000000099999999996 0.00000000099999999996 0.00000000099999999996 0.99999999700000008485 
0.00000000099999999993 0.00000000099999999993 0.00000000099999999993 0.99999999699999997382 
0.00000000099999999997 0.11727354094783003224 0.00000000099999999997 0.88272645705217001044 
0.00000000099999999995 0.00000000099999999995 0.00000000099999999995 0.99999999700000008485 
0.13829765176203223653 0.83166594302341900757 0.00000000099999999999 0.03003640421454878418 
0.09326371710833465667 0.90673628089166535826 0.00000000099999999998 0.00000000099999999998 
0.00000000100000000000 0.83726022047803139170 0.00000000100000000000 0.16273977752196872038 
0.00000000099999999999 0.78292082922547800994 0.00000000099999999999 0.21707916877452196336 
0.00000000099999999999 0.78841746823848535275 0.00000000099999999999 0.21158252976151456504 
0.00000000099999999999 0.77518742488557268455 0.00000000099999999999 0.22481257311442728875 
0.00000000099999999997 0.89062217891732209374 0.00000000099999999997 0.10937781908267796283 
0.00000000099999999999 0.80561959390592885466 0.00441710924746770758 0.18996329584660356926 
0.00000000099999999999 0.88595755589052516132 0.00000000099999999999 0.11404244210947483973 
0.00000000099999999998 0.85438257899317981980 0.00000000099999999998 0.14561741900682029227 
0.00000000099999999997 0.79401770486234601876 0.00000000099999999997 0.20598229313765403781 
0.00000000099999999997 0.81751537813107177932 0.00000000099999999997 0.18248461986892827724 
0.00000000099999999998 0.85259557882334280343 0.00000000099999999998 0.14740441917665725313 
0.00000000099999999998 0.87983105064881961255 0.00000000099999999998 0.12016894735118054116 
0.00000000099999999999 0.82316652370073362111 0.00000000099999999999 0.17683347429926643546 
0.00000000099999999998 0.81735582824136276958 0.00000000099999999998 0.18264416975863720372 
0.00000000099999999998 0.84110296217162927590 0.00000000099999999998 0.15889703582837083617 
0.00000000099999999999 0.84200677784646160706 0.00000000099999999999 0.15799322015353833848 
0.00000000099999999999 0.85530354912794870348 0.00535601304880252427 0.13934043682324867564 
0.00000000099999999998 0.83532005980849222126 0.00000000099999999998 0.16467993819150791857 
0.00000000099999999998 0.77782140261385390723 0.00000000099999999998 0.22217859538614612158 
0.00000000099999999999 0.83715247248228885635 0.00000000099999999999 0.16284752551771117246 
0.00000000099999999999 0.88334515420470294256 0.00000000099999999999 0.11665484379529712788 
0.00000000099999999999 0.86778738513671771493 0.00000000099999999999 0.13221261286328223061 
0.99999999700000008485 0.00000000099999999997 0.00000000099999999997 0.00000000099999999997 
0.99999999699999997382 0.00000000099999999997 0.00000000099999999997 0.00000000099999999997 
0.27760539976225001579 0.00000000100000000000 0.01304443161548586756 0.70935016762226399401 
0.22697377854183767298 0.00000000099999999999 0.00000000099999999999 0.77302621945816241134 
0.26238914668484436543 0.00000000100000000000 0.03959701295885917349 0.69801383935629635058 
0.00000000099999999999 0.24405812703458668045 0.00000000099999999999 0.75594187096541332060 
0.19569950621235784882 0.00000000100000000000 0.02034288160920936020 0.78395761117843265620 
0.22136922634982325597 0.00000000100000000000 0.00000000100000000000 0.77863077165017668957 
0.21920567936573043255 0.00000000100000000000 0.01960582162266596290 0.76118849801160359814 
0.37900794907292373326 0.00000000100000000000 0.03132239340025272378 0.58966965652682357124 
0.23135176292545664434 0.00000000099999999999 0.00000000099999999999 0.76864823507454338447 
0.19731083080320352408 0.00000000100000000000 0.00000006388517174357 0.80268910431162476815 
0.27729444611059594905 0.00000000100000000000 0.00407970634066944469 0.71862584654873462586 
0.26133724610392045085 0.00000000100000000000 0.03336520168821080490 0.70529755120786885580 
0.55533813255181463386 0.12290641436479474158 0.07369411311761250860 0.24806133996577811596 
0.23307691468107888388 0.70465833815525202866 0.00000000099999999999 0.06226474616366904635 
0.26338208859016182251 0.70877771423355928615 0.00000000099999999999 0.02784019617627895432 
0.28987792873007778294 0.67862100762133437115 0.00000000099999999999 0.03150106264858777705 
0.28978349325384050728 0.67544172690755521771 0.00000000099999999999 0.03477477883860429636 
0.30446726394019096862 0.67712240087199615513 0.00000000099999999999 0.01841033418781302250 
0.32131334769610447877 0.67868665030389563331 0.00000000099999999999 0.00000000099999999999 
0.31127463789274362194 0.67795461836837977998 0.00000000100000000000 0.01077074273887657953 
0.33372704954393850318 0.65050593141789037066 0.00000000099999999999 0.01576701803817126199 
0.33469815472961161884 0.64658126713297048305 0.00000000100000000000 0.01872057713741807905 
0.31846252375319195060 0.66840080470023877091 0.00000000099999999999 0.01313667054656933626 
0.29480771966765861869 0.63428889114312525521 0.00000000099999999999 0.07090338818921611275 
0.30100282304837677749 0.68173367803062723258 0.00000000099999999999 0.01726349792099600433 
0.33875809963047043283 0.62871519402526665488 0.00000000099999999999 0.03252670534426299609 
0.29084329236288747333 0.69010637242122208068 0.00000000099999999999 0.01905033421589054018 
0.34498156404782082118 0.65501843395217917987 0.00000000099999999999 0.00000000099999999999 
0.30457107766673668925 0.69542845925912422089 0.00000000100000000000 0.00000046207413911821 
0.32512093463769803359 0.65578373519964294758 0.00000000099999999999 0.01909532916265914426 
0.36577106771786360717 0.58902062391297982380 0.00000000099999999999 0.04520830736915659731 
0.36118066214060118302 0.63881933585939887354 0.00000000099999999999 0.00000000099999999999 
0.33580736379565007121 0.65879800317819192657 0.00000000099999999999 0.00539463202615802530 
0.99017514973387177335 0.00982484826612836822 0.00000000099999999998 0.00000000099999999998 
0.02394362551970105266 0.90712734481904799821 0.00000000099999999999 0.06892902866125104333 
0.06093688639753749164 0.89012179279027958678 0.00000000100000000000 0.04894131981218288047 
0.02781625458904720891 0.94352526750509391196 0.00000000099999999999 0.02865847690585890742 
0.04486744713844249832 0.93778383670905551828 0.00000000099999999999 0.01734871515250195964 
0.00000000099999999997 0.99999999700000008485 0.00000000099999999997 0.00000000099999999997 
0.00000000099999999999 0.96723150270473245982 0.00000000099999999999 0.03276849529526762450 
0.00000000099999999995 0.99999999700000008485 0.00000000099999999995 0.00000000099999999995 
0.00189211700357624652 0.99810788099642377968 0.00000000099999999998 0.00000000099999999998 
0.00398438981085370066 0.96858334841334181586 0.00000000099999999999 0.02743226077580452477 
0.07791535514503201976 0.90801430619950618262 0.00000000099999999998 0.01407033765546193346 
0.00000000099999999997 0.99999999699999997382 0.00000000099999999997 0.00000000099999999997 
0.05118924966029698986 0.94881074453531000223 0.00000000099999999998 0.00000000480439320254 
0.00000009032234975427 0.99999990767765023492 0.00000000099999999999 0.00000000099999999999 
0.00000000099999999998 0.97863697020197804033 0.00000000099999999998 0.02136302779802199889 
0.00000000099999999995 0.99999999699999997382 0.00000000099999999995 0.00000000099999999995 
0.00000000099999999998 0.99494030989598558623 0.00000000099999999998 0.00505968810401451544 
0.00000000099999999998 0.99999999700000008485 0.00000000099999999998 0.00000000099999999998 
0.00000000099999999998 0.97430427993526913522 0.00000000099999999998 0.02569571806473086584 
0.00000000099999999998 0.99999999699999997382 0.00000000099999999998 0.00000000099999999998 
0.01657836308669184341 0.94600183562388506786 0.00000000099999999999 0.03741980028942309272 
0.09727746334013565033 0.86699314821066153502 0.00000000099999999999 0.03572938744920278742 
0.00000000099999999999 0.99482779436512613902 0.00000000099999999999 0.00517220363487380739 
0.00000000099999999998 0.99993944696088377100 0.00000000099999999998 0.00006055103911636742 
0.00000000099999999998 0.99741892364207973554 0.00000000099999999998 0.00258107435792039779 
0.00000000099999999999 0.99509860753113199561 0.00000000099999999999 0.00490139046886802366 
0.00000000099999999997 0.99999999700000008485 0.00000000099999999997 0.00000000099999999997 
0.00000000099999999996 0.99999999699999997382 0.00000000099999999996 0.00000000099999999996 
0.00000000099999999998 0.99999999700000008485 0.00000000099999999998 0.00000000099999999998 
0.00000000099999999997 0.99999999699999997382 0.00000000099999999997 0.00000000099999999997 
0.00000000099999999998 0.99999999699999997382 0.00000000099999999998 0.00000000099999999998 
0.00000000099999999999 0.99999999699999997382 0.00000000099999999999 0.00000000099999999999 
0.00000000099999999998 0.99999999700000008485 0.00000000099999999998 0.00000000099999999998 
0.00000000099999999997 0.99999999699999997382 0.00000000099999999997 0.00000000099999999997 
0.00000000099999999998 0.99999999699999997382 0.00000000099999999998 0.00000000099999999998 
0.00000000099999999999 0.99999999699999997382 0.00000000099999999999 0.00000000099999999999 
0.01146620709955864341 0.98853379090044124489 0.00000000099999999999 0.00000000099999999999 
0.00000000099999999998 0.99999999700000008485 0.00000000099999999998 0.00000000099999999998 
0.00000000099999999997 0.99999999699999997382 0.00000000099999999997 0.00000000099999999997 
0.00000000099999999998 0.99999999700000008485 0.00000000099999999998 0.00000000099999999998 
0.00000000099999999999 0.98924863060946544024 0.00000000099999999999 0.01075136739053450877 
0.00000000099999999998 0.00000000099999999998 0.00000000099999999998 0.99999999700000008485 
0.00000000099999999997 0.00000000099999999997 0.00000000099999999997 0.99999999700000008485 
0.00000000099999999997 0.00000000099999999997 0.00000000099999999997 0.99999999699999997382 
0.00000000099999999997 0.00000000099999999997 0.00000000099999999997 0.99999999699999997382 
0.00000000099999999999 0.00000000099999999999 0.00000000099999999999 0.99999999699999997382 
0.00000000099999999997 0.00000000099999999997 0.00000000099999999997 0.99999999700000008485 
0.00000000099999999996 0.00000000099999999996 0.00000000099999999996 0.99999999700000008485 
0.00000000099999999997 0.00000000099999999997 0.00000000099999999997 0.99999999699999997382 
0.00000694263126197170 0.08806629082179072421 0.00000000100000000000 0.91192676554694718227 
0.00000000099999999997 0.00000000099999999997 0.00000000099999999997 0.99999999700000008485 
0.00000000099999999997 0.00000000099999999997 0.00000000099999999997 0.99999999699999997382 
0.00000000099999999996 0.00000000099999999996 0.00000000099999999996 0.99999999700000008485 
0.00000000099999999997 0.00000000099999999997 0.00000000099999999997 0.99999999700000008485 
0.00000000099999999997 0.00000000099999999997 0.00000000099999999997 0.99999999700000008485 
0.00000000099999999997 0.00000000099999999997 0.00000000099999999997 0.99999999700000008485 
0.00000000099999999996 0.00000000099999999996 0.00000000099999999996 0.99999999699999997382 
0.00000000099999999997 0.00000000099999999997 0.00000000099999999997 0.99999999699999997382 
0.00000000099999999995 0.00000000099999999995 0.00000000099999999995 0.99999999699999997382 
0.00000000099999999997 0.00000000099999999997 0.00000000099999999997 0.99999999700000008485 
0.00000000099999999997 0.00000000099999999997 0.00000000099999999997 0.99999999700000008485 
0.00000000099999999998 0.00000000099999999998 0.00000000099999999998 0.99999999699999997382 
0.99999999699999997382 0.00000000099999999997 0.00000000099999999997 0.00000000099999999997 
0.33399629376380102208 0.04550708621604369897 0.05273866391986612584 0.56775795610028911842 
0.00000000099999999996 0.09870101792524567375 0.00000000099999999996 0.90129898007475439670 
0.00000000099999999998 0.71125057533016566857 0.00000000099999999998 0.28874942266983438799 
0.00000000099999999997 0.20034380476212043654 0.00000000099999999997 0.79965619323787950901 
0.00000000099999999997 0.23693348650368789565 0.00000000099999999997 0.76306651149631210540 
0.00000000099999999993 0.00000000099999999993 0.00000000099999999993 0.99999999699999997382 
0.00000000099999999994 0.00000000099999999994 0.00000000099999999994 0.99999999699999997382 
0.00000000099999999997 0.99999999617203871871 0.00000000099999999997 0.00000000182796133696 
0.00000000099999999997 0.91391544475977959383 0.00000000099999999997 0.08608455324022043498 
0.00000000099999999997 0.96567022923816392410 0.00000000099999999997 0.03432976876183606307 
0.00000000099999999997 0.96578700447340859458 0.00000000099999999997 0.03421299352659152443 
0.00000000099999999997 0.96723721532119100175 0.00000000099999999997 0.03276278267880894379 
0.00000000099999999997 0.99999190484512501254 0.00000000099999999997 0.00000809315487512266 
0.00000000099999999997 0.98341622702810271850 0.00000000099999999997 0.01658377097189729643 
0.00000000099999999997 0.91498548896534281916 0.00000000099999999997 0.08501450903465726516 
0.00000000099999999996 0.00000000099999999996 0.99999999699999986280 0.00000000099999999996 
0.00000000099999999992 0.00000000099999999992 0.99999999699999997382 0.00000000099999999992 
0.00000000099999999996 0.00000000099999999996 0.99999999699999997382 0.00000000099999999996 
0.00000000099999999997 0.00000000099999999997 0.99999999699999986280 0.00000000099999999997 
0.00000000099999999993 0.00000000099999999993 0.99999999699999997382 0.00000000099999999993 
0.00000000099999999997 0.00000000099999999997 0.99999999699999997382 0.00000000099999999997 
0.00000000099999999995 0.00000000099999999995 0.99999999699999986280 0.00000000099999999995 
0.00000000099999999995 0.00000000099999999995 0.99999999699999997382 0.00000000099999999995 
0.00000000099999999995 0.00000000099999999995 0.99999999699999997382 0.00000000099999999995 
0.00000000099999999994 0.00000000099999999994 0.99999999699999986280 0.00000000099999999994 
0.16235282734272368788 0.83764717065727634093 0.00000000099999999998 0.00000000099999999998 
0.16500639108843437319 0.83499360691156565561 0.00000000099999999999 0.00000000099999999999 
0.12744413580603217162 0.87255586219396774617 0.00000000099999999999 0.00000000099999999999 
0.17338249046075912552 0.82661750753924079227 0.00000000099999999999 0.00000000099999999999 
0.15672338060405197058 0.84327661739594794721 0.00000000099999999999 0.00000000099999999999 
0.17179324973988091552 0.82820674826011908554 0.00000000099999999999 0.00000000099999999999 
0.19358142313804274637 0.80641857486195733795 0.00000000099999999999 0.00000000099999999999 
0.15112574333194178644 0.84887425466805832563 0.00000000099999999999 0.00000000099999999999 
0.15493866637533998398 0.84506133162466001707 0.00000000099999999999 0.00000000099999999999 
0.13315476615059926302 0.86684523184940065477 0.00000000099999999999 0.00000000099999999999 
0.15195531029643510879 0.84804468770356489227 0.00000000099999999999 0.00000000099999999999 
0.21503992318579862042 0.78496007481420138063 0.00000000099999999999 0.00000000099999999999 
0.18454507703808706309 0.81545492096191296572 0.00000000099999999999 0.00000000099999999999 
0.11607780159044088497 0.87734109471435894889 0.00000000099999999999 0.00658110269520026641 
0.16955682162139687486 0.83044317637860320946 0.00000000099999999999 0.00000000099999999999 
0.10509727708984416272 0.89490272091015576894 0.00000000099999999999 0.00000000099999999999 
0.00000000099999999998 0.95563757811915728269 0.00000000099999999998 0.04436241988084273224 
0.00000000099999999998 0.99999999700000008485 0.00000000099999999998 0.00000000099999999998 
0.00000000099999999998 0.97284498739735902895 0.00000000099999999998 0.02715501060264091659 
0.00000000099999999999 0.96613244504238682264 0.00000000099999999999 0.03386755295761328249 
0.00000000099999999999 0.91198016014396743323 0.00000000099999999999 0.08801983785603267885 
0.00000000099999999999 0.89730722942017016042 0.00000000099999999999 0.10269276857982993778 
0.00000000099999999999 0.94603617313942434119 0.00000000099999999999 0.05396382486057571537 
0.00000000099999999997 0.91511917260148156750 0.00000000099999999997 0.08488082539851854458 
0.00000000099999999998 0.96386976443375393941 0.00000000099999999998 0.03613023356624606858 
0.00000000099999999998 0.87122996910194105968 0.00000000099999999998 0.12877002889805896912 
0.00000000099999999998 0.93166966532892603325 0.00000000099999999998 0.06833033267107413433 
0.02116634061715445478 0.91304922956586720417 0.00000000099999999999 0.06578442881697836586 
0.00000000099999999998 0.99999999699999997382 0.00000000099999999998 0.00000000099999999998 
0.04201684603006469731 0.95798315196993522047 0.00000000099999999998 0.00000000099999999998 
0.01343942787035811923 0.93561244914688224128 0.00000000099999999999 0.05094812198275966431 
0.00000000099999999997 0.99999999700000008485 0.00000000099999999997 0.00000000099999999997 
0.00000000099999999998 0.99999999699999997382 0.00000000099999999998 0.00000000099999999998 
0.00000000099999999998 0.99999999700000008485 0.00000000099999999998 0.00000000099999999998 
0.00000000099999999998 0.99999999699999997382 0.00000000099999999998 0.00000000099999999998 
0.00000000099999999998 0.99999999700000008485 0.00000000099999999998 0.00000000099999999998 
0.00000000099999999998 0.99999999700000008485 0.00000000099999999998 0.00000000099999999998 
0.04829263822896753822 0.95170735977103237957 0.00000000099999999998 0.00000000099999999998 
0.02617513295016120692 0.97382486504983867270 0.00000000099999999999 0.00000000099999999999 
0.00000000099999999998 0.99999999700000008485 0.00000000099999999998 0.00000000099999999998 
0.01907924171595994089 0.98092075628404007404 0.00000000099999999999 0.00000000099999999999 
0.00000000099999999999 0.99999999700000008485 0.00000000099999999999 0.00000000099999999999 
0.00000000099999999998 0.99999999700000008485 0.00000000099999999998 0.00000000099999999998 
0.00000000099999999998 0.99999999699999997382 0.00000000099999999998 0.00000000099999999998 
0.00000000099999999999 0.99999999700000008485 0.00000000099999999999 0.00000000099999999999 
0.00000000099999999997 0.99999999700000008485 0.00000000099999999997 0.00000000099999999997 
0.00000000099999999997 0.99999999700000008485 0.00000000099999999997 0.00000000099999999997 
0.00000000099999999996 0.99999999700000008485 0.00000000099999999996 0.00000000099999999996 
0.00000000099999999997 0.99999999699999997382 0.00000000099999999997 0.00000000099999999997 
0.00000000099999999996 0.99999999699999997382 0.00000000099999999996 0.00000000099999999996 
0.00000000099999999997 0.99999999699999997382 0.00000000099999999997 0.00000000099999999997 
0.00000000099999999996 0.99999999700000008485 0.00000000099999999996 0.00000000099999999996 
0.00000000099999999997 0.99999999700000008485 0.00000000099999999997 0.00000000099999999997 
0.00000000099999999997 0.99999999699999997382 0.00000000099999999997 0.00000000099999999997 
0.00000000099999999996 0.99999999700000008485 0.00000000099999999996 0.00000000099999999996 
0.00000000099999999997 0.99999999699999997382 0.00000000099999999997 0.00000000099999999997 
0.00000000099999999996 0.99999999699999997382 0.00000000099999999996 0.00000000099999999996 
0.00000000099999999998 0.99999999699999997382 0.00000000099999999998 0.00000000099999999998 
0.00000000099999999996 0.99999999699999997382 0.00000000099999999996 0.00000000099999999996 
0.00000000099999999999 0.91874775907756178750 0.00000000099999999999 0.08125223892243813029 
0.00000000099999999999 0.99999999699999997382 0.00000000099999999999 0.00000000099999999999 
0.00000000099999999999 0.98445045088973381908 0.00000000099999999999 0.01554954711026612819 
0.04217938775381402383 0.95411734519050794834 0.00000000099999999999 0.00370326605567804310 
0.00000000099999999999 0.93654493658061133132 0.00000000099999999999 0.06345506141938869749 
0.00951956070007808561 0.97262424516245826744 0.00000000099999999999 0.01785619313746377931 
0.03263249138280475276 0.96192380541912758662 0.00544370219806757007 0.00000000100000000000 
0.00128472703308910160 0.92805426060797679977 0.00000000099999999999 0.07066101135893408658 
0.00000000099999999999 0.99999958861138393829 0.00000000099999999999 0.00000040938861607578 
0.00000000099999999999 0.94671956651322941578 0.00000000099999999999 0.05328043148677078650 
0.80106852329492206355 0.14168819179701264144 0.01269081761921743955 0.04455246728884783985 
0.77345216739426903008 0.18020931153656069568 0.01529188649744831277 0.03104663457172198923 
0.76043803319530456353 0.23394052638154430590 0.00000000100000000000 0.00562143942315128462 
0.81068975856614489128 0.15284641178639468695 0.00000000099999999999 0.03646382864746048474 
0.72993523188456688189 0.21540935450454412603 0.02343432487677836809 0.03122108873411069685 
0.77401977147901146470 0.16486482560789680885 0.01968128731374190268 0.04143411559934985500 
0.85987006041540270385 0.09871360806420212408 0.04141633052039499219 0.00000000100000000000 
0.83370046127145058801 0.12924543684235068053 0.02529254450949871072 0.01176155737669993574 
0.71323607103885111602 0.27138285551968205356 0.00000000100000000000 0.01538107244146694197 
0.72789550178821305071 0.21866339028901171648 0.00000000100000000000 0.05344110692277530272 
0.97903775081843757988 0.02096224718156233444 0.00000000099999999998 0.00000000099999999998 
0.03288361226771750745 0.96711638573228242421 0.00000000099999999999 0.00000000099999999999 
0.00000000099999999998 0.99999999699999997382 0.00000000099999999998 0.00000000099999999998 
0.00000000099999999999 0.99999999700000008485 0.00000000099999999999 0.00000000099999999999 
0.04676243417969629113 0.95323756382030366829 0.00000000099999999998 0.00000000099999999998 
0.00184389902047003211 0.99815609897953005980 0.00000000099999999998 0.00000000099999999998 
0.00000000099999999999 0.99999999700000008485 0.00000000099999999999 0.00000000099999999999 
0.00000000099999999999 0.99999999700000008485 0.00000000099999999999 0.00000000099999999999 
0.00000000099999999999 0.99999999699999997382 0.00000000099999999999 0.00000000099999999999 
0.00000000099999999998 0.99999999700000008485 0.00000000099999999998 0.00000000099999999998 
0.01075861544036179306 0.98924138255963811606 0.00000000099999999999 0.00000000099999999999 
0.00953957360289591112 0.99046042439710402228 0.00000000099999999999 0.00000000099999999999 
0.00311095472958003872 0.99688904327042004994 0.00000000099999999998 0.00000000099999999998 
0.03200503344671097594 0.96799496455328903899 0.00000000099999999999 0.00000000099999999999 
0.05048089936154721846 0.94951909863845274096 0.00000000099999999999 0.00000000099999999999 
0.00000000314104263354 0.99999999485895740836 0.00000000099999999998 0.00000000099999999998 
0.02742143738603041933 0.97257856061396952274 0.00000000099999999998 0.00000000099999999998 
0.00000000099999999998 0.99999999699999997382 0.00000000099999999998 0.00000000099999999998 
0.01227906990364885202 0.98772092809635103627 0.00000000099999999998 0.00000000099999999998 
0.02625532491709908073 0.97374467308290102441 0.00000000099999999999 0.00000000099999999999 
0.00000000099999999998 0.99999999699999997382 0.00000000099999999998 0.00000000099999999998 
0.61830568858739620719 0.00000000100000000000 0.08638922444215095531 0.29530508597045296293 
0.62534671652001827535 0.01706687354527713571 0.10555829718832525355 0.25202811274637926253 
0.59574736283013751681 0.00000000100000000000 0.09398311607062870277 0.31026952009923375320 
0.52049636428393475374 0.03939736669659793522 0.11149074310115496267 0.32861552591831244552 
0.52964708747814803758 0.02587679980482958733 0.09149929158938494012 0.35297682112763739681 
0.51669487199806263256 0.06707961955910483887 0.11313953536562638968 0.30308597307720619440 
0.55532198689478029507 0.00000000100000000000 0.07564074880222744490 0.36903726330299224667 
0.49371018245315201334 0.02185384373777086650 0.09839014135849649678 0.38604583245058049501 
0.54248942194200699962 0.01145265440227422570 0.08109982179292218873 0.36495810186279648013 
0.50537475730708503185 0.03711201868971348433 0.09376178912589942793 0.36375143487730199343 
0.56153803953428493845 0.00000000161347051152 0.08204349399778841645 0.35641846485445616288 
0.52191092335864119889 0.06017289256159558813 0.10902794195665317656 0.30888824212311005724 
0.50876494707350927715 0.03339066451975541278 0.07890708157433108660 0.37893730683240406387 
0.57840726636384665049 0.00000000100000000000 0.07732370141825331555 0.34426903121789992346 
0.61449708097805066931 0.07800092202199246372 0.09118528098318927355 0.21631671601676757954 
0.00000000099999999994 0.00000000099999999994 0.00000000099999999994 0.99999999700000008485 
0.57111136200187873069 0.02917289300962630158 0.11631838181790990494 0.28339736317058494830 
0.59429099756409231592 0.00000000100000000000 0.07206536054625052590 0.33364364088965731137 
0.31772230453760880176 0.35684953210143965929 0.00000000099999999999 0.32542816236095167826 
0.27384496307319294850 0.11883746640335189626 0.00000000099999999998 0.60731756952345505862 
0.28032453355677011686 0.11225154738874988658 0.00000000099999999998 0.60742391805448003872 
0.27179630501631840689 0.11221022280132188220 0.00000000099999999998 0.61599347118235980858 
0.24027690401349577343 0.09878421629628850176 0.00000000099999999998 0.66093887869021572534 
0.28799905256082874994 0.41592345374745925968 0.00000000099999999999 0.29607749269171201867 
0.37687507383273072259 0.32405931555724915016 0.00000000100000000000 0.29906560961001998900 
0.31244682474277524209 0.30921876464859610056 0.00000000099999999999 0.37833440960862874114 
0.33278138777876337118 0.33044741021716489415 0.00000000099999999999 0.33677120100407170744 
0.32047480656446247771 0.37596604889424378726 0.00000000099999999999 0.30355914354129381882 
0.26550518297750663743 0.11193330063433128141 0.00000000099999999998 0.62256151538816206781 
0.32726787594457901198 0.37697624644013716377 0.00000000099999999999 0.29575587661528401906 
0.37504099179243371998 0.29032640383448721222 0.00000000099999999999 0.33463260337307904058 
0.23604406149810266968 0.11438397778334513655 0.00000000099999999998 0.64957195971855208327 
0.30327112872434902613 0.31902044055096900887 0.00000000099999999999 0.37770842972468199328 
0.28301479901011339368 0.42074866338099342622 0.00000000100000000000 0.29623653660889315287 
0.27547185594133527520 0.38904283999679017958 0.00000000099999999999 0.33548530306187457350 
0.30021885479925974893 0.35428926696191143098 0.00000000099999999999 0.34549187723882901491 
0.89003221737104343259 0.00000000099999999997 0.00000000099999999997 0.10996778062895663786 
0.86151517380010633751 0.00000000099999999997 0.00000000099999999997 0.13848482419989377457 
0.88581013503728622815 0.00000000099999999997 0.00000000099999999997 0.11418986296271380065 
0.88040870888700195618 0.00000000099999999997 0.00000000099999999997 0.11959128911299798936 
0.85192527505509729746 0.00000000099999999997 0.00000000099999999997 0.14807472294490287013 
0.86308568098097804278 0.00000000099999999998 0.00000000099999999998 0.13691431701902198603 
0.00000000099999999998 0.99272308964026778622 0.00000000099999999998 0.00727690835973231719 
0.00000000099999999997 0.99999999700000008485 0.00000000099999999997 0.00000000099999999997 
0.00000000099999999998 0.99999999699999997382 0.00000000099999999998 0.00000000099999999998 
0.00000000099999999998 0.99999999699999997382 0.00000000099999999998 0.00000000099999999998 
0.00000000099999999998 0.99999998899154829424 0.00000000099999999998 0.00000000900845166468 
0.00000000099999999997 0.99999999699999997382 0.00000000099999999997 0.00000000099999999997 
0.00000000099999999998 0.99999999699999997382 0.00000000099999999998 0.00000000099999999998 
0.00000000100000000000 0.98988883834981933330 0.00000000100000000000 0.01011115965018060010 
0.00000000099999999998 0.98160586108948799655 0.00000000099999999998 0.01839413691051215022 
0.99999999700000008485 0.00000000099999999997 0.00000000099999999997 0.00000000099999999997 
0.99999999699999997382 0.00000000099999999996 0.00000000099999999996 0.00000000099999999996 
0.99999999700000008485 0.00000000099999999996 0.00000000099999999996 0.00000000099999999996 
0.93238783034344097089 0.06761216765655908567 0.00000000099999999998 0.00000000099999999998 
0.96471842657564554901 0.03528157142435448673 0.00000000099999999998 0.00000000099999999998 
0.99248634224128839953 0.00751365575871151044 0.00000000099999999997 0.00000000099999999997 
0.98680520761115264605 0.01319479038884730469 0.00000000099999999998 0.00000000099999999998 
0.99999999699999997382 0.00000000099999999997 0.00000000099999999997 0.00000000099999999997 
0.99999999700000008485 0.00000000099999999997 0.00000000099999999997 0.00000000099999999997 
0.99999999605951939152 0.00000000194048058055 0.00000000099999999997 0.00000000099999999997 
0.00000000099999999998 0.00000000099999999998 0.94229264924602373910 0.05770734875397626890 
0.00000000099999999997 0.00000000099999999997 0.99999999699999986280 0.00000000099999999997 
0.00000000099999999996 0.00000000099999999996 0.99999999699999997382 0.00000000099999999996 
0.00000000099999999998 0.00000000099999999998 0.99999999699999997382 0.00000000099999999998 
0.00000000099999999996 0.00000000099999999996 0.99999999699999997382 0.00000000099999999996 
0.00000000099999999998 0.00000000099999999998 0.99999999699999986280 0.00000000099999999998 
0.00000000099999999998 0.00000000099999999998 0.99999999699999997382 0.00000000099999999998 
0.00000000099999999995 0.00000000099999999995 0.99999999699999986280 0.00000000099999999995 
0.00000000099999999998 0.00000000099999999998 0.99999999699999986280 0.00000000099999999998 
0.00000000099999999995 0.00000000099999999995 0.99999999699999997382 0.00000000099999999995 
0.69201479530440290766 0.27964793149139904882 0.00000000099999999999 0.02833727220419816895 
0.64432873796699696722 0.35567122278983437367 0.00000000099999999999 0.00000003824316871092 
0.69843123624290159857 0.30156876175709834698 0.00000000099999999999 0.00000000099999999999 
0.68155730934327096726 0.31844268865672908930 0.00000000099999999999 0.00000000099999999999 
0.68753400089680860585 0.31246599710319150622 0.00000000099999999999 0.00000000099999999999 
0.74476781318087692529 0.24404281278502792940 0.00000000099999999999 0.01118937303409518226 
0.74446098959623108193 0.25553900840376897463 0.00000000099999999999 0.00000000099999999999 
0.72767046805343671423 0.27232952994656339785 0.00000000099999999999 0.00000000099999999999 
0.73807761151775130859 0.26192238648224869246 0.00000000099999999999 0.00000000099999999999 
