0.00000000385373686710 0.00000000100000000000 0.12973548678734622697 0.72866587930543180729 0.14159862905348505335 
0.04492910529449370416 0.00000000100000000000 0.13238368436731515199 0.68405333164531600953 0.13863387769287516260 
0.00000000100000000000 0.00000000100000000000 0.11622240781703359336 0.71937235494251250412 0.16440523524045388970 
0.01997582224769283918 0.00000000100000000000 0.14187670067333638113 0.71138997429800276961 0.12675750178096803489 
0.00000000099999999999 0.00000000099999999999 0.13072371203349339441 0.70204027497362209154 0.16723601099288445959 
0.00000000100000000000 0.00000000100000000000 0.12741188999441188656 0.67539310084582060423 0.19719500715976753802 
0.01187382127513590679 0.00000000100000000000 0.15906718688113513638 0.69655802793761045777 0.13250096290611854122 
0.00000000100000000000 0.00000000100000000000 0.18929775832807840819 0.65771430423791577002 0.15298793543400587835 
0.04231801418284796695 0.00000000100000000000 0.13044222505429034498 0.69650803684540818494 0.13073172291745346896 
0.00000000100000000000 0.00000000100000000000 0.17196954089903387919 0.62002855857283589724 0.20800189852813011360 
0.00000000100000000000 0.00000000100000000000 0.13059381066946407213 0.70086593686899933964 0.16854025046153670031 
0.01078933618008522805 0.00000000099999999999 0.16126449715473856195 0.64473048671374810770 0.18321567895142806814 
0.00000000100000000000 0.00000000100000000000 0.12571736122876886466 0.71411214895373431588 0.16017048781749670949 
0.24311613537327084189 0.41628912160238262796 0.00343986210917014224 0.29377532499998970650 0.04337955591518657256 
0.21969927628058485980 0.41107748531747767551 0.00000000099999999999 0.30661432663967180812 0.06260891076226565710 
0.23409035782318335372 0.48820593235504433638 0.00000000099999999999 0.26879594783130905666 0.00890776099046320345 
0.32828448784865144061 0.39329586323067494691 0.00000000099999999999 0.25264621511716184310 0.02577343280351175256 
0.21621503699738522930 0.44581656501002775439 0.00000000099999999999 0.29982223615310749087 0.03814616083947953290 
0.23688820490245002248 0.40533880123329629752 0.00299369796924269438 0.30926176141309319467 0.04551753448191784429 
0.28562358137278948123 0.41768551073436932519 0.00000000099999999999 0.29669090589284108361 0.00000000099999999999 
0.18595704082787267719 0.46025750050228120269 0.00000000099999999999 0.33588498884689266255 0.01790046882295344768 
0.15989262874439380546 0.54938430650023517554 0.00000000099999999999 0.27843656216698997596 0.01228650158838102448 
0.21939186411393901688 0.46611609276959320436 0.00000000099999999999 0.25229782972816111597 0.06219421238830662862 
0.25313132063923637904 0.43206835579605223918 0.00000000099999999999 0.27556730466643247768 0.03923301789827898789 
0.22194775308446920703 0.50065619493746016389 0.00000000100000000000 0.27536088085673771086 0.00203517012133287755 
0.21719281158698289236 0.44239948337636142428 0.00000000099999999999 0.28000585352554979712 0.06040185051110590064 
0.14034177223863547601 0.50329722364531126466 0.00000000099999999999 0.28014242459940530416 0.07621857851664806671 
0.30604647890506803121 0.42313040777303706497 0.00000000100000000000 0.23748750997048576061 0.03333560235140931721 
0.27050124765568983598 0.41377159617146958004 0.00000000099999999999 0.30383463079536476847 0.01189252437747570848 
0.02658698682177306274 0.75462296850866938946 0.00000000099999999999 0.21879004266955751068 0.00000000099999999999 
0.00000000099999999998 0.76121996456433882461 0.00000000099999999998 0.23878003243566123248 0.00000000099999999998 
0.09951730610381888387 0.63893931769535394771 0.00000000099999999999 0.26154337420082718335 0.00000000099999999999 
0.10477292921391669067 0.69931202572894779479 0.00000000099999999999 0.19591504305713536294 0.00000000099999999999 
0.06154854058924852378 0.73530111011372900620 0.00000000099999999998 0.20314496145121316295 0.00000538684580932646 
0.06220744559246793592 0.70354213175490365462 0.00000000099999999999 0.23425042065262835500 0.00000000099999999999 
0.00000000099999999998 0.76154015211946701758 0.00000000099999999998 0.23845984488053292849 0.00000000099999999998 
0.08276923112444529995 0.66978712361062919811 0.00000000099999999999 0.24744364326492554462 0.00000000099999999999 
0.07132696634665149082 0.77965682585818685268 0.00000000099999999999 0.14901620579516161591 0.00000000099999999999 
0.11019725891621301450 0.67116649427054220212 0.00000000099999999999 0.21863624481324467341 0.00000000099999999999 
0.00000000099999999993 0.99999999600000011313 0.00000000099999999993 0.00000000099999999993 0.00000000099999999993 
0.11153526370443585247 0.67727859570887027907 0.00000000099999999999 0.21118613858669374461 0.00000000099999999999 
0.04850374211131344704 0.74484251076115215451 0.00000000099999999998 0.20665374512753434399 0.00000000099999999998 
0.05514515950656381782 0.70423874417031340212 0.00000000099999999999 0.24061609432312267010 0.00000000099999999999 
0.11102036758654060256 0.67054058753961354178 0.00000000099999999999 0.21843904287384580121 0.00000000099999999999 
0.06911432662117761305 0.70247052816890331872 0.00000000099999999999 0.22841514320991895826 0.00000000099999999999 
0.05006141224063387352 0.77660256028992913357 0.00000000099999999999 0.17333602546943691070 0.00000000099999999999 
0.00000061939078798503 0.85938631796696918208 0.00000000100000000000 0.14061306064224293744 0.00000000100000000000 
0.01656365168952944264 0.10991665856198491735 0.34334780456413799277 0.09370839013104753645 0.43646349505330012120 
0.01453536304567893886 0.16477055869706341840 0.36385784608245824723 0.00000000100000000000 0.45683623117479932318 
0.05789249977743766984 0.06156471018383574689 0.39024154724608783873 0.00000000100000000000 0.49030124179263873119 
0.12424085721493417778 0.05348431100564449842 0.35871076499879334110 0.01432607790564379389 0.44923798887498422872 
0.04193072392396583054 0.10668677918887803369 0.39817555838502638466 0.02741907213730265455 0.42578786636482707229 
0.01468548293590551772 0.06340049748544400454 0.34702814978503970789 0.09729514491342482196 0.47759072488018600167 
0.07739625190668585064 0.10044940010386989304 0.35475916264260520805 0.04254840656317432357 0.42484677878366478021 
0.03079073350310727181 0.09962877676519353576 0.27876649956401572394 0.09449674755207869425 0.49631724261560472566 
0.08488150306798977751 0.05204341370806936373 0.32777076813672267885 0.07749125677859899919 0.45781305830861918071 
0.00000000100000000000 0.10687002570677241187 0.39567089589079362799 0.02510010468138281978 0.47235897272105109579 
0.03956407665948600411 0.86659539050800227233 0.00000000099999999998 0.09384053083251166216 0.00000000099999999998 
0.06138637454287874939 0.92492584377467701451 0.00000000099999999999 0.00625140916001745012 0.00743637152242691835 
0.02761810483595080953 0.97238189216404913306 0.00000000099999999998 0.00000000099999999998 0.00000000099999999998 
0.02322344109041928756 0.97677655590958079035 0.00000000099999999998 0.00000000099999999998 0.00000000099999999998 
0.11827327780455680617 0.86802231514126526601 0.00000000099999999999 0.01370345460853043297 0.00000095144564752236 
0.06367322364011462899 0.92006544299361503469 0.00000000100000000000 0.00310240091229886314 0.01315893145397149799 
0.00000000099999999998 0.99999999600000011313 0.00000000099999999998 0.00000000099999999998 0.00000000099999999998 
0.04111318301937587349 0.89149725230426501987 0.00000000099999999999 0.04254073739348674527 0.02484882628287232026 
0.00000000268698920804 0.99999999431301089814 0.00000000099999999997 0.00000000099999999997 0.00000000099999999997 
0.05180440835040269615 0.94819558864959729849 0.00000000099999999999 0.00000000099999999999 0.00000000099999999999 
0.13787028584081723048 0.02796265803565905345 0.00000000100000000000 0.66432933080225786693 0.16983772432126589824 
0.08840237299018210981 0.00875677189014849311 0.01584275931479647501 0.76022020997394701425 0.12677788583092597374 
0.14449798516200676457 0.13757753159818372768 0.00788651754974209820 0.55460676272495823547 0.15543120296510912204 
0.08584751019730095523 0.03599780397191338494 0.05109944254878309722 0.73359451530905739336 0.09346072797294514845 
0.38184125427184412160 0.51327802814358947092 0.00000000099999999999 0.09364358446682083392 0.01123713211774550295 
0.33885564113414179399 0.55651311098560685142 0.00000000099999999999 0.10463124588025123074 0.00000000099999999999 
0.29266740821917341941 0.59702494717222287512 0.00000000099999999999 0.11030764260860370651 0.00000000099999999999 
0.33348667205359672217 0.51255004738199871905 0.00000000099999999999 0.15396327856440464310 0.00000000099999999999 
0.38326647694166854352 0.50674875897210902576 0.00000000099999999999 0.10998476208622243178 0.00000000099999999999 
0.26760777693181075909 0.58826755376802286612 0.00000000099999999999 0.14412466730016648686 0.00000000099999999999 
0.00000000099999999997 0.00000000099999999997 0.00000000099999999997 0.99999999599999989108 0.00000000099999999997 
0.13549390121570106804 0.58586298664946034886 0.00000000100000000000 0.25569957717892727311 0.02294353395591136602 
0.19477270564374130069 0.45529334859799486246 0.00000000099999999999 0.34993394375826369913 0.00000000099999999999 
0.18201073977409948368 0.52771253201413736988 0.00000000100000000000 0.29027672621176320300 0.00000000100000000000 
0.14934917740050518420 0.53511654958262377946 0.00000000100000000000 0.27985617072134699734 0.03567810129552415749 
0.27134422211374209510 0.32051931548408690853 0.00000000099999999999 0.40813646040217094191 0.00000000099999999999 
0.25699407589837758303 0.47532816015027590240 0.00930415414716517786 0.23577237252785335220 0.02260123727632814411 
0.26050380039647280661 0.44551746708553968679 0.00000000099999999999 0.29397873051798761868 0.00000000099999999999 
0.28208369939138300264 0.38299556600847056709 0.00000000100000000000 0.32515656107772089589 0.00976417252242553838 
0.20971206145098486573 0.49359531689126107112 0.00000000100000000000 0.28912122669840423228 0.00757139395934970129 
0.21640310476805771356 0.49860285972228651774 0.00000000100000000000 0.28499403350965568649 0.00000000100000000000 
0.25924307856688588725 0.44591138660523277348 0.00000000100000000000 0.29268526186598764482 0.00216027196189378040 
0.24694505526125770656 0.45331184676819180623 0.00000000099999999999 0.28371424509865661445 0.01602885187189392879 
0.20420304000685060575 0.52103845517419100641 0.00000000099999999999 0.23695728626922274440 0.03780121754973572029 
0.31527280112078165386 0.19357620144782980431 0.00000000100000000000 0.47726532554044059919 0.01388567089094800387 
0.17731641696708150269 0.57169454071926240069 0.00000000099999999999 0.25098904031365609768 0.00000000099999999999 
0.02062792849023661543 0.60512255788765501041 0.00000000099999999997 0.00000000099999999997 0.37424951162210834399 
0.00000000099999999993 0.00000000099999999993 0.00000000099999999993 0.00000000099999999993 0.99999999600000000211 
0.00000000099999999992 0.00000000099999999992 0.00000000099999999992 0.00000000099999999992 0.99999999599999989108 
0.00000000099999999995 0.00000000099999999995 0.00000000099999999995 0.00000000099999999995 0.99999999600000000211 
0.00000000099999999992 0.00000000099999999992 0.00000000099999999992 0.00000000099999999992 0.99999999600000000211 
0.00000000099999999992 0.00000000099999999992 0.00000000099999999992 0.00000000099999999992 0.99999999600000000211 
0.00000000099999999995 0.00000000099999999995 0.00000000099999999995 0.00000000099999999995 0.99999999600000000211 
0.00000000099999999992 0.00000000099999999992 0.00000000099999999992 0.00000000099999999992 0.99999999599999989108 
0.00000000099999999996 0.16811231710390503458 0.00000000099999999996 0.00000000099999999996 0.83188767989609491149 
0.00000000099999999994 0.00000000099999999994 0.00000000099999999994 0.00000000099999999994 0.99999999600000000211 
0.11370907295120878666 0.74799954783338629127 0.00000000099999999999 0.12690018279445872129 0.01139119542094625334 
0.13647844737387104797 0.78585384225027055116 0.00000000099999999998 0.07766770837585829090 0.00000000099999999998 
0.06193157048725587976 0.83516605761014883758 0.00000000100000000000 0.00000000100000000000 0.10290236990259535310 
0.00008771390911283425 0.84856140442983962746 0.00000000099999999998 0.00000000099999999998 0.15135087966104746049 
0.03110681980360735857 0.81655027222341380888 0.00000000099999999999 0.00000000099999999999 0.15234290597297886483 
0.00239627530811636078 0.82864021709130786242 0.00000000099999999998 0.00000000099999999998 0.16896350560057574186 
0.00000000099999999997 0.95591583324891116202 0.00000000099999999997 0.00000000099999999997 0.04408416375108898527 
0.02330097353704045290 0.84254738855245925322 0.00000000099999999998 0.00000000099999999998 0.13415163591050047187 
0.01505099955679624173 0.93157963310553548730 0.00000000099999999999 0.00000000099999999999 0.05336936533766846458 
0.01519454858076879460 0.91781101625876415628 0.00000000099999999997 0.00000000099999999997 0.06699443316046722885 
0.00000000099999999997 0.87459070985808506915 0.00000000099999999997 0.00000000099999999997 0.12540928714191490467 
0.00000000099999999996 0.88963346668162679443 0.00000000099999999996 0.00000000099999999996 0.11036653031837337369 
0.00000000099999999997 0.92494749163324418983 0.00000000099999999997 0.00000000099999999997 0.07505250536675589501 
0.03419370037783558275 0.88877248985465318043 0.00000000099999999998 0.00000000099999999998 0.07703380776751128645 
0.00000000099999999998 0.89728882301647450159 0.00000000099999999998 0.00000000099999999998 0.10271117398352562489 
0.02091742593656242474 0.84526785069828658248 0.00000000099999999998 0.00000000099999999998 0.13381472136515110138 
0.00000000099999999998 0.89369797228258895938 0.00000000099999999998 0.00000000099999999998 0.10630202471741113934 
0.00000000099999999997 0.96042005776445316112 0.00000000099999999997 0.00000000099999999997 0.03957993923554693066 
0.00000000099999999998 0.94804917253293385926 0.00000000099999999998 0.00000000099999999998 0.05195082446706625334 
0.00000000099999999996 0.96510754085277683512 0.00000000099999999996 0.00000000099999999996 0.03489245614722315952 
0.00000000099999999997 0.84767302400259192385 0.00000000099999999997 0.00000000099999999997 0.15232697299740818875 
0.00000000099999999997 0.99999999600000011313 0.00000000099999999997 0.00000000099999999997 0.00000000099999999997 
0.00000000099999999998 0.96331405936864600292 0.00000000099999999998 0.00000000099999999998 0.03668593763135409580 
0.00000000099999999998 0.89203435279379150735 0.00000000099999999998 0.00000000099999999998 0.10796564420620848035 
0.00000000099999999997 0.01783065579568854711 0.00000000099999999997 0.98216934120431154120 0.00000000099999999997 
0.00000000099999999996 0.01509633404865734149 0.00000000099999999996 0.98490366295134268437 0.00000000099999999996 
0.00000000099999999999 0.00000000099999999999 0.01246231994611934554 0.27371903251918866529 0.71381864553469198675 
0.00000000099999999999 0.00000000099999999999 0.00000000099999999999 0.22276681826176034096 0.77723317873823971613 
0.00000000099999999999 0.00000000099999999999 0.03843281443405040937 0.25826014275626080208 0.70330704080968864389 
0.00000000099999999999 0.27679611180705915308 0.00000000099999999999 0.00000000099999999999 0.72320388519294065421 
0.00000000100000000000 0.00000000100000000000 0.01831823504312455470 0.19476668357545898203 0.78691507938141658229 
0.00000000099999999999 0.00000000099999999999 0.00000000099999999999 0.21821136408270905283 0.78178863291729105978 
0.00000000099999999999 0.00000000099999999999 0.01780091227327720849 0.21840880631975817527 0.76379027940696464505 
0.00178242796016898322 0.00000000100000000000 0.02957019152212143204 0.37544876781827252188 0.59319861169943710610 
0.00000000099999999999 0.00000000099999999999 0.00000000099999999999 0.22809733785165031694 0.77190265914834954586 
0.00000000099999999999 0.00000000099999999999 0.00000000813480851402 0.19475414198282761657 0.80524584788236386323 
0.00000000100000000000 0.00000000100000000000 0.00016691872831836976 0.27743103476642538840 0.72240204450525613566 
0.00000000099999999999 0.00000000099999999999 0.03368422082730359451 0.25698448037062532334 0.70933129680207107626 
0.05317276632664449248 0.08135312956563310605 0.07226123984181428983 0.54713466303659552548 0.24607820122931256535 
0.21904815552872253237 0.49671068943841290011 0.00000000099999999999 0.22686719392928283989 0.05737396010358181836 
0.33108455274973291882 0.38909522862633577622 0.00000000099999999999 0.25516899376468576977 0.02465122385924543857 
0.28292379155246316635 0.40900827285744939532 0.00000000099999999999 0.27960514539910324983 0.02846278919098417862 
0.33306633622804782124 0.35447323594544294378 0.00000000099999999999 0.27906870173825615300 0.03339172508825309638 
0.30986416074944428400 0.38279405971459723457 0.00000000099999999999 0.29231492953900628518 0.01502684899695217943 
0.28925414996764015063 0.40167908496473520019 0.00000000099999999999 0.30906676306762470574 0.00000000099999999999 
0.26595113606151227215 0.42667317174793406576 0.00000000100000000000 0.30079750208785349663 0.00657818910270019288 
0.30979296766060315793 0.35056904999287630265 0.00000000099999999999 0.32462338389728834231 0.01501459744923234335 
0.32504256756881955148 0.33158008162812147024 0.00000000100000000000 0.32517518942352185984 0.01820216037953698712 
0.27232385875823034160 0.41853270838159334355 0.00000000099999999999 0.30890456406172495107 0.00023886779845149733 
0.26251336862613139367 0.38507092326698594276 0.00000000099999999999 0.28566039625560663007 0.06675531085127613118 
0.36958567064662001256 0.32461464943953444173 0.00000000099999999999 0.28893079640371560624 0.01686888251012986020 
0.27853651419496772146 0.36395043851522018707 0.00000000099999999999 0.33000183359356927149 0.02751121269624300092 
0.31766925484190361439 0.39253670948749602720 0.00000000099999999999 0.27885837648709932424 0.01093565818350102081 
0.31434433418364582380 0.35177306656689821818 0.00000000099999999999 0.33388259724945584805 0.00000000099999999999 
0.30780970797166712360 0.40041999023775121103 0.00000000100000000000 0.29177029979058155540 0.00000000100000000000 
0.27740059463064375977 0.38890884080612447837 0.00000000099999999999 0.31730803544842400843 0.01638252811480777130 
0.26118586679786559568 0.33492221867459898155 0.00000000099999999999 0.35730837323876440959 0.04658354028877090963 
0.28411890799591749124 0.36772427126072504411 0.00000000099999999999 0.34815681874335735468 0.00000000099999999999 
0.31250532096867189580 0.35984023043629120853 0.00000000099999999999 0.32404617402884294819 0.00360827356619403562 
0.00000000099999999997 0.04232377592820490975 0.00000000099999999997 0.95767622107179517510 0.00000000099999999997 
0.00000000099999999998 0.98374562593199055271 0.00000000099999999998 0.00000000099999999998 0.01625437106800950784 
0.00000000099999999999 0.94849587378155530981 0.00000000099999999999 0.05150412321844480279 0.00000000099999999999 
0.00000000099999999998 0.99137853267593056827 0.00000000099999999998 0.00862146432406947494 0.00000000099999999998 
0.00000000099999999999 0.97148472330315294165 0.00000000099999999999 0.02851527369684708074 0.00000000099999999999 
0.00000000099999999995 0.99999999600000000211 0.00000000099999999995 0.00000000099999999995 0.00000000099999999995 
0.00000000099999999999 0.97298254026315733611 0.00000000099999999999 0.00000000099999999999 0.02701745673684271404 
0.00000000099999999991 0.99999999600000011313 0.00000000099999999991 0.00000000099999999991 0.00000000099999999991 
0.00000000099999999995 0.99999999600000011313 0.00000000099999999995 0.00000000099999999995 0.00000000099999999995 
0.00000000099999999997 0.99999999600000000211 0.00000000099999999997 0.00000000099999999997 0.00000000099999999997 
0.00000000099999999998 0.93937905795761067473 0.00000000099999999998 0.06062093904238946562 0.00000000099999999998 
0.00000000099999999995 0.99999999600000000211 0.00000000099999999995 0.00000000099999999995 0.00000000099999999995 
0.00000000099999999997 0.99999999600000000211 0.00000000099999999997 0.00000000099999999997 0.00000000099999999997 
0.00000000099999999997 0.99999999600000011313 0.00000000099999999997 0.00000000099999999997 0.00000000099999999997 
0.74808581169302723612 0.22308356491391959087 0.00000000099999999998 0.00000000099999999998 0.02883062139305316365 
0.00000000099999999993 0.99999999600000000211 0.00000000099999999993 0.00000000099999999993 0.00000000099999999993 
0.79272013317504419483 0.20727986382495591777 0.00000000099999999998 0.00000000099999999998 0.00000000099999999998 
0.85192081212227210862 0.14807918487772789295 0.00000000099999999997 0.00000000099999999997 0.00000000099999999997 
0.69205779088098173801 0.28351785482152214168 0.00000000099999999998 0.00000000099999999998 0.02442435229749624279 
0.83012884116863461248 0.16987115583136555563 0.00000000099999999997 0.00000000099999999997 0.00000000099999999997 
0.86387052100651395836 0.08933420788585508254 0.00000000099999999999 0.00000000099999999999 0.04679526910763098096 
0.70689093791868762295 0.15429533350245316914 0.00000000099999999999 0.08513366562114629832 0.05368006195771300032 
0.72217166404077370867 0.26127972873322408143 0.00000000099999999998 0.00000000099999999998 0.01654860522600229769 
0.79731312420843236666 0.20268687279156766268 0.00000000099999999997 0.00000000099999999997 0.00000000099999999997 
0.74149861791527793553 0.25849285104173141958 0.00000000099999999998 0.00000000099999999998 0.00000852904299060627 
0.82171025141307696416 0.16688277643215104762 0.00000000099999999998 0.00000000099999999998 0.01140697015477217142 
0.99999999600000000211 0.00000000099999999995 0.00000000099999999995 0.00000000099999999995 0.00000000099999999995 
0.99999999600000000211 0.00000000099999999994 0.00000000099999999994 0.00000000099999999994 0.00000000099999999994 
0.94763172813410412321 0.05236826886589588531 0.00000000099999999998 0.00000000099999999998 0.00000000099999999998 
0.99999999600000000211 0.00000000099999999996 0.00000000099999999996 0.00000000099999999996 0.00000000099999999996 
0.99999999600000000211 0.00000000099999999997 0.00000000099999999997 0.00000000099999999997 0.00000000099999999997 
0.96746958838778329692 0.03253040861221682262 0.00000000099999999998 0.00000000099999999998 0.00000000099999999998 
0.99999999600000000211 0.00000000099999999997 0.00000000099999999997 0.00000000099999999997 0.00000000099999999997 
0.99999999600000011313 0.00000000099999999995 0.00000000099999999995 0.00000000099999999995 0.00000000099999999995 
0.99999999600000011313 0.00000000099999999996 0.00000000099999999996 0.00000000099999999996 0.00000000099999999996 
0.99999999600000000211 0.00000000099999999998 0.00000000099999999998 0.00000000099999999998 0.00000000099999999998 
0.99999999600000000211 0.00000000099999999999 0.00000000099999999999 0.00000000099999999999 0.00000000099999999999 
0.94295441436355686982 0.05704558263644311789 0.00000000099999999998 0.00000000099999999998 0.00000000099999999998 
0.99999999600000000211 0.00000000099999999997 0.00000000099999999997 0.00000000099999999997 0.00000000099999999997 
0.95958817510916738502 0.04041182189083263737 0.00000000099999999997 0.00000000099999999997 0.00000000099999999997 
0.92005041337047832606 0.06300430994382723304 0.00000000099999999999 0.00000000099999999999 0.01694527468569458420 
0.00000000099999999998 0.02528599313988265374 0.00000000099999999998 0.00000000099999999998 0.97471400386011730621 
0.00000000099999999996 0.00000000099999999996 0.00000000099999999996 0.00000000099999999996 0.99999999599999989108 
0.00000000099999999997 0.00000000099999999997 0.00000000099999999997 0.00000000099999999997 0.99999999600000000211 
0.00000000099999999996 0.00000000099999999996 0.00000000099999999996 0.00000000099999999996 0.99999999600000000211 
0.00000000099999999998 0.00000000099999999998 0.00000000099999999998 0.00000000099999999998 0.99999999600000000211 
0.00000000099999999996 0.00000000099999999996 0.00000000099999999996 0.00000000099999999996 0.99999999599999989108 
0.00000000099999999996 0.00000000099999999996 0.00000000099999999996 0.00000000099999999996 0.99999999600000000211 
0.00000000099999999996 0.00000000099999999996 0.00000000099999999996 0.00000000099999999996 0.99999999600000000211 
0.02162507505672257857 0.07099801138638144049 0.00000000100000000000 0.00000000100000000000 0.90737691155689592648 
0.00000000099999999996 0.00000000099999999996 0.00000000099999999996 0.00000000099999999996 0.99999999600000000211 
0.00000000099999999996 0.00000000099999999996 0.00000000099999999996 0.00000000099999999996 0.99999999600000000211 
0.00000000099999999996 0.00000000099999999996 0.00000000099999999996 0.00000000099999999996 0.99999999599999989108 
0.00000000099999999996 0.00000000099999999996 0.00000000099999999996 0.00000000099999999996 0.99999999600000000211 
0.00000000099999999997 0.00000000099999999997 0.00000000099999999997 0.00000000099999999997 0.99999999600000000211 
0.00000000099999999996 0.00000000099999999996 0.00000000099999999996 0.00000000099999999996 0.99999999599999989108 
0.00000000099999999995 0.00000000099999999995 0.00000000099999999995 0.00000000099999999995 0.99999999600000000211 
0.00000000099999999997 0.00000000099999999997 0.00000000099999999997 0.00000000099999999997 0.99999999600000000211 
0.00000000099999999995 0.00000000099999999995 0.00000000099999999995 0.00000000099999999995 0.99999999599999989108 
0.00000000099999999997 0.00000000099999999997 0.00000000099999999997 0.00000000099999999997 0.99999999599999989108 
0.00000000099999999997 0.00000000099999999997 0.00000000099999999997 0.00000000099999999997 0.99999999600000000211 
0.00000000099999999998 0.00000000099999999998 0.00000000099999999998 0.00000000099999999998 0.99999999599999989108 
0.00000000099999999997 0.00360459185951020810 0.00000000099999999997 0.99639540514048985376 0.00000000099999999997 
0.05381207022076637397 0.00178540398183903788 0.05126288289974122170 0.32672944161610817382 0.56641020128154528912 
0.00000000099999999995 0.13794250993640688741 0.00000000099999999995 0.00000000099999999995 0.86205748706359297540 
0.00000000099999999998 0.79572089118287603338 0.00000000099999999998 0.00000000099999999998 0.20427910581712396820 
0.00000000099999999996 0.22823078857159825872 0.00000000099999999996 0.00000000099999999996 0.77176920842840179837 
0.00000000099999999997 0.28869537530254868463 0.00000000099999999997 0.00000000099999999997 0.71130462169745112266 
0.00000000099999999991 0.00000000099999999991 0.00000000099999999991 0.00000000099999999991 0.99999999599999989108 
0.00000000099999999993 0.00000000099999999993 0.00000000099999999993 0.00000000099999999993 0.99999999600000000211 
0.00000000099999999994 0.99999999600000011313 0.00000000099999999994 0.00000000099999999994 0.00000000099999999994 
0.00000000099999999996 0.99999999600000000211 0.00000000099999999996 0.00000000099999999996 0.00000000099999999996 
0.00000000099999999995 0.99999999600000011313 0.00000000099999999995 0.00000000099999999995 0.00000000099999999995 
0.00000000099999999995 0.99999999600000011313 0.00000000099999999995 0.00000000099999999995 0.00000000099999999995 
0.00000000099999999994 0.99999999600000000211 0.00000000099999999994 0.00000000099999999994 0.00000000099999999994 
0.00000000099999999995 0.99999999600000000211 0.00000000099999999995 0.00000000099999999995 0.00000000099999999995 
0.00000000099999999995 0.99999999600000000211 0.00000000099999999995 0.00000000099999999995 0.00000000099999999995 
0.00000000099999999996 0.99485850366006900458 0.00000000099999999996 0.00000000099999999996 0.00514149333993116006 
0.00000000099999999995 0.00000000099999999995 0.99999999600000000211 0.00000000099999999995 0.00000000099999999995 
0.00000000099999999989 0.00000000099999999989 0.99999999599999989108 0.00000000099999999989 0.00000000099999999989 
0.00000000099999999995 0.00000000099999999995 0.99999999599999989108 0.00000000099999999995 0.00000000099999999995 
0.00000000099999999996 0.00000000099999999996 0.99999999599999989108 0.00000000099999999996 0.00000000099999999996 
0.00000000099999999990 0.00000000099999999990 0.99999999599999989108 0.00000000099999999990 0.00000000099999999990 
0.00000000099999999996 0.00000000099999999996 0.99999999599999989108 0.00000000099999999996 0.00000000099999999996 
0.00000000099999999993 0.00000000099999999993 0.99999999600000000211 0.00000000099999999993 0.00000000099999999993 
0.00000000099999999994 0.00000000099999999994 0.99999999599999989108 0.00000000099999999994 0.00000000099999999994 
0.00000000099999999994 0.00000000099999999994 0.99999999600000000211 0.00000000099999999994 0.00000000099999999994 
0.00000000099999999992 0.00000000099999999992 0.99999999599999989108 0.00000000099999999992 0.00000000099999999992 
0.10325921135580644339 0.74802138214849545061 0.00000000099999999998 0.14871940449569812093 0.00000000099999999998 
0.15128555218778216851 0.70162276004263091078 0.00000000099999999998 0.14709168576958681074 0.00000000099999999998 
0.15443756292557031529 0.73719185058441938363 0.00000000099999999999 0.10837058449001034377 0.00000000099999999999 
0.10364813536223156654 0.74107917138517398481 0.00000000099999999999 0.15527269125259446358 0.00000000099999999999 
0.17057360089648951340 0.68569496506575988715 0.00000000099999999998 0.14373143203775071153 0.00000000099999999998 
0.11924837193870176100 0.72181570246563042659 0.00000000099999999999 0.15893592359566768857 0.00000000099999999999 
0.17829554256769261644 0.64696631937318949124 0.00000000099999999998 0.17473813605911792113 0.00000000099999999998 
0.17881115485493762063 0.68360360612059345442 0.00000000099999999998 0.13758523702446898151 0.00000000099999999998 
0.15190053343243903328 0.70733166069485908789 0.00000000099999999998 0.14076780387270187989 0.00000000099999999998 
0.17196172625881739338 0.70983022186304700618 0.00000000099999999999 0.11820804987813558762 0.00000000099999999999 
0.17115426996455609943 0.69439984174457736188 0.00000000099999999999 0.13444588629086651199 0.00000000099999999999 
0.11473223028810679291 0.68975209415632376952 0.00000000099999999999 0.19551567355556942474 0.00000000099999999999 
0.16393506182951902983 0.67439095861062137161 0.00000000099999999999 0.16167397755985957186 0.00000000099999999999 
0.13409775460512116108 0.78088431557054582832 0.00000000099999999999 0.08501792782433288675 0.00000000099999999999 
0.13717663799982618422 0.71381402951364480991 0.00000000099999999999 0.14900933048652900692 0.00000000099999999999 
0.17622613404678721949 0.74331718974990546034 0.00000000099999999999 0.08045667420330726571 0.00000000099999999999 
0.08201572075544975859 0.91798427624455025686 0.00000000099999999998 0.00000000099999999998 0.00000000099999999998 
0.13318008609265258313 0.86681991090734744621 0.00000000099999999998 0.00000000099999999998 0.00000000099999999998 
0.10161487661639978519 0.89838512038360029965 0.00000000099999999998 0.00000000099999999998 0.00000000099999999998 
0.05993619931492764202 0.94006379768507231098 0.00000000099999999998 0.00000000099999999998 0.00000000099999999998 
0.07884101402618891308 0.88213716192742785971 0.00000000099999999999 0.00000000099999999999 0.03902182204638335317 
0.09848892646169783716 0.84166077789176407808 0.00000000099999999998 0.00000000099999999998 0.05985029364653812745 
0.12628856984168765343 0.85719195784486246215 0.00000000099999999998 0.00000000099999999998 0.01651947031344986466 
0.09801758072805998034 0.85456924495121555641 0.00000000099999999997 0.00000000099999999997 0.04741317232072454063 
0.11771748891149774741 0.88228250808850239295 0.00000000099999999998 0.00000000099999999998 0.00000000099999999998 
0.03367188871385374399 0.86772524588905564080 0.00000000099999999997 0.00000000099999999997 0.09860286339709065095 
0.06060253314232492278 0.92447628729458264374 0.00000000099999999998 0.00000000099999999998 0.01492117756309243801 
0.12011115355362764201 0.82775474518634550858 0.00000000099999999999 0.00000000099999999999 0.05213409926002688516 
0.00380585266432751854 0.99619414433567243794 0.00000000099999999998 0.00000000099999999998 0.00000000099999999998 
0.08519272864129918965 0.89230339661176782950 0.00000000099999999998 0.02250387274693291945 0.00000000099999999998 
0.09905077532100499405 0.88477437113617973807 0.00000000099999999999 0.00000000099999999999 0.01617485154281531751 
0.11207250261756836196 0.88792749438243168125 0.00000000099999999997 0.00000000099999999997 0.00000000099999999997 
0.10855477964965222493 0.89144521735034776277 0.00000000099999999997 0.00000000099999999997 0.00000000099999999997 
0.14413902116044130519 0.85586097583955877965 0.00000000099999999997 0.00000000099999999997 0.00000000099999999997 
0.14892175789624195748 0.85107823910375801635 0.00000000099999999998 0.00000000099999999998 0.00000000099999999998 
0.21792758517740901114 0.78207241182259090717 0.00000000099999999998 0.00000000099999999998 0.00000000099999999998 
0.12445187177052248473 0.87554812522947766951 0.00000000099999999997 0.00000000099999999997 0.00000000099999999997 
0.17469544464143510476 0.78191536779515868893 0.00000000099999999998 0.04338918556340615185 0.00000000099999999998 
0.18261171396249512022 0.80658263040903099839 0.00000000099999999999 0.01080565362847392581 0.00000000099999999999 
0.15893482341744932795 0.84106517358255061811 0.00000000099999999997 0.00000000099999999997 0.00000000099999999997 
0.15754005659022810026 0.81870859487730240911 0.00000000099999999999 0.02375134653246940147 0.00000000099999999999 
0.16458029120479958363 0.83541970579520041795 0.00000000099999999998 0.00000000099999999998 0.00000000099999999998 
0.22947765847988432775 0.77052233852011564608 0.00000000099999999998 0.00000000099999999998 0.00000000099999999998 
0.16323067885705036528 0.83676931814294974732 0.00000000099999999997 0.00000000099999999997 0.00000000099999999997 
0.15821659104977228716 0.84178340595022760340 0.00000000099999999998 0.00000000099999999998 0.00000000099999999998 
0.99999999600000000211 0.00000000099999999994 0.00000000099999999994 0.00000000099999999994 0.00000000099999999994 
0.99999999600000000211 0.00000000099999999995 0.00000000099999999995 0.00000000099999999995 0.00000000099999999995 
0.99999999600000011313 0.00000000099999999995 0.00000000099999999995 0.00000000099999999995 0.00000000099999999995 
0.99999999600000000211 0.00000000099999999996 0.00000000099999999996 0.00000000099999999996 0.00000000099999999996 
0.99999999600000011313 0.00000000099999999994 0.00000000099999999994 0.00000000099999999994 0.00000000099999999994 
0.99999999600000000211 0.00000000099999999996 0.00000000099999999996 0.00000000099999999996 0.00000000099999999996 
0.99999999600000011313 0.00000000099999999994 0.00000000099999999994 0.00000000099999999994 0.00000000099999999994 
0.99017448109170080883 0.00982551590829918581 0.00000000099999999997 0.00000000099999999997 0.00000000099999999997 
0.99999999600000000211 0.00000000099999999995 0.00000000099999999995 0.00000000099999999995 0.00000000099999999995 
0.99999999600000000211 0.00000000099999999995 0.00000000099999999995 0.00000000099999999995 0.00000000099999999995 
0.99999999600000011313 0.00000000099999999996 0.00000000099999999996 0.00000000099999999996 0.00000000099999999996 
0.99999999600000011313 0.00000000099999999994 0.00000000099999999994 0.00000000099999999994 0.00000000099999999994 
0.99999999600000011313 0.00000000099999999997 0.00000000099999999997 0.00000000099999999997 0.00000000099999999997 
0.99999999600000011313 0.00000000099999999995 0.00000000099999999995 0.00000000099999999995 0.00000000099999999995 
0.76723037463741761144 0.15084964089494989903 0.00000000099999999998 0.00000000099999999998 0.08191998246763254610 
0.82455231934869221977 0.17544767765130786508 0.00000000099999999998 0.00000000099999999998 0.00000000099999999998 
0.77254341550801564065 0.20190670847772684837 0.00000000099999999999 0.00000000099999999999 0.02554987401425750856 
0.76665789057547673035 0.23017718282966662113 0.00000000099999999999 0.00007979361914991957 0.00308513197570671862 
0.70607101278548756174 0.22804936719429780290 0.00000000099999999998 0.00000000099999999998 0.06587961802021473356 
0.77314597372214488580 0.18893652572405397749 0.00000000099999999999 0.00001147539610325270 0.03790602415769796923 
0.79927677988323719838 0.18868221076185845431 0.00000000099999999999 0.01204100735490435704 0.00000000099999999999 
0.81504481083541779896 0.09918759477287650284 0.00000000099999999999 0.00000000099999999999 0.08576759239170565763 
0.74652836987866177942 0.24104371213104805460 0.00000000099999999998 0.00000000099999999998 0.01242791599029015141 
0.87008262171990979894 0.07633927592508141236 0.00000000099999999998 0.00000000099999999998 0.05357810035500877588 
0.13226992703750989344 0.00431879313969772260 0.00975060151741010198 0.79183225696494508039 0.06182842134043708970 
0.12298765111443255016 0.05510686629268715664 0.01503630440480703025 0.76462615367409081379 0.04224302451398245090 
0.15100989223356495184 0.08359249772408483548 0.00000000100000000000 0.74643159839586215032 0.01896601064648803167 
0.14703206239284397072 0.00393771971078304799 0.00000000099999999999 0.80047066051432569367 0.04855955638204739744 
0.13860757026944398040 0.07850815794616916588 0.02242360800907238633 0.71870215218712951710 0.04175851158818491560 
0.09601887915413982733 0.07037081362233163495 0.01813915904206638355 0.76436929240248030482 0.05110185577898184589 
0.10088788578011291530 0.00000013929520222826 0.03905652455794272199 0.85021905180345058728 0.00983639856329156063 
0.07870801924058302979 0.05790533786172284703 0.02206166865891759712 0.82152852394585074158 0.01979645029292584346 
0.17412338964403897834 0.10099550555841509125 0.00000000100000000000 0.70168634625928760773 0.02319475753825828851 
0.16004805552194115159 0.06485879177067094270 0.00000000100000000000 0.71670850353289228263 0.05838464817449569300 
0.00000000099999999998 0.06494564614577538753 0.00000000099999999998 0.93505435085422461405 0.00000000099999999998 
0.99999999600000011313 0.00000000099999999997 0.00000000099999999997 0.00000000099999999997 0.00000000099999999997 
0.98546094115207683029 0.01453905584792324936 0.00000000099999999997 0.00000000099999999997 0.00000000099999999997 
0.99999999600000011313 0.00000000099999999998 0.00000000099999999998 0.00000000099999999998 0.00000000099999999998 
0.99999999600000000211 0.00000000099999999997 0.00000000099999999997 0.00000000099999999997 0.00000000099999999997 
0.99999999600000000211 0.00000000099999999998 0.00000000099999999998 0.00000000099999999998 0.00000000099999999998 
0.99999999600000000211 0.00000000099999999997 0.00000000099999999997 0.00000000099999999997 0.00000000099999999997 
0.99999999600000000211 0.00000000099999999996 0.00000000099999999996 0.00000000099999999996 0.00000000099999999996 
0.99999999600000011313 0.00000000099999999996 0.00000000099999999996 0.00000000099999999996 0.00000000099999999996 
0.99999999600000011313 0.00000000099999999996 0.00000000099999999996 0.00000000099999999996 0.00000000099999999996 
0.99999999600000011313 0.00000000099999999997 0.00000000099999999997 0.00000000099999999997 0.00000000099999999997 
0.93331115974937106650 0.06668883725062900447 0.00000000099999999998 0.00000000099999999998 0.00000000099999999998 
0.99999999600000000211 0.00000000099999999997 0.00000000099999999997 0.00000000099999999997 0.00000000099999999997 
0.99999999600000011313 0.00000000099999999997 0.00000000099999999997 0.00000000099999999997 0.00000000099999999997 
0.99999999600000000211 0.00000000099999999997 0.00000000099999999997 0.00000000099999999997 0.00000000099999999997 
