0.00000000099999999994 0.00000000099999999994 0.00000000099999999994 0.00000000099999999994 0.00000000099999999994 0.00000000099999999994 0.99999998600000006288 0.00000000099999999994 0.00000000099999999994 0.00000000099999999994 0.00000000099999999994 0.00000000099999999994 0.00000000099999999994 0.00000000099999999994 0.00000000099999999994 
0.00000000099999999987 0.00000000099999999987 0.00000000099999999987 0.00000000099999999987 0.00000000099999999987 0.00000000099999999987 0.99999998600000006288 0.00000000099999999987 0.00000000099999999987 0.00000000099999999987 0.00000000099999999987 0.00000000099999999987 0.00000000099999999987 0.00000000099999999987 0.00000000099999999987 
0.00000000099999999992 0.00000000099999999992 0.00000000099999999992 0.00000000099999999992 0.00000000099999999992 0.00000000099999999992 0.99999998600000017390 0.00000000099999999992 0.00000000099999999992 0.00000000099999999992 0.00000000099999999992 0.00000000099999999992 0.00000000099999999992 0.00000000099999999992 0.00000000099999999992 
0.00000000099999999986 0.00000000099999999986 0.00000000099999999986 0.00000000099999999986 0.00000000099999999986 0.00000000099999999986 0.99999998600000006288 0.00000000099999999986 0.00000000099999999986 0.00000000099999999986 0.00000000099999999986 0.00000000099999999986 0.00000000099999999986 0.00000000099999999986 0.00000000099999999986 
0.00000000099999999991 0.00000000099999999991 0.00000000099999999991 0.00000000099999999991 0.00000000099999999991 0.00000000099999999991 0.99999998600000017390 0.00000000099999999991 0.00000000099999999991 0.00000000099999999991 0.00000000099999999991 0.00000000099999999991 0.00000000099999999991 0.00000000099999999991 0.00000000099999999991 
0.00000000099999999997 0.04483275056112457496 0.00000000099999999997 0.00000000099999999997 0.00000000325399863706 0.00000000099999999997 0.95516723418487692321 0.00000000099999999997 0.00000000099999999997 0.00000000099999999997 0.00000000099999999997 0.00000000099999999997 0.00000000099999999997 0.00000000099999999997 0.00000000099999999997 
0.00000000099999999993 0.00000000099999999993 0.00000000099999999993 0.00000000099999999993 0.00000000099999999993 0.00000000099999999993 0.99999998600000017390 0.00000000099999999993 0.00000000099999999993 0.00000000099999999993 0.00000000099999999993 0.00000000099999999993 0.00000000099999999993 0.00000000099999999993 0.00000000099999999993 
0.00000000099999999997 0.01891888683291952436 0.00000000099999999997 0.00000000099999999997 0.00000000099999999997 0.00000000099999999997 0.84392030024260777932 0.00000000099999999997 0.00000000099999999997 0.00000000099999999997 0.00000000099999999997 0.04047867102795940641 0.02880055193775041961 0.00000000099999999997 0.06788157995876295536 
0.00000000099999999992 0.00000000099999999992 0.00000000099999999992 0.00000000099999999992 0.00000000099999999992 0.00000000099999999992 0.99999998600000017390 0.00000000099999999992 0.00000000099999999992 0.00000000099999999992 0.00000000099999999992 0.00000000099999999992 0.00000000099999999992 0.00000000099999999992 0.00000000099999999992 
0.00000000099999999997 0.03344776337922614889 0.00000000099999999997 0.00000000099999999997 0.00000000099999999997 0.00000000099999999997 0.88796847283820723451 0.00000000099999999997 0.00000000099999999997 0.00000000099999999997 0.00000000099999999997 0.00000000099999999997 0.02538254276940192511 0.00000000099999999997 0.05320121001316471809 
0.00000000099999999989 0.00000000099999999989 0.00000000099999999989 0.00000000099999999989 0.00000000099999999989 0.00000000099999999989 0.99999998600000017390 0.00000000099999999989 0.00000000099999999989 0.00000000099999999989 0.00000000099999999989 0.00000000099999999989 0.00000000099999999989 0.00000000099999999989 0.00000000099999999989 
0.00000000099999999991 0.00000000099999999991 0.00000000099999999991 0.00000000099999999991 0.00000000099999999991 0.00000000099999999991 0.99999998600000006288 0.00000000099999999991 0.00000000099999999991 0.00000000099999999991 0.00000000099999999991 0.00000000099999999991 0.00000000099999999991 0.00000000099999999991 0.00000000099999999991 
0.00000000099999999994 0.00000000099999999994 0.00000000099999999994 0.01271695386236490130 0.00000000099999999994 0.00000000099999999994 0.98322907967472861213 0.00000000099999999994 0.00000000099999999994 0.00000000099999999994 0.00000000099999999994 0.00000000099999999994 0.00405395446290673662 0.00000000099999999994 0.00000000099999999994 
0.00000000099999999985 0.00000000099999999985 0.00000000099999999985 0.00000000099999999985 0.00000000099999999985 0.00000000099999999985 0.00000000099999999985 0.00000000099999999985 0.00000000099999999985 0.00000000099999999985 0.00000000099999999985 0.00000000099999999985 0.00000000099999999985 0.99999998599999995186 0.00000000099999999985 
0.00000000099999999991 0.00000000099999999991 0.00000000099999999991 0.00000000099999999991 0.00000000099999999991 0.00000000099999999991 0.00000000099999999991 0.00000000099999999991 0.00000000099999999991 0.00000000099999999991 0.00000000099999999991 0.00000000099999999991 0.00000000099999999991 0.99999998600000006288 0.00000000099999999991 
0.00000000099999999994 0.00000000099999999994 0.00000000099999999994 0.00000000099999999994 0.00000000099999999994 0.00000000099999999994 0.00000000099999999994 0.00000000099999999994 0.00000000099999999994 0.02385460318007951580 0.00000000099999999994 0.00000000099999999994 0.00806688162650569078 0.96807850319341470779 0.00000000099999999994 
0.00000000099999999992 0.00000000099999999992 0.00000000099999999992 0.00000000099999999992 0.00000000099999999992 0.00000000099999999992 0.00000000099999999992 0.00000000099999999992 0.00000000099999999992 0.00000000099999999992 0.00000000099999999992 0.00000000099999999992 0.00000000099999999992 0.99999998600000006288 0.00000000099999999992 
0.00000000099999999992 0.00000000099999999992 0.00000000099999999992 0.00000000099999999992 0.00000000099999999992 0.00000000099999999992 0.00000000099999999992 0.00000000099999999992 0.00000000099999999992 0.00000000099999999992 0.00000000099999999992 0.00000000099999999992 0.00000000099999999992 0.99999998599999995186 0.00000000099999999992 
0.00000000099999999992 0.00000000099999999992 0.00000000099999999992 0.00000000099999999992 0.00000000099999999992 0.00000000099999999992 0.00000000099999999992 0.00000000099999999992 0.00000000099999999992 0.00000000099999999992 0.00000000099999999992 0.00000000099999999992 0.00000000099999999992 0.99999998599999995186 0.00000000099999999992 
0.00000000099999999989 0.00000000099999999989 0.00000000099999999989 0.00000000099999999989 0.00000000099999999989 0.00000000099999999989 0.00000000099999999989 0.00000000099999999989 0.00000000099999999989 0.00000000099999999989 0.00000000099999999989 0.00000000099999999989 0.00000000099999999989 0.99999998600000006288 0.00000000099999999989 
0.00000000099999999994 0.00000000099999999994 0.00000000099999999994 0.00000000099999999994 0.00000000099999999994 0.01329817913731450030 0.00000000099999999994 0.00000000099999999994 0.00000000099999999994 0.00000000099999999994 0.00000000099999999994 0.00000000099999999994 0.00530962907682530540 0.98139217978586013036 0.00000000099999999994 
0.12117565102441041347 0.00000000099999999992 0.00000000099999999992 0.00000000099999999992 0.00000000099999999992 0.00000000099999999992 0.00000000099999999992 0.00000000099999999992 0.00000000099999999992 0.00000000099999999992 0.00000000099999999992 0.00000000099999999992 0.00000000099999999992 0.87882433597558951011 0.00000000099999999992 
0.00000000099999999987 0.00000000099999999987 0.00000000099999999987 0.00000000099999999987 0.00000000099999999987 0.00000000099999999987 0.00000000099999999987 0.00000000099999999987 0.00000000099999999987 0.00000000099999999987 0.00000000099999999987 0.00000000099999999987 0.00000000099999999987 0.99999998600000006288 0.00000000099999999987 
0.09479266467104005556 0.00003153045387500527 0.00000000099999999996 0.00000000099999999996 0.00000000099999999996 0.00000000099999999996 0.00000000099999999996 0.00688857638723420086 0.00000000099999999996 0.00000000099999999996 0.00000000099999999996 0.00000000099999999996 0.00693640440651983360 0.89135081408133098879 0.00000000099999999996 
0.16404277284436327711 0.00000000099999999996 0.00000000099999999996 0.00000000099999999996 0.00000000099999999996 0.00000000099999999996 0.00000000099999999996 0.00000000099999999996 0.00000000099999999996 0.01230508053866688663 0.04115217567550995270 0.00000000099999999996 0.00000000099999999996 0.78249995994145982170 0.00000000099999999996 
0.00000000099999999993 0.00000000099999999993 0.00000000099999999993 0.00000000099999999993 0.00000000099999999993 0.00000000099999999993 0.00000000099999999993 0.00000000099999999993 0.00000000099999999993 0.00000000099999999993 0.00000000099999999993 0.00000000099999999993 0.00000000099999999993 0.99999998599999995186 0.00000000099999999993 
0.13896961135453453351 0.00000000099999999997 0.02441480695679026924 0.00000000099999999997 0.00000000099999999997 0.00000000099999999997 0.00000000099999999997 0.00000000099999999997 0.00000000099999999997 0.02676602789786386438 0.00000000099999999997 0.00000000099999999997 0.02051597093976220004 0.78933357285104899237 0.00000000099999999997 
0.01035476526285529324 0.00000000099999999992 0.00000000099999999992 0.00000000099999999992 0.00000000099999999992 0.00000000099999999992 0.00000000099999999992 0.00000000099999999992 0.00000000099999999992 0.00000000099999999992 0.00000000099999999992 0.00000000099999999992 0.00000000099999999992 0.98964522173714464248 0.00000000099999999992 
0.00000000099999999990 0.00000000099999999990 0.00000000099999999990 0.00000000099999999990 0.00000000099999999990 0.00000000099999999990 0.00000000099999999990 0.00000000099999999990 0.00000000099999999990 0.00000000099999999990 0.00000000099999999990 0.00000000099999999990 0.00000000099999999990 0.99999998600000006288 0.00000000099999999990 
0.04513060167316203242 0.00000000099999999994 0.00000000099999999994 0.00000000099999999994 0.00000000099999999994 0.00000000099999999994 0.00000000099999999994 0.00000000099999999994 0.95082189752452150877 0.00000000099999999994 0.00404748880231653972 0.00000000099999999994 0.00000000099999999994 0.00000000099999999994 0.00000000099999999994 
0.00000000099999999977 0.00000000099999999977 0.00000000099999999977 0.00000000099999999977 0.00000000099999999977 0.00000000099999999977 0.00000000099999999977 0.00000000099999999977 0.99999998600000017390 0.00000000099999999977 0.00000000099999999977 0.00000000099999999977 0.00000000099999999977 0.00000000099999999977 0.00000000099999999977 
0.00000000099999999992 0.00000000099999999992 0.00000000099999999992 0.00000000099999999992 0.00000000099999999992 0.00000000099999999992 0.00000000099999999992 0.00000000099999999992 0.97843724402029930154 0.00000000099999999992 0.02156274297970073653 0.00000000099999999992 0.00000000099999999992 0.00000000099999999992 0.00000000099999999992 
0.04742552131717347325 0.00000000099999999995 0.00000000099999999995 0.00000000099999999995 0.00000000099999999995 0.00000000099999999995 0.00000000099999999995 0.00000000099999999995 0.95257446568282666544 0.00000000099999999995 0.00000000099999999995 0.00000000099999999995 0.00000000099999999995 0.00000000099999999995 0.00000000099999999995 
0.00000000099999999991 0.02982826716336812317 0.00000000099999999991 0.00000000099999999991 0.00000000099999999991 0.00000000099999999991 0.00000000099999999991 0.00000000099999999991 0.97017171983663208490 0.00000000099999999991 0.00000000099999999991 0.00000000099999999991 0.00000000099999999991 0.00000000099999999991 0.00000000099999999991 
0.00000000099999999993 0.00000000099999999993 0.00000000099999999993 0.00000000099999999993 0.00000000099999999993 0.00000000099999999993 0.00000000099999999993 0.00000000099999999993 0.99999998600000017390 0.00000000099999999993 0.00000000099999999993 0.00000000099999999993 0.00000000099999999993 0.00000000099999999993 0.00000000099999999993 
0.00000000099999999977 0.00000000099999999977 0.00000000099999999977 0.00000000099999999977 0.00000000099999999977 0.00000000099999999977 0.00000000099999999977 0.00000000099999999977 0.99999998600000017390 0.00000000099999999977 0.00000000099999999977 0.00000000099999999977 0.00000000099999999977 0.00000000099999999977 0.00000000099999999977 
0.00000000099999999996 0.00000000099999999996 0.00000000099999999996 0.00000000099999999996 0.00000000099999999996 0.00000000099999999996 0.00000000099999999996 0.00000000099999999996 0.89580416949975893992 0.10419581750024120570 0.00000000099999999996 0.00000000099999999996 0.00000000099999999996 0.00000000099999999996 0.00000000099999999996 
0.25553178967339418293 0.00000000099999999994 0.00000000099999999994 0.00000000099999999994 0.00000000099999999994 0.00000000099999999994 0.00000000099999999994 0.00000000099999999994 0.60257031884777245700 0.04150908206900645603 0.07646021653135008644 0.00000000099999999994 0.00000000099999999994 0.02392858287847654530 0.00000000099999999994 
0.00000000099999999994 0.00000000099999999994 0.00000000099999999994 0.00000000099999999994 0.00000000099999999994 0.00000000099999999994 0.00000000099999999994 0.00000000099999999994 0.99999998600000006288 0.00000000099999999994 0.00000000099999999994 0.00000000099999999994 0.00000000099999999994 0.00000000099999999994 0.00000000099999999994 
0.99999998260798328431 0.00000000099999999983 0.00000000099999999983 0.00000000099999999983 0.00000000099999999983 0.00000000099999999983 0.00000000099999999983 0.00000000099999999983 0.00000000099999999983 0.00000000439201710892 0.00000000099999999983 0.00000000099999999983 0.00000000099999999983 0.00000000099999999983 0.00000000099999999983 
0.03493231284010901716 0.01350843638369447069 0.00000000099999999997 0.00000069009703096769 0.00000000099999999997 0.00000000099999999997 0.00000000099999999997 0.00000000099999999997 0.81908850119836329462 0.05121164547710449488 0.03290302664455942161 0.00000000099999999997 0.00000000099999999997 0.04835537935913852142 0.00000000099999999997 
0.00000000099999999989 0.00000000099999999989 0.00000000099999999989 0.00000000099999999989 0.00000000099999999989 0.00000000099999999989 0.00000000099999999989 0.00000000099999999989 0.99999998600000006288 0.00000000099999999989 0.00000000099999999989 0.00000000099999999989 0.00000000099999999989 0.00000000099999999989 0.00000000099999999989 
0.00000000099999999992 0.00000000099999999992 0.00000000099999999992 0.00000000099999999992 0.00000000099999999992 0.00000000099999999992 0.00000000099999999992 0.00000000099999999992 0.99999998600000017390 0.00000000099999999992 0.00000000099999999992 0.00000000099999999992 0.00000000099999999992 0.00000000099999999992 0.00000000099999999992 
0.00000000099999999993 0.00000000099999999993 0.00000000099999999993 0.00000000099999999993 0.00000000099999999993 0.00000000099999999993 0.00000000099999999993 0.00000000099999999993 0.99999998600000006288 0.00000000099999999993 0.00000000099999999993 0.00000000099999999993 0.00000000099999999993 0.00000000099999999993 0.00000000099999999993 
0.00000000099999999993 0.00000000099999999993 0.00000000099999999993 0.00000000099999999993 0.00000000099999999993 0.00000000099999999993 0.00000000099999999993 0.00000000099999999993 0.99999998600000006288 0.00000000099999999993 0.00000000099999999993 0.00000000099999999993 0.00000000099999999993 0.00000000099999999993 0.00000000099999999993 
0.03963420231969955188 0.00000000099999999993 0.00000000099999999993 0.00000000099999999993 0.00000000099999999993 0.00000000099999999993 0.00000000099999999993 0.00000000099999999993 0.96036578468030064926 0.00000000099999999993 0.00000000099999999993 0.00000000099999999993 0.00000000099999999993 0.00000000099999999993 0.00000000099999999993 
0.71310372057972748472 0.00000000099999999997 0.00000000099999999997 0.00876061261888009223 0.00000000099999999997 0.00000000099999999997 0.04566022135534077153 0.00000000099999999997 0.00679767061560808752 0.10862047524165849288 0.02903184664781825047 0.08802544494096684047 0.00000000099999999997 0.00000000099999999997 0.00000000099999999997 
0.04944438685671869588 0.29751117619980338436 0.07599065986840429499 0.00000000099999999999 0.09206013292643359935 0.00000000099999999999 0.08017978437554616755 0.00973767307507833989 0.00000000099999999999 0.04181934359959015718 0.03915508989924424560 0.00000000099999999999 0.00000000099999999999 0.00000000641725269945 0.31410174178192851180 
0.09871374388809017741 0.28632627760882267687 0.10503198464098000009 0.00000000099999999997 0.12398474032294169722 0.00000000099999999997 0.00000000099999999997 0.00000000099999999997 0.00000000099999999997 0.05090352138141815419 0.00000000099999999997 0.00000000099999999997 0.00000000099999999997 0.00000000099999999997 0.33503972315774738222 
0.00007923807229939813 0.30220420870323405627 0.11584786804316316022 0.00000000099999999997 0.12846946301524031497 0.00000000099999999997 0.00000000099999999997 0.02256363831544406021 0.00000000099999999997 0.07138305140863199227 0.00000000099999999997 0.00000000099999999997 0.00000000099999999997 0.00000000099999999997 0.35945252444198733111 
0.02260582621454076610 0.29043502231963974625 0.13674127670653127287 0.02581351093551190190 0.12314353986799254914 0.00000000099999999998 0.00000000099999999998 0.07562727405143895854 0.00000000099999999998 0.00000000099999999998 0.00000000099999999998 0.00000000099999999998 0.00000000099999999998 0.00814698448381784290 0.31748655842052725395 
0.00000000099999999997 0.26316800124101480396 0.13283753046757820759 0.00000000099999999997 0.11454980752167374936 0.00000000099999999997 0.00000000099999999997 0.00000000099999999997 0.00000000099999999997 0.07601305852714214384 0.00000000099999999997 0.00000000099999999997 0.00000000099999999997 0.05411346763990440567 0.35931812560268666656 
0.00668463394029777166 0.28835556858395278157 0.16512306318028641128 0.00684371924754116016 0.13862573818554740912 0.00000000099999999999 0.00000000099999999999 0.00000000099999999999 0.00000000099999999999 0.05125431729971761247 0.01660493323754521494 0.00000000099999999999 0.00000000099999999999 0.00000000099999999999 0.32650801932511186454 
0.01887921475370786528 0.27490006797052202181 0.07129776836499393533 0.01712691757492222980 0.10185190956609289914 0.00000000099999999997 0.09028497247841392459 0.00784337170538180334 0.00000000099999999997 0.08950156890509901320 0.00000000099999999997 0.00000000099999999997 0.00782477772107823509 0.01522631004883855804 0.30526311691094959455 
0.00661552862697022039 0.29014421767580561573 0.12570512629767077728 0.00000000099999999999 0.15301642867969045270 0.00000000099999999999 0.00000000099999999999 0.04989224304570340218 0.00000000099999999999 0.06294481223551127991 0.03206873793638699566 0.00000000099999999999 0.01034820321317238279 0.00000000099999999999 0.26926469628908894505 
0.02232118931731219905 0.26780585335897100219 0.13491932380778692835 0.00000000099999999998 0.13807112740170465748 0.00000000099999999998 0.00000000099999999998 0.05888065951127564174 0.00000000099999999998 0.00000000099999999998 0.00000000099999999998 0.00000000099999999998 0.00000000099999999998 0.07389895194254531008 0.30410288666040441452 
0.01349618386826799410 0.29796527333590000497 0.08907897488314504841 0.00000000099999999998 0.11621031229902306636 0.00000000099999999998 0.02168196478273404573 0.00000000099999999998 0.00000000099999999998 0.06875650096728531946 0.00000000099999999998 0.00000000099999999998 0.02703579255521287167 0.00000000099999999998 0.36577499030843180217 
0.39656749225031473483 0.00000000099999999994 0.00000000099999999994 0.00000000099999999994 0.00000000099999999994 0.00000000099999999994 0.00000000099999999994 0.00000000099999999994 0.59193116432302306240 0.00000000099999999994 0.00000000099999999994 0.01150133142666194888 0.00000000099999999994 0.00000000099999999994 0.00000000099999999994 
0.53445388810797911372 0.00000000099999999994 0.00000000099999999994 0.00000000099999999994 0.01154189781650602833 0.00000000099999999994 0.00000000099999999994 0.01231547359141213493 0.40839864227052158352 0.03329008821358132864 0.00000000099999999994 0.00000000099999999994 0.00000000099999999994 0.00000000099999999994 0.00000000099999999994 
0.48986908173893572993 0.00000000099999999990 0.00000000099999999990 0.00000000099999999990 0.00000000099999999990 0.00000000099999999990 0.00000000099999999990 0.00000000099999999990 0.51013090526106419365 0.00000000099999999990 0.00000000099999999990 0.00000000099999999990 0.00000000099999999990 0.00000000099999999990 0.00000000099999999990 
0.47766656907266658028 0.00000000099999999991 0.00000000099999999991 0.00000000099999999991 0.00000000099999999991 0.00000000099999999991 0.00000000099999999991 0.00000000099999999991 0.52233341566661828370 0.00000000099999999991 0.00000000099999999991 0.00000000099999999991 0.00000000326071515457 0.00000000099999999991 0.00000000099999999991 
0.54568472320299254985 0.00000000099999999995 0.00000000099999999995 0.04415838733076386108 0.00000000099999999995 0.00000000099999999995 0.00000000099999999995 0.01148974409622448983 0.39866713437001938258 0.00000000099999999995 0.00000000099999999995 0.00000000099999999995 0.00000000099999999995 0.00000000099999999995 0.00000000099999999995 
0.47949664207866610210 0.00000000099999999995 0.00000000099999999995 0.00000000099999999995 0.01866436055175689848 0.00000000099999999995 0.00000000099999999995 0.00544093813599640184 0.45373423490787706536 0.04266381432570346549 0.00000000099999999995 0.00000000099999999995 0.00000000099999999995 0.00000000099999999995 0.00000000099999999995 
0.47714440987722894771 0.00000000099999999990 0.00000000099999999990 0.00000000099999999990 0.00000000099999999990 0.00000000099999999990 0.00000000099999999990 0.00000000099999999990 0.52285557712277097586 0.00000000099999999990 0.00000000099999999990 0.00000000099999999990 0.00000000099999999990 0.00000000099999999990 0.00000000099999999990 
0.43985759650345501726 0.00981131783472054091 0.00000000099999999995 0.00000000099999999995 0.00833461273854225332 0.00000000099999999995 0.00000000099999999995 0.00000000099999999995 0.54199646192328221339 0.00000000099999999995 0.00000000099999999995 0.00000000099999999995 0.00000000099999999995 0.00000000099999999995 0.00000000099999999995 
0.77630702584221711327 0.00000000099999999991 0.00000000099999999991 0.00000000099999999991 0.00000000099999999991 0.00000000099999999991 0.00000000099999999991 0.00000000099999999991 0.22369296115778328216 0.00000000099999999991 0.00000000099999999991 0.00000000099999999991 0.00000000099999999991 0.00000000099999999991 0.00000000099999999991 
0.55747650861739317385 0.00407958737527844197 0.00000000099999999993 0.00000000099999999993 0.00000000099999999993 0.00000000099999999993 0.00000000099999999993 0.00000000099999999993 0.43844389200732863943 0.00000000099999999993 0.00000000099999999993 0.00000000099999999993 0.00000000099999999993 0.00000000099999999993 0.00000000099999999993 
0.07383297255939252901 0.01428834735799881968 0.03818235324427474847 0.02006640863636434055 0.01923839942928770932 0.00000000099999999998 0.63757268027093094709 0.05316901569839577180 0.00000000608241489832 0.00000000099999999998 0.12116128906212238203 0.01532707985580290984 0.00682819596861100695 0.00033324883440371080 0.00000000099999999998 
0.00000000099999999996 0.00000000099999999996 0.00000000099999999996 0.00000000099999999996 0.00000000099999999996 0.00000000099999999996 0.78649863949170661925 0.00000000099999999996 0.11018991080069395760 0.00000000099999999996 0.04095386528454740549 0.00000000099999999996 0.00322641985143619532 0.05913115457161591260 0.00000000099999999996 
0.03210877347838276413 0.02776700036857879597 0.05613738439692048110 0.00000000099999999999 0.00443870721239833510 0.00000000099999999999 0.39383809017512572126 0.02726170417046611463 0.03328308929257282889 0.01731524364053927886 0.15416942376816480942 0.00000000099999999999 0.03805717015331543801 0.21562340934353541044 0.00000000099999999999 
0.01057370932581372727 0.00000000099999999999 0.00000000099999999999 0.00000000099999999999 0.00000000099999999999 0.01733084145963488878 0.67958965915223246146 0.01915329092330059560 0.00000000099999999999 0.00000020944344936403 0.10292962175317738049 0.06246919661133511908 0.00074051743220766516 0.10721294789884885934 0.00000000099999999999 
0.19205383546952223273 0.03791103279840956491 0.02448791830649006337 0.00000000099999999997 0.00000000099999999997 0.00000000099999999997 0.00000000099999999997 0.33890200756707089536 0.24125436875033501316 0.09503437956749759274 0.06681864821762738271 0.00353780232304720665 0.00000000099999999997 0.00000000099999999997 0.00000000099999999997 
0.25247284483668136490 0.00000000099999999998 0.01222681340170102444 0.00000000099999999998 0.00000000099999999998 0.00000000099999999998 0.00000000099999999998 0.28463134348415264352 0.24867644069204181134 0.11334352158802243893 0.07211237685866456193 0.01653665113873598047 0.00000000099999999998 0.00000000099999999998 0.00000000099999999998 
0.29015564689302819623 0.00000000099999999996 0.00000000099999999996 0.00000000099999999996 0.00000000099999999996 0.00000000099999999996 0.00000000099999999996 0.25014496033951272302 0.17014890646553401665 0.13294052501261433008 0.08128494102183013437 0.01464417547824785337 0.00000000099999999996 0.06068083678923245905 0.00000000099999999996 
0.31948468921539535659 0.00000000099999999998 0.02904119437382052596 0.01297990997976138962 0.00000000099999999998 0.00000000099999999998 0.00000000099999999998 0.28134990625484718185 0.11971598718129961014 0.04511158804943471434 0.06557070237164866477 0.05437555066921682251 0.00000376388038371915 0.07236670302419186129 0.00000000099999999998 
0.29934898376953084087 0.00157931787975197288 0.00000000099999999997 0.00397070690068729564 0.00000000099999999997 0.00000000099999999997 0.00000000099999999997 0.36934283627523778470 0.12039492811121402238 0.07525298383681738867 0.06816218784832669964 0.04775354814288256672 0.00000000099999999997 0.01419450123555145854 0.00000000099999999997 
0.25380713800333726260 0.00000000099999999997 0.04750465770039381114 0.00000000099999999997 0.00000000099999999997 0.00000000099999999997 0.00000000099999999997 0.24120760218080342097 0.20180262520323730135 0.08755221247100485049 0.00000012745674524658 0.04153756702985641341 0.00000000099999999997 0.12658806295462154967 0.00000000099999999997 
0.00000000099999999975 0.00000000099999999975 0.00000000099999999975 0.00000000099999999975 0.00000000099999999975 0.00000000099999999975 0.00000000099999999975 0.00000000099999999975 0.00000000099999999975 0.00000000099999999975 0.00000000099999999975 0.99999998599999995186 0.00000000099999999975 0.00000000099999999975 0.00000000099999999975 
0.27409443422114415645 0.00000003479835793959 0.00000000099999999999 0.00000000099999999999 0.00000000099999999999 0.00000000099999999999 0.00000000099999999999 0.00000000099999999999 0.14294059882412701867 0.02091083689026792397 0.13389785060048353671 0.00344637792982816025 0.03519879273923983559 0.38951106699655135834 0.00000000099999999999 
0.16699959190404906062 0.00000000099999999998 0.00000000099999999998 0.03043257975262591078 0.00000000099999999998 0.00000000099999999998 0.11711017296300170465 0.00000001081398085809 0.13377574137404332766 0.06756973355900966483 0.14642508939562148829 0.00562548938374149432 0.00000000099999999998 0.33206158485392650581 0.00000000099999999998 
0.18785535262463740058 0.00000000099999999998 0.02156947620207711608 0.01715544254083201797 0.00000000099999999998 0.00000000099999999998 0.00000000099999999998 0.00000000099999999998 0.08431511735168027710 0.12171464434438253321 0.11340432467246959469 0.03205011676571112994 0.01560796428180136024 0.40632755521640845364 0.00000000099999999998 
0.16876607100535181982 0.00000000099999999998 0.00625633300508181799 0.01072139375902803407 0.04325506517713053473 0.00355302365199173598 0.00000000099999999998 0.00000000099999999998 0.07833204878485398870 0.16015273739884891557 0.09943909939805391229 0.04747956445138129533 0.00000000099999999998 0.38204465836827788960 0.00000000099999999998 
0.07484993519004613793 0.00000000099999999998 0.00000000099999999998 0.01334593243453290230 0.00000000099999999998 0.00759224665176322453 0.11977641966103086402 0.08331393133992356925 0.07758173444018404141 0.03482799798476598346 0.16115922371606591912 0.01847301216989486253 0.00000000099999999998 0.40907956141179252496 0.00000000099999999998 
0.09015684104135252008 0.00000000099999999999 0.00000000099999999999 0.00000000099999999999 0.00763570691601999502 0.00558437540549185790 0.00000000099999999999 0.07245032942680444676 0.12966996273839950793 0.11184630623361288548 0.04340156071518633946 0.02070393591728001553 0.00761383619707229828 0.51093714040878013272 0.00000000099999999999 
0.12466161679037401910 0.00000000099999999998 0.00000000099999999998 0.00539366899781845623 0.00000000099999999998 0.02025804223669393916 0.02797192575795898195 0.07910784741234432038 0.12918116429708623172 0.07256068666697422509 0.10462912242633910787 0.01220153343540822909 0.00000000099999999998 0.42403438697900230903 0.00000000099999999998 
0.12702131718046263953 0.00182012911383746547 0.04775206401322440453 0.03445657819357433871 0.00000000099999999998 0.00000000099999999998 0.07411662458477248638 0.09357370308913817714 0.08268500818487534154 0.04931964732219477898 0.09572557258822092519 0.02455223803264462365 0.00000000099999999998 0.36897711369705493700 0.00000000099999999998 
0.14132069791276669068 0.00000000099999999998 0.05550128989652639705 0.01168300857862318055 0.00000000099999999998 0.00000000099999999998 0.06237620771068125985 0.01970805393515830811 0.16783042190050037612 0.11739112798190966258 0.05873110847759759057 0.00829936110272032693 0.00000000099999999998 0.35715871750351607661 0.00000000099999999998 
0.23003612437727441464 0.00000000099999999998 0.00000000099999999998 0.00000000099999999998 0.00000000099999999998 0.00378951055539661439 0.04807408209367760449 0.06652861875105652023 0.10732958594922285822 0.00000000099999999998 0.12006034243006925843 0.00695766307292918895 0.00000000099999999998 0.41722406577037352005 0.00000000099999999998 
0.08124906962524687526 0.00000000099999999999 0.01954255989673805288 0.04725391157228359118 0.01187104629161902201 0.01056960738253335391 0.05186371045115836798 0.04995540471130788945 0.13642240664998811495 0.15268962354604995180 0.12879224281670703656 0.00000000099999999999 0.01125384766023656592 0.29853656639613113111 0.00000000099999999999 
0.15036427928862017289 0.02486950439334316768 0.00000000099999999999 0.03869986864917377561 0.00000000099999999999 0.00268605660495016291 0.03330526311144001161 0.04568405480236492622 0.08893947959026458905 0.08987825353765935277 0.07820203649110357702 0.03483692123532032558 0.00000000099999999999 0.41253427829575983754 0.00000000099999999999 
0.21422466056614122842 0.03698278005958812592 0.02966984907079638772 0.01921520199656930050 0.00000000099999999998 0.00000000099999999998 0.00000000099999999998 0.03190896829591655104 0.08039320102749543395 0.09081363275693243864 0.06305960435015259269 0.03106390466590897709 0.00000000099999999998 0.40266819221049882094 0.00000000099999999998 
0.00000000099999999996 0.00000000099999999996 0.02851069579164420761 0.00000000099999999996 0.00000000099999999996 0.00000000099999999996 0.13168650916015331442 0.09113909333492313525 0.00000000099999999996 0.00000000099999999996 0.14236643693162207014 0.04109513081496449921 0.00000000099999999996 0.56520212496669264279 0.00000000099999999996 
0.30603899939566175936 0.00006203128563746866 0.03309109536883950153 0.00590038829131096267 0.00000000099999999998 0.00000000099999999998 0.05668553610091288386 0.05250825918781539675 0.07148054975710359249 0.08469730187876191307 0.04651623140526006672 0.02844404293039911810 0.00000000099999999998 0.31457556039829737138 0.00000000099999999998 
0.54090024369397415871 0.32008319153012615432 0.00000000099999999993 0.00204227342986884781 0.00591839269693286273 0.00000000099999999993 0.00000000099999999993 0.03715248383643359603 0.00000000099999999993 0.04861787526354576644 0.00000000099999999993 0.00000000099999999993 0.04528553154911894169 0.00000000099999999993 0.00000000099999999993 
0.00000000099999999966 0.99999998600000028492 0.00000000099999999966 0.00000000099999999966 0.00000000099999999966 0.00000000099999999966 0.00000000099999999966 0.00000000099999999966 0.00000000099999999966 0.00000000099999999966 0.00000000099999999966 0.00000000099999999966 0.00000000099999999966 0.00000000099999999966 0.00000000099999999966 
0.00000000099999999961 0.99999998600000028492 0.00000000099999999961 0.00000000099999999961 0.00000000099999999961 0.00000000099999999961 0.00000000099999999961 0.00000000099999999961 0.00000000099999999961 0.00000000099999999961 0.00000000099999999961 0.00000000099999999961 0.00000000099999999961 0.00000000099999999961 0.00000000099999999961 
0.00000000099999999979 0.99999998600000028492 0.00000000099999999979 0.00000000099999999979 0.00000000099999999979 0.00000000099999999979 0.00000000099999999979 0.00000000099999999979 0.00000000099999999979 0.00000000099999999979 0.00000000099999999979 0.00000000099999999979 0.00000000099999999979 0.00000000099999999979 0.00000000099999999979 
0.00000000099999999965 0.99999998600000028492 0.00000000099999999965 0.00000000099999999965 0.00000000099999999965 0.00000000099999999965 0.00000000099999999965 0.00000000099999999965 0.00000000099999999965 0.00000000099999999965 0.00000000099999999965 0.00000000099999999965 0.00000000099999999965 0.00000000099999999965 0.00000000099999999965 
0.00000000099999999965 0.99999998600000039595 0.00000000099999999965 0.00000000099999999965 0.00000000099999999965 0.00000000099999999965 0.00000000099999999965 0.00000000099999999965 0.00000000099999999965 0.00000000099999999965 0.00000000099999999965 0.00000000099999999965 0.00000000099999999965 0.00000000099999999965 0.00000000099999999965 
0.00000000099999999982 0.99999998600000039595 0.00000000099999999982 0.00000000099999999982 0.00000000099999999982 0.00000000099999999982 0.00000000099999999982 0.00000000099999999982 0.00000000099999999982 0.00000000099999999982 0.00000000099999999982 0.00000000099999999982 0.00000000099999999982 0.00000000099999999982 0.00000000099999999982 
0.00000000099999999966 0.99999998600000028492 0.00000000099999999966 0.00000000099999999966 0.00000000099999999966 0.00000000099999999966 0.00000000099999999966 0.00000000099999999966 0.00000000099999999966 0.00000000099999999966 0.00000000099999999966 0.00000000099999999966 0.00000000099999999966 0.00000000099999999966 0.00000000099999999966 
0.17484533568875029741 0.80619514555831539582 0.00000000099999999990 0.00000000099999999990 0.00000000099999999990 0.00000000099999999990 0.00000000099999999990 0.00000000099999999990 0.00000000099999999990 0.00000048929324466227 0.00000000099999999990 0.00000000099999999990 0.01895901845969005795 0.00000000099999999990 0.00000000099999999990 
0.00000000099999999976 0.99999998600000028492 0.00000000099999999976 0.00000000099999999976 0.00000000099999999976 0.00000000099999999976 0.00000000099999999976 0.00000000099999999976 0.00000000099999999976 0.00000000099999999976 0.00000000099999999976 0.00000000099999999976 0.00000000099999999976 0.00000000099999999976 0.00000000099999999976 
0.35064678940071630775 0.00000000099999999998 0.00000000099999999998 0.00418509541311649306 0.01119231093190523052 0.01743817900692951409 0.00000000099999999998 0.01764935805274805980 0.56538630440278736522 0.03350195479179716995 0.00000000099999999998 0.00000000099999999998 0.00000000099999999998 0.00000000099999999998 0.00000000099999999998 
0.31813277391218636181 0.00000000099999999993 0.00000000099999999993 0.01547078488509239826 0.00000000099999999993 0.00517628386544007925 0.00000000099999999993 0.00883179846655846208 0.65238834887072272295 0.00000000099999999993 0.00000000099999999993 0.00000000099999999993 0.00000000099999999993 0.00000000099999999993 0.00000000099999999993 
0.80688798757493640501 0.06199731529683890491 0.00000000099999999998 0.00000000099999999998 0.00000000099999999998 0.00049846102600723582 0.00000000099999999998 0.07374517673917568850 0.00000000099999999998 0.00000000099999999998 0.00000000099999999998 0.00000000099999999998 0.00000000099999999998 0.05687104936304199221 0.00000000099999999998 
0.89551722936964761601 0.09928163234496564793 0.00000000099999999991 0.00000000099999999991 0.00000000099999999991 0.00000000099999999991 0.00000000099999999991 0.00520112628538705896 0.00000000099999999991 0.00000000099999999991 0.00000000099999999991 0.00000000099999999991 0.00000000099999999991 0.00000000099999999991 0.00000000099999999991 
0.82095002116520898738 0.08473021893014537342 0.00000000099999999997 0.03580219306255811446 0.02955514553044476939 0.00000000099999999997 0.00000000099999999997 0.00805427320810789792 0.00000000099999999997 0.00000000099999999997 0.00000000099999999997 0.00000000099999999997 0.00571849905236646461 0.01518964105116852627 0.00000000099999999997 
0.86640125358670694311 0.08444460300453822399 0.00000000099999999992 0.00000000099999999992 0.02564468462372128735 0.00000000099999999992 0.00000000099999999992 0.02350944778503387747 0.00000000099999999992 0.00000000099999999992 0.00000000099999999992 0.00000000099999999992 0.00000000099999999992 0.00000000099999999992 0.00000000099999999992 
0.99847927838803274270 0.00000000099999999990 0.00000000099999999990 0.00000000099999999990 0.00000000099999999990 0.00000000099999999990 0.00000000099999999990 0.00152070861196762367 0.00000000099999999990 0.00000000099999999990 0.00000000099999999990 0.00000000099999999990 0.00000000099999999990 0.00000000099999999990 0.00000000099999999990 
0.88664235252506984342 0.05800811187009041053 0.00000000099999999990 0.00000000099999999990 0.01535210155353527658 0.00000000099999999990 0.00000000099999999990 0.03999742305130457587 0.00000000099999999990 0.00000000099999999990 0.00000000099999999990 0.00000000099999999990 0.00000000099999999990 0.00000000099999999990 0.00000000099999999990 
0.97686279122939689845 0.00000000099999999994 0.00000000099999999994 0.00000000099999999994 0.00000000099999999994 0.00000000099999999994 0.00000000099999999994 0.02313719577060342758 0.00000000099999999994 0.00000000099999999994 0.00000000099999999994 0.00000000099999999994 0.00000000099999999994 0.00000000099999999994 0.00000000099999999994 
0.96154595373343365594 0.00489985779110159881 0.00000000099999999990 0.00000000099999999990 0.00000000099999999990 0.00000000099999999990 0.00000000099999999990 0.03355417647546502652 0.00000000099999999990 0.00000000099999999990 0.00000000099999999990 0.00000000099999999990 0.00000000099999999990 0.00000000099999999990 0.00000000099999999990 
0.92216929571186767589 0.05976987289912037704 0.00000000099999999988 0.00000000099999999988 0.01806081938901210951 0.00000000099999999988 0.00000000099999999988 0.00000000099999999988 0.00000000099999999988 0.00000000099999999988 0.00000000099999999988 0.00000000099999999988 0.00000000099999999988 0.00000000099999999988 0.00000000099999999988 
0.95712059786591041632 0.04287938913408979869 0.00000000099999999988 0.00000000099999999988 0.00000000099999999988 0.00000000099999999988 0.00000000099999999988 0.00000000099999999988 0.00000000099999999988 0.00000000099999999988 0.00000000099999999988 0.00000000099999999988 0.00000000099999999988 0.00000000099999999988 0.00000000099999999988 
