0.00000000099999999994 0.00000000099999999994 0.00000000099999999994 0.00000000099999999994 0.00000000099999999994 0.00000000099999999994 0.00000000099999999994 0.00000000099999999994 0.00000000099999999994 0.00000000099999999994 0.00000000099999999994 0.00000000099999999994 0.99999998700000003460 0.00000000099999999994 
0.00000000099999999988 0.00000000099999999988 0.00000000099999999988 0.00000000099999999988 0.00000000099999999988 0.00000000099999999988 0.00000000099999999988 0.00000000099999999988 0.00000000099999999988 0.00000000099999999988 0.00000000099999999988 0.00000000099999999988 0.99999998699999992358 0.00000000099999999988 
0.00000000099999999993 0.00000000099999999993 0.00000000099999999993 0.00000000099999999993 0.00000000099999999993 0.00000000099999999993 0.00000000099999999993 0.00000000099999999993 0.00000000099999999993 0.00000000099999999993 0.00000000099999999993 0.00000000099999999993 0.99999998699999992358 0.00000000099999999993 
0.00000000099999999987 0.00000000099999999987 0.00000000099999999987 0.00000000099999999987 0.00000000099999999987 0.00000000099999999987 0.00000000099999999987 0.00000000099999999987 0.00000000099999999987 0.00000000099999999987 0.00000000099999999987 0.00000000099999999987 0.99999998699999992358 0.00000000099999999987 
0.00000000099999999992 0.00000000099999999992 0.00000000099999999992 0.00000000099999999992 0.00000000099999999992 0.00000000099999999992 0.00000000099999999992 0.00000000099999999992 0.00000000099999999992 0.00000000099999999992 0.00000000099999999992 0.00000000099999999992 0.99999998700000003460 0.00000000099999999992 
0.00000000099999999997 0.00000000099999999997 0.00000127561941846257 0.00000000099999999997 0.00000000099999999997 0.00000000099999999997 0.00000000099999999997 0.00000000099999999997 0.04302298145965599563 0.00000000099999999997 0.00000000099999999997 0.00000000099999999997 0.95697573192092555416 0.00000000099999999997 
0.00000000099999999994 0.00000000099999999994 0.00000000099999999994 0.00000000099999999994 0.00000000099999999994 0.00000000099999999994 0.00000000099999999994 0.00000000099999999994 0.00000000099999999994 0.00000000099999999994 0.00000000099999999994 0.00000000099999999994 0.99999998699999992358 0.00000000099999999994 
0.02857975540302510123 0.06811300060691462266 0.00000000099999999997 0.00000000099999999997 0.00000000099999999997 0.00000000099999999997 0.00000000099999999997 0.04066510611633621791 0.01981772599953865108 0.00000000099999999997 0.00000000099999999997 0.00000000099999999997 0.84282440287418547431 0.00000000099999999997 
0.00000000099999999992 0.00000000099999999992 0.00000000099999999992 0.00000000099999999992 0.00000000099999999992 0.00000000099999999992 0.00000000099999999992 0.00000000099999999992 0.00000000099999999992 0.00000000099999999992 0.00000000099999999992 0.00000000099999999992 0.99999998699999992358 0.00000000099999999992 
0.02576169388238969127 0.05311767541027169470 0.00000000099999999997 0.00000000099999999997 0.00000000099999999997 0.00000000099999999997 0.00000000099999999997 0.00000000099999999997 0.03206263480417146511 0.00000000099999999997 0.00000000099999999997 0.00000000099999999997 0.88905798590316720276 0.00000000099999999997 
0.00000000099999999989 0.00000000099999999989 0.00000000099999999989 0.00000000099999999989 0.00000000099999999989 0.00000000099999999989 0.00000000099999999989 0.00000000099999999989 0.00000000099999999989 0.00000000099999999989 0.00000000099999999989 0.00000000099999999989 0.99999998699999992358 0.00000000099999999989 
0.00000000099999999992 0.00000000099999999992 0.00000000099999999992 0.00000000099999999992 0.00000000099999999992 0.00000000099999999992 0.00000000099999999992 0.00000000099999999992 0.00000000099999999992 0.00000000099999999992 0.00000000099999999992 0.00000000099999999992 0.99999998699999992358 0.00000000099999999992 
0.00348602204961186764 0.00000000099999999995 0.00000000099999999995 0.00000000099999999995 0.01270427406409617779 0.00000000099999999995 0.00000000099999999995 0.00000000099999999995 0.00000000099999999995 0.00000000099999999995 0.00000000099999999995 0.00000000099999999995 0.98380969288629183112 0.00000000099999999995 
0.00000000099999999986 0.00000000099999999986 0.00000000099999999986 0.00000000099999999986 0.00000000099999999986 0.00000000099999999986 0.00000000099999999986 0.00000000099999999986 0.00000000099999999986 0.00000000099999999986 0.99999998700000003460 0.00000000099999999986 0.00000000099999999986 0.00000000099999999986 
0.00000000099999999992 0.00000000099999999992 0.00000000099999999992 0.00000000099999999992 0.00000000099999999992 0.00000000099999999992 0.00000000099999999992 0.00000000099999999992 0.00000000099999999992 0.00000000099999999992 0.99999998699999992358 0.00000000099999999992 0.00000000099999999992 0.00000000099999999992 
0.00835989142364426674 0.00000000099999999994 0.00000000099999999994 0.00000000099999999994 0.00000000099999999994 0.00000000099999999994 0.00000000099999999994 0.00000000099999999994 0.00000000099999999994 0.00000000099999999994 0.99164009657635576733 0.00000000099999999994 0.00000000099999999994 0.00000000099999999994 
0.00000000099999999993 0.00000000099999999993 0.00000000099999999993 0.00000000099999999993 0.00000000099999999993 0.00000000099999999993 0.00000000099999999993 0.00000000099999999993 0.00000000099999999993 0.00000000099999999993 0.99999998699999992358 0.00000000099999999993 0.00000000099999999993 0.00000000099999999993 
0.00000000099999999992 0.00000000099999999992 0.00000000099999999992 0.00000000099999999992 0.00000000099999999992 0.00000000099999999992 0.00000000099999999992 0.00000000099999999992 0.00000000099999999992 0.00000000099999999992 0.99999998699999992358 0.00000000099999999992 0.00000000099999999992 0.00000000099999999992 
0.00000000099999999992 0.00000000099999999992 0.00000000099999999992 0.00000000099999999992 0.00000000099999999992 0.00000000099999999992 0.00000000099999999992 0.00000000099999999992 0.00000000099999999992 0.00000000099999999992 0.99999998699999992358 0.00000000099999999992 0.00000000099999999992 0.00000000099999999992 
0.00000000099999999990 0.00000000099999999990 0.00000000099999999990 0.00000000099999999990 0.00000000099999999990 0.00000000099999999990 0.00000000099999999990 0.00000000099999999990 0.00000000099999999990 0.00000000099999999990 0.99999998699999992358 0.00000000099999999990 0.00000000099999999990 0.00000000099999999990 
0.00638218879819025565 0.00000000099999999994 0.00000000099999999994 0.00000000099999999994 0.00000000099999999994 0.00000000099999999994 0.00000000099999999994 0.00000000099999999994 0.00000000099999999994 0.01383107695426399018 0.97978672324754567668 0.00000000099999999994 0.00000000099999999994 0.00000000099999999994 
0.00000000099999999992 0.00000000099999999992 0.00000000099999999992 0.00000000099999999992 0.00000000099999999992 0.00000000099999999992 0.00000000099999999992 0.00000000099999999992 0.00000000099999999992 0.00000000099999999992 0.88457546755101479352 0.00000000099999999992 0.00000000099999999992 0.11542452044898508789 
0.00000000099999999987 0.00000000099999999987 0.00000000099999999987 0.00000000099999999987 0.00000000099999999987 0.00000000099999999987 0.00000000099999999987 0.00000000099999999987 0.00000000099999999987 0.00000000099999999987 0.99999998699999992358 0.00000000099999999987 0.00000000099999999987 0.00000000099999999987 
0.00866067959538441637 0.00000000099999999996 0.00000000099999999996 0.00000000099999999996 0.00000000099999999996 0.00000000099999999996 0.00058000640001690501 0.00000000099999999996 0.00463987079272062865 0.00000000099999999996 0.90846071857364485425 0.00000000099999999996 0.00000000099999999996 0.07765871563823326107 
0.00000000099999999996 0.00000000099999999996 0.00000000099999999996 0.00000000099999999996 0.00000000099999999996 0.00000000099999999996 0.00000000099999999996 0.00000000099999999996 0.00000000099999999996 0.00000000099999999996 0.79325229868671831568 0.04103159422362075842 0.00000000099999999996 0.16571609608966081373 
0.00000000099999999993 0.00000000099999999993 0.00000000099999999993 0.00000000099999999993 0.00000000099999999993 0.00000000099999999993 0.00000000099999999993 0.00000000099999999993 0.00000000099999999993 0.00000000099999999993 0.99999998699999992358 0.00000000099999999993 0.00000000099999999993 0.00000000099999999993 
0.02009634219387703910 0.00000000099999999997 0.00000000099999999997 0.00000000099999999997 0.00000000099999999997 0.02356486733997409377 0.00000000099999999997 0.00000000099999999997 0.00000000099999999997 0.00000000099999999997 0.79608602600863842547 0.00000000099999999997 0.00000000099999999997 0.16025275445751047121 
0.00000000099999999993 0.00000000099999999993 0.00000000099999999993 0.00000000099999999993 0.00000000099999999993 0.00000000099999999993 0.00000000099999999993 0.00000000099999999993 0.00000000099999999993 0.00000000099999999993 0.99999998441488402445 0.00000000099999999993 0.00000000099999999993 0.00000000358511600202 
0.00000000099999999990 0.00000000099999999990 0.00000000099999999990 0.00000000099999999990 0.00000000099999999990 0.00000000099999999990 0.00000000099999999990 0.00000000099999999990 0.00000000099999999990 0.00000000099999999990 0.99999998699999992358 0.00000000099999999990 0.00000000099999999990 0.00000000099999999990 
0.00000000099999999994 0.00000000099999999994 0.00000000099999999994 0.87661609490334013728 0.00000000099999999994 0.00000000099999999994 0.00000000099999999994 0.00000000099999999994 0.00000000099999999994 0.00000000099999999994 0.00000000099999999994 0.04220260359171451592 0.00000000099999999994 0.08118129050494567178 
0.00000000099999999978 0.00000000099999999978 0.00000000099999999978 0.99999998700000025664 0.00000000099999999978 0.00000000099999999978 0.00000000099999999978 0.00000000099999999978 0.00000000099999999978 0.00000000099999999978 0.00000000099999999978 0.00000000099999999978 0.00000000099999999978 0.00000000099999999978 
0.00000000099999999992 0.00000000099999999992 0.00000000099999999992 0.95771634698921559448 0.00000000099999999992 0.00000000099999999992 0.00000000099999999992 0.00000000099999999992 0.00000000099999999992 0.00000000099999999992 0.00000000099999999992 0.04228364101078462001 0.00000000099999999992 0.00000000099999999992 
0.00000000099999999995 0.00000000099999999995 0.00000000099999999995 0.98385074351954260319 0.00000000099999999995 0.00000000099999999995 0.00000000099999999995 0.00000000099999999995 0.00000000099999999995 0.00000000099999999995 0.00000000099999999995 0.00000000099999999995 0.00000000099999999995 0.01614924448045766334 
0.00000000099999999991 0.00000000099999999991 0.00000000099999999991 0.97420994142718608799 0.00000000099999999991 0.00000000099999999991 0.00000000099999999991 0.00000000099999999991 0.02579004657281411608 0.00000000099999999991 0.00000000099999999991 0.00000000099999999991 0.00000000099999999991 0.00000000099999999991 
0.00000000099999999994 0.00000000099999999994 0.00000000099999999994 0.99999998700000014562 0.00000000099999999994 0.00000000099999999994 0.00000000099999999994 0.00000000099999999994 0.00000000099999999994 0.00000000099999999994 0.00000000099999999994 0.00000000099999999994 0.00000000099999999994 0.00000000099999999994 
0.00000000099999999979 0.00000000099999999979 0.00000000099999999979 0.99999998700000025664 0.00000000099999999979 0.00000000099999999979 0.00000000099999999979 0.00000000099999999979 0.00000000099999999979 0.00000000099999999979 0.00000000099999999979 0.00000000099999999979 0.00000000099999999979 0.00000000099999999979 
0.00000000099999999996 0.00000000099999999996 0.00000000099999999996 0.97103237933544017668 0.00000000099999999996 0.00000000099999999996 0.00000000099999999996 0.00000000099999999996 0.00000000099999999996 0.00643647945545420836 0.00000000099999999996 0.00000000099999999996 0.00000000099999999996 0.02253113020910569447 
0.00000000099999999995 0.00000000099999999995 0.00000000099999999995 0.60614533791363145454 0.00000000099999999995 0.00000000099999999995 0.00000000099999999995 0.00000000099999999995 0.00000000099999999995 0.00000000099999999995 0.01992329431781117433 0.08103107704246316489 0.00000000099999999995 0.29290028072609419763 
0.00000000099999999994 0.00000000099999999994 0.00000000099999999994 0.99999998700000025664 0.00000000099999999994 0.00000000099999999994 0.00000000099999999994 0.00000000099999999994 0.00000000099999999994 0.00000000099999999994 0.00000000099999999994 0.00000000099999999994 0.00000000099999999994 0.00000000099999999994 
0.00000000099999999982 0.00000000099999999982 0.00000000099999999982 0.00000000099999999982 0.00000000099999999982 0.00000000099999999982 0.00000000099999999982 0.00000000099999999982 0.00000000099999999982 0.00000000099999999982 0.00000000099999999982 0.00000000099999999982 0.00000000099999999982 0.99999998699999992358 
0.00000000099999999996 0.00000000099999999996 0.00000000099999999996 0.80749137341994814410 0.01360879832632012551 0.00000000099999999996 0.00000000099999999996 0.00000000099999999996 0.00877560619311939377 0.00000000099999999996 0.03940888801755553644 0.05110359071439162654 0.00000000099999999996 0.07961173532866529234 
0.00000000099999999990 0.00000000099999999990 0.00000000099999999990 0.99999998700000025664 0.00000000099999999990 0.00000000099999999990 0.00000000099999999990 0.00000000099999999990 0.00000000099999999990 0.00000000099999999990 0.00000000099999999990 0.00000000099999999990 0.00000000099999999990 0.00000000099999999990 
0.00000000099999999993 0.00000000099999999993 0.00000000099999999993 0.99999998700000014562 0.00000000099999999993 0.00000000099999999993 0.00000000099999999993 0.00000000099999999993 0.00000000099999999993 0.00000000099999999993 0.00000000099999999993 0.00000000099999999993 0.00000000099999999993 0.00000000099999999993 
0.00000000099999999993 0.00000000099999999993 0.00000000099999999993 0.99999998700000025664 0.00000000099999999993 0.00000000099999999993 0.00000000099999999993 0.00000000099999999993 0.00000000099999999993 0.00000000099999999993 0.00000000099999999993 0.00000000099999999993 0.00000000099999999993 0.00000000099999999993 
0.00000000099999999993 0.00000000099999999993 0.00000000099999999993 0.99999998700000014562 0.00000000099999999993 0.00000000099999999993 0.00000000099999999993 0.00000000099999999993 0.00000000099999999993 0.00000000099999999993 0.00000000099999999993 0.00000000099999999993 0.00000000099999999993 0.00000000099999999993 
0.00000000099999999994 0.00000000099999999994 0.00000000099999999994 0.95788461565200699876 0.00000000099999999994 0.00000000099999999994 0.00000000099999999994 0.00000000099999999994 0.00000000099999999994 0.00000000099999999994 0.00000000099999999994 0.00000000099999999994 0.00000000099999999994 0.04211537234799316715 
0.00000000099999999997 0.00000000099999999997 0.00000000099999999997 0.02183874867107629680 0.02566864100031469864 0.00000000099999999997 0.00000000099999999997 0.08833769384705093819 0.00000000099999999997 0.00000000099999999997 0.00000000099999999997 0.02759502869531509084 0.05014312668268181700 0.78641675310356107254 
0.00000000099999999999 0.31462826033558655148 0.09139212534783323905 0.00000000099999999999 0.00000000099999999999 0.07950181775671219531 0.01131591190421203132 0.00000000099999999999 0.29891080878969777945 0.00000000099999999999 0.01834616002272769150 0.04063796821199623654 0.07458477444371734710 0.07068216818751692221 
0.00000000099999999997 0.33421294445031218823 0.12259816701003392603 0.00000000099999999997 0.00008669634737858489 0.11248497807341040211 0.00049614486055106054 0.00000000099999999997 0.28291677614293142540 0.00000000099999999997 0.00000000099999999997 0.00000000099999999997 0.00000000099999999997 0.14720428611538274866 
0.00000000099999999997 0.35545338731473258287 0.12234735966513594907 0.00000000099999999997 0.00121956296699124054 0.12578130871945675251 0.03720892691526874602 0.00000000099999999997 0.29199030373060902432 0.00000000099999999997 0.00000000099999999997 0.00000000099999999997 0.00000000099999999997 0.06599914368780571139 
0.00000000099999999998 0.31591945083425199137 0.12201215699682085858 0.00000000099999999998 0.02519474606834182923 0.13775834098645400871 0.07483694131379368952 0.00000000099999999998 0.29160634899046261603 0.00000000099999999998 0.01967790426693046338 0.00000000099999999998 0.00000000099999999998 0.01299410454294467297 
0.00000000099999999997 0.35865557238413042773 0.11579453770209123531 0.00000000099999999997 0.00000000099999999997 0.13574585576129938325 0.01049535609603293937 0.00000000099999999997 0.25690570044861288368 0.00000000099999999997 0.07873553682343176208 0.00000000099999999997 0.00000000099999999997 0.04366743378440150758 
0.00000000099999999999 0.32747959398227649563 0.13897371442360217930 0.00000000099999999999 0.01178473430974087167 0.16764523759117286317 0.00000000099999999999 0.00000000099999999999 0.28786108899038509445 0.00000000099999999999 0.00000000099999999999 0.02150636499949274208 0.00000000099999999999 0.04474925870332971400 
0.00696251484027720583 0.30639282461016453807 0.09947058690948261395 0.00000000099999999997 0.03216135899474786841 0.08117391515414738856 0.01725079715650804091 0.00000000099999999997 0.27061790798352081122 0.00000000099999999997 0.03274198441806470961 0.00000000099999999997 0.08067836824682782237 0.07254973768625920527 
0.01027682435222459362 0.27155002703878944326 0.15019031234521881824 0.00000000099999999999 0.00000000099999999999 0.12940516605776786196 0.04950141387849800456 0.00000000350186467032 0.28503928343349482777 0.00000000099999999999 0.00000000099999999999 0.03214085429993328996 0.00000000099999999999 0.07189611009220873983 
0.00000000099999999998 0.30425456055324306970 0.13836674968291784449 0.00000000099999999998 0.00000000099999999998 0.13663442856427565619 0.05867920066013294217 0.00000000099999999998 0.26781860716640965014 0.00000000099999999998 0.07354951544913676531 0.00000000099999999998 0.00000000099999999998 0.02069693092388420058 
0.02673139674649932518 0.36741091499188138769 0.11402645312050034565 0.00000000099999999999 0.00000000099999999999 0.09642188970157551664 0.00000000099999999999 0.00000000099999999999 0.29607524720982314470 0.00000000099999999999 0.00722896105401362159 0.00000000364290036492 0.02075592748442285293 0.07134920104838379795 
0.00000000099999999994 0.00000000099999999994 0.00000000099999999994 0.64897735139026602180 0.00000000099999999994 0.00000000099999999994 0.00000000099999999994 0.00439055477033703425 0.00000000099999999994 0.00000000099999999994 0.00000000099999999994 0.00000000099999999994 0.00000000099999999994 0.34663208283939705989 
0.00000000099999999994 0.00000000099999999994 0.01339877909074797986 0.41936453407358736944 0.00000000099999999994 0.00000000099999999994 0.00725478662230687101 0.00000000099999999994 0.00000000099999999994 0.00000000099999999994 0.00000000099999999994 0.00000000099999999994 0.00000000099999999994 0.55998189021335742499 
0.00000000099999999990 0.00000000099999999990 0.00000000099999999990 0.57901071124763325848 0.00000000099999999990 0.00000000099999999990 0.00000000099999999990 0.00000000099999999990 0.00000000099999999990 0.00000000099999999990 0.00000000099999999990 0.00000000099999999990 0.00000000099999999990 0.42098927675236685886 
0.00000000362747326786 0.00000000099999999991 0.00000000099999999991 0.60809091182840080414 0.00000000099999999991 0.00000000099999999991 0.00000000099999999991 0.00000000099999999991 0.00000000099999999991 0.00000000099999999991 0.00000000099999999991 0.00000000099999999991 0.00000000099999999991 0.39190907354412624075 
0.00000000099999999995 0.00000000099999999995 0.00000000099999999995 0.45486856763340521859 0.03634647861042745315 0.00000000099999999995 0.01253076067776536136 0.00000000099999999995 0.01198180125546907150 0.00000000099999999995 0.00000000099999999995 0.00000000099999999995 0.00000000099999999995 0.48427238282293288973 
0.00000000099999999995 0.00000000099999999995 0.02111831598132477353 0.49360154589216498344 0.00000000099999999995 0.00000000099999999995 0.00241933615897984211 0.00000000099999999995 0.00000000099999999995 0.00000000099999999995 0.00000000099999999995 0.00000000099999999995 0.00000000099999999995 0.48286079196753073361 
0.00000000099999999990 0.00000000099999999990 0.00000000099999999990 0.54090821932435828590 0.00000000099999999990 0.00000000099999999990 0.00000000099999999990 0.00000000099999999990 0.00000000099999999990 0.00000000099999999990 0.00000000099999999990 0.00000000099999999990 0.00000000099999999990 0.45909176867564188695 
0.00000000099999999995 0.00000000099999999995 0.01273219866563760072 0.53516381300078319505 0.00000000099999999995 0.00000000099999999995 0.00000000099999999995 0.00000000099999999995 0.01316712805550211349 0.00000000099999999995 0.00000000099999999995 0.00000000099999999995 0.00000000099999999995 0.43893685027807738397 
0.00000000099999999991 0.00000000099999999991 0.00000000099999999991 0.27093511131579067763 0.00000000099999999991 0.00000000099999999991 0.00000000099999999991 0.00000000099999999991 0.00000000099999999991 0.00000000099999999991 0.00000000099999999991 0.00000000099999999991 0.00000000099999999991 0.72906487668420894011 
0.00000000099999999993 0.00000000099999999993 0.00000000099999999993 0.46364035545440779318 0.00000000099999999993 0.00000000099999999993 0.00000000099999999993 0.00000000099999999993 0.01347378119235636065 0.00000000099999999993 0.00000000099999999993 0.00000000099999999993 0.00000000099999999993 0.52288585235323548073 
0.00812166092558637941 0.00000000099999999998 0.02023010934320289278 0.00632301749486427565 0.02283407892939192871 0.04148171913798930077 0.05434120559199636519 0.01663210418525465362 0.01732958123270839090 0.00000000099999999998 0.00015895585137413586 0.11894734728603925666 0.63249453330895222258 0.06110568471264025969 
0.00351662739281741665 0.00000000099999999996 0.00000000099999999996 0.10559575412185159826 0.00000000099999999996 0.00000000099999999996 0.00000000099999999996 0.00000000099999999996 0.00000000099999999996 0.00000000099999999996 0.06284013815183280005 0.03874368856459230875 0.78930378276890589273 0.00000000099999999996 
0.03816098400151944625 0.00000000099999999999 0.00456090008032530424 0.03697819453568128995 0.00000000731416515348 0.05548004355436277069 0.02612894144816581971 0.00000000099999999999 0.02961345026934684987 0.00000000099999999999 0.22453333954329635080 0.15646932680799843784 0.39239903222136413019 0.03567577722377454630 
0.00043933745589457192 0.00000000099999999999 0.00000000099999999999 0.00000000099999999999 0.00000000099999999999 0.00000000099999999999 0.02016725656750795181 0.06300841727862388497 0.00000000099999999999 0.01737147382838158047 0.10303645872347814982 0.10496169886280014294 0.67926159232729221849 0.01175375895602155663 
0.00000000099999999997 0.00000000099999999997 0.00000000099999999997 0.25077313431915793096 0.00000000099999999997 0.02560329680765757038 0.35277041706962919410 0.00370769691519692770 0.03830338974752352244 0.00000000099999999997 0.00023411307729905191 0.07563532701388919754 0.00000000099999999997 0.25297261904964679635 
0.00000000099999999998 0.00000000099999999998 0.00000000099999999998 0.25315912920368410788 0.00000000099999999998 0.01577630215430554997 0.30650676130020743093 0.01576798526560794014 0.00000000099999999998 0.00000000099999999998 0.00000000099999999998 0.08043573448219906719 0.00000000099999999998 0.32835407959399581790 
0.00000000099999999997 0.00000000099999999997 0.00000000099999999997 0.17685201608817885388 0.00000000099999999997 0.00992592495265903069 0.27708659739354285501 0.01536585647229000810 0.00000000099999999997 0.00000000099999999997 0.05532692394310670392 0.08686661888113571262 0.00000000099999999997 0.37857605526908688631 
0.00176901197990059732 0.00000000099999999998 0.00000000099999999998 0.12786437258894106650 0.01760182376532912554 0.02792184633155850651 0.28433999150858541016 0.05333395857955044311 0.00000000099999999998 0.00000000099999999998 0.07671449326658000278 0.06609460356659646596 0.00000000099999999998 0.34435989341295841770 
0.00000000099999999996 0.00000000099999999996 0.00000000099999999996 0.12875977558888898611 0.00649142768925733971 0.00000000099999999996 0.38135600192148716436 0.04736431670107616593 0.00408371805847643210 0.00000000099999999996 0.01394128884120281880 0.07193324847995867521 0.00000000099999999996 0.34607021671965237930 
0.00000000099999999997 0.00000000099999999997 0.00000000099999999997 0.20480179570631112940 0.00000000099999999997 0.04785463438318399848 0.25227931224396943355 0.03959752834079634243 0.00000000099999999997 0.00000000099999999997 0.12696041118138939874 0.01494391070736008319 0.00000000099999999997 0.31356240043698963005 
0.00000000099999999977 0.00000000099999999977 0.00000000099999999977 0.00000000099999999977 0.00000000099999999977 0.00000000099999999977 0.00000000099999999977 0.99999998700000014562 0.00000000099999999977 0.00000000099999999977 0.00000000099999999977 0.00000000099999999977 0.00000000099999999977 0.00000000099999999977 
0.03420672880696894874 0.00000000099999999999 0.00000000099999999999 0.15504633231712264263 0.00000000099999999999 0.00000000099999999999 0.00000000099999999999 0.00000607572284010445 0.00497784424582886804 0.00000000099999999999 0.39505980865877660113 0.13463123123592235508 0.00000000099999999999 0.27607197201254052299 
0.00000000099999999998 0.00000000099999999998 0.00000000099999999998 0.13702610422143857161 0.04353593314363107813 0.00000000099999999998 0.00000000355369482970 0.00799737667155975621 0.00000000099999999998 0.00000000099999999998 0.33750099249669124335 0.14856427540159802825 0.11558388544980048585 0.20979142306158596321 
0.01333107416891983824 0.00000000099999999998 0.00000000099999999998 0.07343331465410116166 0.04401311416702125001 0.02634231850456372412 0.00000007116640707456 0.03118689931386860875 0.00000000099999999998 0.00000000099999999998 0.40862914053649035395 0.12296311628090909884 0.00000000099999999998 0.28010094620771885943 
0.00000000099999999998 0.00000000099999999998 0.04177253965354726928 0.07604766147867376980 0.03231306165332221980 0.01609528090594777514 0.00000000099999999998 0.04771368284179757641 0.00000000099999999998 0.00258138048440778329 0.38561393430173440677 0.10762697178384288133 0.00000000099999999998 0.29023548189672643272 
0.00000000099999999998 0.00000000099999999998 0.00000000099999999998 0.07445849686330344164 0.02222063303649306210 0.00000000099999999998 0.08373501303841381083 0.01823831300742254427 0.00000000099999999998 0.00787021127671346139 0.41162021228999057243 0.16841198840612173204 0.11873530479103150403 0.09470982229050978196 
0.00783275789182381194 0.00000000099999999999 0.01298940270665611962 0.13055657590794605971 0.00000000099999999999 0.00000000099999999999 0.08029615242998004720 0.02138366341094330089 0.00000000099999999999 0.00589957080253966128 0.51760868266902759771 0.05152701662484989592 0.00000000099999999999 0.17190617255623361070 
0.00000000099999999998 0.00000000099999999998 0.00000000099999999998 0.12850127939737188143 0.01652773625316562855 0.00000000099999999998 0.08461761661362243725 0.01112884894490371104 0.00000000099999999998 0.02050861326382246927 0.42800510969617733270 0.11035068508684786615 0.03033908892610858929 0.17002101681798023614 
0.00000000099999999998 0.00000000099999999998 0.00000000099999999998 0.07540540646353728615 0.04381338123199030737 0.04771871512060402859 0.09683828154510507047 0.02494087882367604717 0.00342508310624109078 0.00000000099999999998 0.37099638577476801160 0.10167328295761110524 0.07483351627119061433 0.16035506470527638445 
0.00000000099999999998 0.00000000099999999998 0.00262753090088483797 0.16059892072681583586 0.03184300316811009002 0.05459975401104512349 0.02437520428953791549 0.00774468656212607635 0.00000000099999999998 0.00000000099999999998 0.36230353397635295387 0.07100786681637265285 0.05997648989925710022 0.22492300564949749275 
0.00000000099999999998 0.00000000099999999998 0.00000000099999999998 0.11682143128820124400 0.00000000099999999998 0.00000000099999999998 0.06747909468544907585 0.00829633455351488913 0.00000000099999999998 0.00395849608024181811 0.41973204899638832943 0.11347679854060387095 0.05243491973465611022 0.21780087012094465071 
0.01087815359348391631 0.00000000099999999999 0.01178916230105005875 0.12814360663409746222 0.06842781125633726202 0.02244851292799951437 0.05515969634941014083 0.00000000158041658537 0.00000000099999999999 0.01241760487534351691 0.31207080880562676484 0.13704042911781325054 0.05276108674202495408 0.18886312381639638880 
0.00000000099999999999 0.00000000099999999999 0.00000000099999999999 0.08822639439103308057 0.05283697532660190654 0.00000000099999999999 0.04464381943743745557 0.03539616497826677394 0.02677213165359159860 0.00264708930748594820 0.41831045650971637739 0.08520992519543724164 0.03278028888074423913 0.21317675031968530419 
0.00000000099999999998 0.00000000099999999998 0.00000000099999999998 0.07679029036666996932 0.02893353014660668063 0.02936070495430791877 0.03385229201001394711 0.03148425403893019558 0.03843264964755260110 0.00000000099999999998 0.40713444359733286237 0.07002959263284529168 0.00000000099999999998 0.28398223760574065055 
0.00000000099999999996 0.00000000099999999996 0.00000000099999999996 0.00000000099999999996 0.00000000099999999996 0.02997754682374929522 0.09179213658294214928 0.04143490914710350886 0.00000000099999999996 0.00000000099999999996 0.55956584814431997721 0.14610485852459567657 0.13112469277728930339 0.00000000099999999996 
0.00000000099999999998 0.00000000099999999998 0.00000000099999999998 0.06793837989315631987 0.01396241705857263066 0.03215040853636876028 0.05432393080978668853 0.03033284192490890915 0.00244446725283082363 0.00000000099999999998 0.32493712934801383119 0.05178883250584252057 0.05611726697126336733 0.36600432169925622983 
0.04618297367343279780 0.00000000099999999993 0.01383966745928216606 0.00000000099999999993 0.00456301741602128507 0.00000000099999999993 0.03778333211965072963 0.00000000099999999993 0.32548583195819280611 0.00000000099999999993 0.00000000099999999993 0.00000000099999999993 0.00000000099999999993 0.57214516937342019265 
0.00000000099999999968 0.00000000099999999968 0.00000000099999999968 0.00000000099999999968 0.00000000099999999968 0.00000000099999999968 0.00000000099999999968 0.00000000099999999968 0.99999998700000003460 0.00000000099999999968 0.00000000099999999968 0.00000000099999999968 0.00000000099999999968 0.00000000099999999968 
0.00000000099999999964 0.00000000099999999964 0.00000000099999999964 0.00000000099999999964 0.00000000099999999964 0.00000000099999999964 0.00000000099999999964 0.00000000099999999964 0.99999998700000014562 0.00000000099999999964 0.00000000099999999964 0.00000000099999999964 0.00000000099999999964 0.00000000099999999964 
0.00000000099999999980 0.00000000099999999980 0.00000000099999999980 0.00000000099999999980 0.00000000099999999980 0.00000000099999999980 0.00000000099999999980 0.00000000099999999980 0.99999998700000014562 0.00000000099999999980 0.00000000099999999980 0.00000000099999999980 0.00000000099999999980 0.00000000099999999980 
0.00000000099999999967 0.00000000099999999967 0.00000000099999999967 0.00000000099999999967 0.00000000099999999967 0.00000000099999999967 0.00000000099999999967 0.00000000099999999967 0.99999998700000003460 0.00000000099999999967 0.00000000099999999967 0.00000000099999999967 0.00000000099999999967 0.00000000099999999967 
0.00000000099999999967 0.00000000099999999967 0.00000000099999999967 0.00000000099999999967 0.00000000099999999967 0.00000000099999999967 0.00000000099999999967 0.00000000099999999967 0.99999998700000003460 0.00000000099999999967 0.00000000099999999967 0.00000000099999999967 0.00000000099999999967 0.00000000099999999967 
0.00000000099999999983 0.00000000099999999983 0.00000000099999999983 0.00000000099999999983 0.00000000099999999983 0.00000000099999999983 0.00000000099999999983 0.00000000099999999983 0.99999998700000014562 0.00000000099999999983 0.00000000099999999983 0.00000000099999999983 0.00000000099999999983 0.00000000099999999983 
0.00000000099999999968 0.00000000099999999968 0.00000000099999999968 0.00000000099999999968 0.00000000099999999968 0.00000000099999999968 0.00000000099999999968 0.00000000099999999968 0.99999998700000014562 0.00000000099999999968 0.00000000099999999968 0.00000000099999999968 0.00000000099999999968 0.00000000099999999968 
0.01814887622892447788 0.00000000099999999990 0.00000000099999999990 0.00000000099999999990 0.00000000099999999990 0.00000000099999999990 0.00000000099999999990 0.00000000099999999990 0.80506220213984813761 0.00000000099999999990 0.00000000099999999990 0.00000000099999999990 0.00000000099999999990 0.17678891063122756377 
0.00000000099999999978 0.00000000099999999978 0.00000000099999999978 0.00000000099999999978 0.00000000099999999978 0.00000000099999999978 0.00000000099999999978 0.00000000099999999978 0.99999998700000014562 0.00000000099999999978 0.00000000099999999978 0.00000000099999999978 0.00000000099999999978 0.00000000099999999978 
0.00000000099999999998 0.00000000099999999998 0.01700347825288076736 0.58562009760445865592 0.01087703847761247074 0.00000000099999999998 0.01381149925781811200 0.00000000099999999998 0.00000000099999999998 0.01733189826795026450 0.00000000099999999998 0.00000000099999999998 0.00000000099999999998 0.35535598013927977012 
0.00000000099999999993 0.00000000099999999993 0.00000000099999999993 0.67178339987860313798 0.01256496310373550994 0.00000000099999999993 0.00959724004765981180 0.00000000099999999993 0.00000000099999999993 0.00705414557807725485 0.00000000099999999993 0.00000000099999999993 0.00000000099999999993 0.29900024239192446451 
0.00000000099999999998 0.00000000099999999998 0.00000000103007985771 0.00000000099999999998 0.00000000099999999998 0.00000000099999999998 0.07127098996727670999 0.00000000099999999998 0.07737939072660315887 0.00177478057335529976 0.06933450045019590169 0.00000000099999999998 0.00000000099999999998 0.78024032925248909542 
0.00000000099999999993 0.00000000099999999993 0.00000000099999999993 0.00000000099999999993 0.00000000099999999993 0.00000000099999999993 0.01310485730818753553 0.00000000099999999993 0.13026665248006938369 0.00000000099999999993 0.00000000099999999993 0.00000000099999999993 0.00000000099999999993 0.85662847921174312127 
0.00000000099999999997 0.00000000099999999997 0.03503676064579899774 0.00000000099999999997 0.03689898458373762347 0.00000000099999999997 0.00799462593066288356 0.00000000099999999997 0.10853958514118766665 0.00000000099999999997 0.01103379337459412836 0.00000000099999999997 0.00000000099999999997 0.80049624232401872526 
0.00000000099999999993 0.00000000099999999993 0.03052865084074777441 0.00000000099999999993 0.00000000099999999993 0.00000000099999999993 0.02793265126489164613 0.00000000099999999993 0.10842292801855332729 0.00000000099999999993 0.00000000099999999993 0.00000000099999999993 0.00000000099999999993 0.83311575987580721581 
0.00000000099999999991 0.00000000099999999991 0.02039343883577690239 0.00000000099999999991 0.00000000099999999991 0.00000000099999999991 0.01847267368676390464 0.00000000099999999991 0.00684169962190341475 0.00000000099999999991 0.00000000099999999991 0.00000000099999999991 0.00000000099999999991 0.95429217785555575659 
0.00000000099999999992 0.00000000099999999992 0.02677387066260975002 0.00000000099999999992 0.00000000099999999992 0.00000000099999999992 0.04568523035901495000 0.00000000099999999992 0.08261174221251196825 0.00000000099999999992 0.00000000099999999992 0.00000000099999999992 0.00000000099999999992 0.84492914676586339251 
0.00000000099999999995 0.00000000099999999995 0.00000000099999999995 0.00000000099999999995 0.00000000099999999995 0.00000000099999999995 0.03289143908038591468 0.00000000099999999995 0.00456988659797235262 0.00061080885513543133 0.00000000099999999995 0.00000000099999999995 0.00000000099999999995 0.96192785546650627637 
0.00000000099999999992 0.00000000099999999992 0.00000000099999999992 0.00000000099999999992 0.00000000099999999992 0.00000000099999999992 0.05389147055279527865 0.00000000099999999992 0.04168859664108697655 0.00000000099999999992 0.00000000099999999992 0.00000000099999999992 0.00000000099999999992 0.90441992180611774366 
0.00000000099999999989 0.00000000099999999989 0.03011023636079371291 0.00000000099999999989 0.00000000099999999989 0.00000000099999999989 0.00000000099999999989 0.00000000099999999989 0.08693404203546584164 0.00000000099999999989 0.00000000099999999989 0.00000000099999999989 0.00000000099999999989 0.88295571060374034023 
0.00000000099999999990 0.00000000099999999990 0.00000000099999999990 0.00000000099999999990 0.00000000099999999990 0.00000000099999999990 0.00000000099999999990 0.00000000099999999990 0.08734615403622537910 0.00000000099999999990 0.00000000099999999990 0.00000000099999999990 0.00000000099999999990 0.91265383396377464109 
0.00000000099999999992 0.00000000099999999992 0.03195514480009590402 0.00000000099999999992 0.00000000099999999992 0.00000000099999999992 0.00000000099999999992 0.00000000099999999992 0.03498730206282338329 0.00000000099999999992 0.00000000099999999992 0.00000000099999999992 0.00000000099999999992 0.93305754213708080869 
0.00000000099999999994 0.00000000099999999994 0.02186841948929350854 0.00000000099999999994 0.00421577693031787316 0.00000000099999999994 0.03523231107182316774 0.00000000099999999994 0.04427724605200696745 0.00000000099999999994 0.00000000099999999994 0.00000000099999999994 0.00000000099999999994 0.89440623745655856158 
0.00000000099999999992 0.00000000099999999992 0.00092725253848418611 0.00000000099999999992 0.00000000099999999992 0.00000000099999999992 0.00000000099999999992 0.00000000099999999992 0.08442650568035463265 0.00000000099999999992 0.00000000099999999992 0.00000000099999999992 0.00000000099999999992 0.91464623078116125132 
0.00000000099999999995 0.00000000099999999995 0.02922130392702246629 0.00000000099999999995 0.02061215825323336678 0.00000000099999999995 0.02260340391427053883 0.00000000099999999995 0.08790800915839964980 0.00000000099999999995 0.00000000099999999995 0.00000000099999999995 0.00000000099999999995 0.83965511574707396569 
0.00852703311015392401 0.00000000099999999992 0.00642809491176518123 0.00000000099999999992 0.00000000099999999992 0.00000000099999999992 0.04186005137548277910 0.00000000099999999992 0.05114950875182637524 0.00000000099999999992 0.00000000099999999992 0.00000000099999999992 0.00000000099999999992 0.89203530285077170525 
0.00000000099999999990 0.00000000099999999990 0.00000000099999999990 0.00000000099999999990 0.00000000099999999990 0.00000000099999999990 0.00000000099999999990 0.00000000099999999990 0.02784765832538988947 0.00000000099999999990 0.00000000099999999990 0.00000000099999999990 0.00000000099999999990 0.97215232967461018276 
0.00000000099999999994 0.00000000099999999994 0.00000000099999999994 0.00000000099999999994 0.00000000099999999994 0.00000000099999999994 0.00000000099999999994 0.00000000099999999994 0.06460600217466801187 0.00000000099999999994 0.00000000099999999994 0.00000000099999999994 0.00000000099999999994 0.93539398582533195281 
0.00000000099999999989 0.00000000099999999989 0.00000000099999999989 0.00000000099999999989 0.00000000099999999989 0.00000000099999999989 0.00000000099999999989 0.00000000099999999989 0.02131302649648885925 0.00000000099999999989 0.00000000099999999989 0.00000000099999999989 0.00000000099999999989 0.97868696150351097707 
