0.00000000099999999995 0.00000000099999999995 0.00000000099999999995 0.00000000099999999995 0.00000000099999999995 0.00000000099999999995 0.00000000099999999995 0.00000000099999999995 0.00000000099999999995 0.00000000099999999995 0.99999998899999986701 0.00000000099999999995 
0.00000000099999999990 0.00000000099999999990 0.00000000099999999990 0.00000000099999999990 0.00000000099999999990 0.00000000099999999990 0.00000000099999999990 0.00000000099999999990 0.00000000099999999990 0.00000000099999999990 0.99999998899999986701 0.00000000099999999990 
0.00000000099999999994 0.00000000099999999994 0.00000000099999999994 0.00000000099999999994 0.00000000099999999994 0.00000000099999999994 0.00000000099999999994 0.00000000099999999994 0.00000000099999999994 0.00000000099999999994 0.99999998899999997803 0.00000000099999999994 
0.00000000099999999989 0.00000000099999999989 0.00000000099999999989 0.00000000099999999989 0.00000000099999999989 0.00000000099999999989 0.00000000099999999989 0.00000000099999999989 0.00000000099999999989 0.00000000099999999989 0.99999998899999986701 0.00000000099999999989 
0.00000000099999999993 0.00000000099999999993 0.00000000099999999993 0.00000000099999999993 0.00000000099999999993 0.00000000099999999993 0.00000000099999999993 0.00000000099999999993 0.00000000099999999993 0.00000000099999999993 0.99999998899999997803 0.00000000099999999993 
0.00000000099999999998 0.00000000099999999998 0.00000000099999999998 0.00000000099999999998 0.00394053623128554509 0.00000000099999999998 0.00000000099999999998 0.03149513113971925266 0.00000000099999999998 0.00000000099999999998 0.96456432362899524602 0.00000000099999999998 
0.00000000099999999996 0.00000000099999999996 0.00000000099999999996 0.00000000099999999996 0.00000000099999999996 0.00000000099999999996 0.00000000099999999996 0.00000000099999999996 0.00000000099999999996 0.00003733705671163615 0.99996265294328845474 0.00000000099999999996 
0.00000000099999999998 0.00000000099999999998 0.02696914722881047638 0.00000000099999999998 0.00000000099999999998 0.00000000099999999998 0.03449828225050700220 0.02152968086355145846 0.00000000099999999998 0.06220148599532508704 0.85480139666180587898 0.00000000099999999998 
0.00000000099999999994 0.00000000099999999994 0.00000000099999999994 0.00000000099999999994 0.00000000099999999994 0.00000000099999999994 0.00000000099999999994 0.00000000099999999994 0.00000000099999999994 0.00000000099999999994 0.99999998899999986701 0.00000000099999999994 
0.00000000099999999997 0.00000000099999999997 0.01967307861003098415 0.00000000099999999997 0.00000000099999999997 0.00000000099999999997 0.00000000099999999997 0.02390417149773369290 0.00000000099999999997 0.04680516223628335831 0.90961757965595191333 0.00000000099999999997 
0.00000000099999999992 0.00000000099999999992 0.00000000099999999992 0.00000000099999999992 0.00000000099999999992 0.00000000099999999992 0.00000000099999999992 0.00000000099999999992 0.00000000099999999992 0.00000000099999999992 0.99999998899999997803 0.00000000099999999992 
0.00000000099999999994 0.00000000099999999994 0.00000000099999999994 0.00000000099999999994 0.00000000099999999994 0.00000000099999999994 0.00000000099999999994 0.00000000099999999994 0.00000000099999999994 0.00000000099999999994 0.99999998899999997803 0.00000000099999999994 
0.00000000099999999996 0.00000000099999999996 0.00463200337132311287 0.00000000099999999996 0.00000000099999999996 0.00000000099999999996 0.00000000099999999996 0.00000000099999999996 0.01011537321505210849 0.00000000099999999996 0.98525261441362477211 0.00000000099999999996 
0.25696255678048562920 0.61785142008966154048 0.01734847741064106039 0.00000000099999999997 0.00000000099999999997 0.00000000099999999997 0.00000000099999999997 0.02270566915484725085 0.00000088925349779053 0.00000000099999999997 0.00000000099999999997 0.08513098131086684062 
0.27342016388316175979 0.52469486580140256571 0.02087952191302895610 0.00000000099999999997 0.05483574803318072566 0.00000000099999999997 0.00000000099999999997 0.00000000099999999997 0.00000000099999999997 0.00000000099999999997 0.00000000099999999997 0.12616969336922628786 
0.34092215231420636146 0.51587869665939023456 0.01944795857050398910 0.00000000099999999998 0.00000000338928203489 0.00000000099999999998 0.00000000099999999998 0.00049229414876200174 0.00213797862309296786 0.00000000099999999998 0.00000000099999999998 0.12112091129476269813 
0.27154725248328098752 0.40880744822167780494 0.03585313173512800350 0.00000000099999999999 0.00047171902875574052 0.00000000099999999999 0.00000000099999999999 0.00976972289579729723 0.02909289204001967721 0.00000000099999999999 0.03564975982580709246 0.20880806976953350529 
0.31493642645283920212 0.55827739610291937655 0.00000000099999999997 0.00000000099999999997 0.00935212039389430802 0.00000000099999999997 0.00000000099999999997 0.00000000099999999997 0.00000000099999999997 0.00000000099999999997 0.00000000099999999997 0.11743404905034737773 
0.30393364685141133208 0.53736677531608068037 0.02584930358672737211 0.00000000099999999998 0.02142257353990325089 0.00000000099999999998 0.00000000099999999998 0.00270260578888336994 0.00000000099999999998 0.00000000099999999998 0.00000167823307650863 0.10872341168391767841 
0.28901541849964806907 0.51350769985607647161 0.01039484649496012075 0.00000000099999999998 0.00000000099999999998 0.00000000099999999998 0.00000000099999999998 0.00000000099999999998 0.06354939256485142574 0.00000000099999999998 0.00000000099999999998 0.12353263558446421488 
0.30320718767727361520 0.47912078359448834197 0.02456436703306204283 0.02237776775568594417 0.00000000099999999998 0.01305613371925746710 0.00000000099999999998 0.00931119972436202092 0.00000000099999999998 0.00000000099999999998 0.04056564334040196201 0.10779691315546874320 
0.42552837325928294376 0.45305041913260857278 0.01639437374780481141 0.00000000099999999998 0.00000005835353303911 0.01444481516364485608 0.00000000099999999998 0.00035504370583568578 0.00404192617027084988 0.00000000099999999998 0.00798180642748660442 0.07820318103953260991 
0.31647254448898926027 0.51143405292131249862 0.00675572386492589994 0.00000000099999999997 0.01714076311207373901 0.00000000099999999997 0.00000000099999999997 0.03410153958745080344 0.02055307801996046971 0.00000000099999999997 0.00000000099999999997 0.09354229300528739410 
0.31381052224535177508 0.43617264452565790434 0.00639886180407370133 0.00241446479899593003 0.01213225304969946933 0.00000000099999999999 0.00000018264335728668 0.04104294075443421647 0.00847471800829485006 0.00000000099999999999 0.03166034816415194686 0.14789306200598292818 
0.39060499701218226454 0.47257409868989391777 0.02022907962295576040 0.00000000099999999998 0.00000000099999999998 0.00000000099999999998 0.00000001808069372717 0.00000243753431530153 0.06371075742886396498 0.00000000099999999998 0.00000000099999999998 0.05287860663109514997 
0.31553922241202819743 0.47566706779892670154 0.00235379634399669573 0.00000000099999999998 0.04252231328240322489 0.00000000099999999998 0.00000000099999999998 0.02425182669626202089 0.03881003962900429066 0.00000000099999999998 0.00000000099999999998 0.10085572883737915773 
0.40375904863489997521 0.36903269937121596644 0.03221107450813908563 0.00000000099999999998 0.01690616104288691218 0.03694703845760678729 0.00000000099999999998 0.01731289365375555597 0.02216769239813826120 0.00000000099999999998 0.04366498681330686221 0.05799840212005066831 
0.31966982229585755304 0.44568302768383161183 0.00108737454404622832 0.00000000099999999998 0.02753803267538770458 0.00000000099999999998 0.00000000099999999998 0.00413066695602437930 0.04807210508380180963 0.00000000099999999998 0.00000000099999999998 0.15381896576105086316 
0.26040260932768261037 0.55709865004765335428 0.01883010198441272681 0.00000000099999999997 0.00000000099999999997 0.00000000099999999997 0.00000000099999999997 0.01457052771553581788 0.01575158423748178674 0.00000000099999999997 0.00000000099999999997 0.13334652068723398810 
0.55852433039655591251 0.43055046454319600979 0.00000000099999999996 0.00000000099999999996 0.01092519606024822121 0.00000000099999999996 0.00000000099999999996 0.00000000099999999996 0.00000000099999999996 0.00000000099999999996 0.00000000099999999996 0.00000000099999999996 
0.45199562949499960673 0.54800436050500078711 0.00000000099999999991 0.00000000099999999991 0.00000000099999999991 0.00000000099999999991 0.00000000099999999991 0.00000000099999999991 0.00000000099999999991 0.00000000099999999991 0.00000000099999999991 0.00000000099999999991 
0.45237492510473098495 0.50680153861058474529 0.00000000099999999996 0.00000000099999999996 0.00000000099999999996 0.00000000099999999996 0.00000000099999999996 0.00000000099999999996 0.04082352728468458675 0.00000000099999999996 0.00000000099999999996 0.00000000099999999996 
0.54215631185823243143 0.41779898392716852129 0.00000000099999999996 0.00000000099999999996 0.02184970340090242047 0.00000000099999999996 0.00000000099999999996 0.00000000099999999996 0.00602080518622893305 0.00000000099999999996 0.00000000099999999996 0.01217418862746798107 
0.50493623803948872730 0.43851624268457023437 0.00000000099999999995 0.00000000099999999995 0.00000000099999999995 0.00000000099999999995 0.00000000099999999995 0.03392620411382087781 0.02262130716212047699 0.00000000099999999995 0.00000000099999999995 0.00000000099999999995 
0.51652313428047125221 0.43662945721110407726 0.00000000099999999998 0.01108193747088459351 0.00000000099999999998 0.00000000099999999998 0.01461018236334929443 0.00000000099999999998 0.01498345380418016591 0.00000000099999999998 0.00000000099999999998 0.00617182887001085142 
0.45278052520252060065 0.54721946479747962666 0.00000000099999999991 0.00000000099999999991 0.00000000099999999991 0.00000000099999999991 0.00000000099999999991 0.00000000099999999991 0.00000000099999999991 0.00000000099999999991 0.00000000099999999991 0.00000000099999999991 
0.53427544222988254674 0.43017021774747526974 0.00000000099999999998 0.00317970549711668127 0.00000000099999999998 0.00239190453497151612 0.00000000099999999998 0.00000002705734994664 0.02998269693320418025 0.00000000099999999998 0.00000000099999999998 0.00000000099999999998 
0.61871441382447134316 0.37739710263281039948 0.00000000099999999995 0.00000000099999999995 0.00000000099999999995 0.00000000099999999995 0.00000000099999999995 0.00000000099999999995 0.00000000099999999995 0.00000000099999999995 0.00000000099999999995 0.00388847454271847720 
0.45307130370049181201 0.52028182421062685314 0.00000000099999999996 0.00000000099999999996 0.00773348087832614536 0.00000000099999999996 0.00000000099999999996 0.00000000099999999996 0.01878559358306046770 0.00000000099999999996 0.00000000099999999996 0.00012779062749484864 
0.99999998900000020008 0.00000000099999999984 0.00000000099999999984 0.00000000099999999984 0.00000000099999999984 0.00000000099999999984 0.00000000099999999984 0.00000000099999999984 0.00000000099999999984 0.00000000099999999984 0.00000000099999999984 0.00000000099999999984 
0.47711478032970011665 0.46284940698972854012 0.00000000099999999996 0.00000000099999999996 0.00000000099999999996 0.00000000099999999996 0.00000000099999999996 0.02090204634300487849 0.03913375833756663896 0.00000000099999999996 0.00000000099999999996 0.00000000099999999996 
0.52799807215840222074 0.47200191784159789554 0.00000000099999999993 0.00000000099999999993 0.00000000099999999993 0.00000000099999999993 0.00000000099999999993 0.00000000099999999993 0.00000000099999999993 0.00000000099999999993 0.00000000099999999993 0.00000000099999999993 
0.48016540486135450561 0.50102456220041913237 0.00667760019527868353 0.00000000099999999996 0.00000000099999999996 0.00000000099999999996 0.00000000099999999996 0.00000000099999999996 0.01213242474294788306 0.00000000099999999996 0.00000000099999999996 0.00000000099999999996 
0.47496255637285694773 0.46784138309440154169 0.00945084542774731785 0.00241169011005970459 0.00000000099999999997 0.00000002671971715196 0.00000000099999999997 0.00271851284689847428 0.03173967000096936109 0.00000000099999999997 0.00000000099999999997 0.01087531142734973234 
0.52739978774078111190 0.45975412232907214571 0.00169506508361658517 0.00000000099999999996 0.00000000099999999996 0.00000000099999999996 0.00000000099999999996 0.00000000099999999996 0.00000000099999999996 0.00000000099999999996 0.00000000099999999996 0.01115101684653035420 
0.57524092874281151921 0.41129347315186370881 0.00000000099999999996 0.00000000099999999996 0.00000000099999999996 0.00000000099999999996 0.00000000099999999996 0.00000000099999999996 0.01346558910532484263 0.00000000099999999996 0.00000000099999999996 0.00000000099999999996 
0.81636592535990704089 0.00793359358104360306 0.00000000099999999997 0.00000000099999999997 0.00000000099999999997 0.00000000099999999997 0.09396624374759104947 0.00000000099999999997 0.02482963955443469664 0.00000000099999999997 0.05690459075702384434 0.00000000099999999997 
0.05872137971416805519 0.01223661242197365134 0.00000000099999999999 0.00000000099999999999 0.09109469716759532876 0.07895809298240631657 0.00000000099999999999 0.33400905430106936356 0.00000000099999999999 0.31960015781318606987 0.08851939309106092446 0.01686060850854015705 
0.12563348972014387606 0.00000000099999999997 0.00000000099999999997 0.00000000099999999997 0.09153569015909295004 0.10263859220828389085 0.00000000099999999997 0.34527490448607001117 0.00000000099999999997 0.33490895278337923235 0.00000000099999999997 0.00000836464303006770 
0.03834154828445161117 0.00000000099999999998 0.00000000099999999998 0.00000000099999999998 0.09470752364753420860 0.11506274705144819981 0.00000000099999999998 0.35313638960433563208 0.00091282097330144764 0.35914174128851911183 0.00000000099999999998 0.03869722415040974250 
0.00175503461561615326 0.00000000099999999998 0.00000000099999999998 0.00000000099999999998 0.10208665563366522977 0.13218261698715816355 0.00000000099999999998 0.33725855417952521620 0.02501895026519295948 0.32105204327629288663 0.00000000099999999998 0.08064614004254933022 
0.05016103477217456752 0.00000000099999999998 0.00000000099999999998 0.00000000099999999998 0.10489743896228719000 0.14651508850495376102 0.00000000099999999998 0.29676223638304477515 0.00000000099999999998 0.36426248940748462424 0.00000000099999999998 0.03740170597005516157 
0.02446541539720322248 0.00042939148716908149 0.00000000099999999999 0.00000000099999999999 0.12685360222954919496 0.17286214805464955591 0.00000000099999999999 0.33957642336846421971 0.00943433648297644332 0.32637867797998831865 0.00000000099999999999 0.00000000099999999999 
0.05386448125694682371 0.00000000099999999998 0.00682094405937027411 0.00000000099999999998 0.08009267332386960092 0.09595489886122876566 0.00000000099999999998 0.34538347546641562369 0.03888281437636323390 0.31382081345846435383 0.05184263865118875908 0.01333725754615248081 
0.05009242439000474029 0.00794038773900876405 0.00675268056358262116 0.00000000099999999999 0.13693611649938638997 0.13582311591417903229 0.00903267675873721358 0.32526686626999162799 0.00000000099999999999 0.27197423065266701503 0.00000000099999999999 0.05618149821244269870 
0.01767374478745410704 0.00000000099999999999 0.00000000099999999999 0.00000000099999999999 0.12086218584784054475 0.14557174231077771309 0.00000000099999999999 0.32897522753270136420 0.00000000099999999999 0.31318936868238739235 0.00000000099999999999 0.07372772483883886785 
0.05891940508326973941 0.00000000254416041456 0.01937293721043622380 0.00000000099999999999 0.09690081861596068491 0.09985169264488358287 0.00000000099999999999 0.35283199732038583729 0.00000000099999999999 0.36496992294887592445 0.00715321963202767731 0.00000000099999999999 
0.77643391943600237326 0.18730836226767669239 0.00000000099999999997 0.00000000099999999997 0.00326229245884493077 0.00000000099999999997 0.02750958057066123924 0.00000000099999999997 0.00000000099999999997 0.00000000099999999997 0.00000000099999999997 0.00548583826681492415 
0.84654314858033263835 0.01575805787977975145 0.00000000099999999997 0.00000000099999999997 0.03479318066693883743 0.00000000099999999997 0.04966987032245229194 0.00000000099999999997 0.01646568975234067103 0.00000000099999999997 0.00000000099999999997 0.03677004679815586152 
0.85335691181492301371 0.11313225593416970094 0.00000000099999999995 0.00000000099999999995 0.00000000099999999995 0.00000000099999999995 0.00000000099999999995 0.00000000099999999995 0.00000973070569660412 0.00000000099999999995 0.00000000099999999995 0.03350109354521094152 
0.85656083296976437413 0.08343468681813277776 0.00641567008125788849 0.00000000099999999996 0.00000000099999999996 0.00000000099999999996 0.00000000099999999996 0.00000000099999999996 0.00000000099999999996 0.00000000099999999996 0.00000000099999999996 0.05358880213084511734 
0.79291258893988536549 0.04022666314918796338 0.00000000099999999998 0.00000000099999999998 0.00044719621781807029 0.00000000099999999998 0.01795560391748076204 0.00887199687246086402 0.07282508322274856838 0.00000000099999999998 0.00000000099999999998 0.06676086268041835081 
0.78861021838958755836 0.13581406657954719908 0.00000000099999999997 0.00021635449819401757 0.02137056785880139809 0.00000000099999999997 0.00000000099999999997 0.00032911051883014180 0.00000000099999999997 0.00000000099999999997 0.00000000099999999997 0.05365967615503979687 
0.87930615259499878000 0.10985817653888049761 0.00000000099999999995 0.00000000099999999995 0.00000000099999999995 0.00000000099999999995 0.01083330735454277223 0.00000235551157810301 0.00000000099999999995 0.00000000099999999995 0.00000000099999999995 0.00000000099999999995 
0.79279168631973140347 0.14233990743704988402 0.00000000099999999998 0.00372946659755063557 0.02467534456180008745 0.00000000099999999998 0.00000000099999999998 0.00736022838385068032 0.02101005370583326759 0.00000000099999999998 0.00000000099999999998 0.00809330799418405203 
0.97307751627158234342 0.00000000099999999995 0.00000000099999999995 0.00000000099999999995 0.00000000099999999995 0.00000000099999999995 0.00000000099999999995 0.00000000099999999995 0.00438447660557813451 0.00000000099999999995 0.00000000099999999995 0.02253799812283974885 
0.83216427014317573274 0.10614786048610259928 0.00000000099999999996 0.00000000099999999996 0.00000000099999999996 0.00000000099999999996 0.00000000099999999996 0.01804286819556569568 0.00000000099999999996 0.00000000099999999996 0.00000000099999999996 0.04364499317515622978 
0.04436912723457633184 0.13909021499513768427 0.00209971420683196337 0.00000000099999999998 0.02018632388554558732 0.06400686909964828364 0.02711869128570804088 0.02790723798616193824 0.02259636384146112079 0.00000000099999999998 0.59644414890673513874 0.05618130655819374153 
0.00000000235252546987 0.24869887045753275023 0.01217556554777621085 0.00000000099999999997 0.00000000099999999997 0.00000000099999999997 0.00000000099999999997 0.02045664285913988134 0.00000000099999999997 0.00000000099999999997 0.71866891178302549914 0.00000000099999999997 
0.10593445120492865630 0.25458320996445177320 0.04124626217886446372 0.00000000099999999999 0.01090668983874719215 0.05668862751128743438 0.00000000099999999999 0.03303719617819466520 0.02488783134570895367 0.00000000099999999999 0.42593329331220430856 0.04678243546561262900 
0.03395164751516536322 0.15806031086603919422 0.00007381110192722555 0.01716411424206829364 0.00000000099999999999 0.00000000099999999999 0.06995745875715796147 0.00000000099999999999 0.00000000099999999999 0.00000000099999999999 0.69013419455352664755 0.03065845796411529114 
0.37686587626037604259 0.19748991828611661692 0.00000000099999999997 0.00000000099999999997 0.00000000099999999997 0.01521423338776399167 0.00464011786777714617 0.04112911912623937877 0.00000000099999999997 0.00000000099999999997 0.00000000099999999997 0.36466072907172691897 
0.45691200554965427649 0.17543705581496318868 0.00000000099999999998 0.00000000099999999998 0.00000000099999999998 0.01242545020060813535 0.02909564497817825404 0.00000000099999999998 0.00000000099999999998 0.00000000099999999998 0.00000000099999999998 0.32612983645659643361 
0.48286005179116442410 0.17543576325866258592 0.00000000099999999997 0.00000000099999999997 0.00000000099999999997 0.02109621064976396551 0.02924604094723998876 0.00000000099999999997 0.00000000099999999997 0.00000000099999999997 0.00000000099999999997 0.29136192635316915389 
0.43168317364871788833 0.16202425247855917201 0.00461672871881540613 0.00000000099999999998 0.00000000099999999998 0.02242813856345122689 0.05105440185592976382 0.00000008955198413916 0.02106726227663668211 0.00000000099999999998 0.00000000099999999998 0.30712594890590588781 
0.41170091428698590841 0.12846901941625707422 0.00000000099999999997 0.00000000099999999997 0.00000000099999999997 0.00000000099999999997 0.05154412345628087144 0.00441459620174614389 0.00744928787173199537 0.00000000099999999997 0.00000000099999999997 0.39642205276699810090 
0.46637304658205336327 0.15985786294834006260 0.00000000099999999998 0.00000000099999999998 0.00000000099999999998 0.04174909479576308091 0.04502989693797795900 0.00302618150536438160 0.00000000099999999998 0.00000000099999999998 0.00000000099999999998 0.28396391123050146454 
0.00000000099999999981 0.00000000099999999981 0.00000000099999999981 0.00000000099999999981 0.00000000099999999981 0.00000000099999999981 0.99999998899999997803 0.00000000099999999981 0.00000000099999999981 0.00000000099999999981 0.00000000099999999981 0.00000000099999999981 
0.47182245251545584797 0.42019015443151763733 0.03254310731754346542 0.00932304790413374974 0.00122090769029830595 0.00000000099999999999 0.00003357683213575730 0.02507439250194173214 0.00533069489210508292 0.00000000099999999999 0.00000000099999999999 0.03446166291486829625 
0.36632824620457515863 0.38354662188726279526 0.00000000099999999998 0.00000000099999999998 0.00000000099999999998 0.00000000099999999998 0.00988505908756216745 0.00000000099999999998 0.06866642806249506625 0.00000000099999999998 0.12841613141145374888 0.04315750734665131649 
0.42576361850883215343 0.37440020446455823944 0.00793931453068104538 0.00000000099999999998 0.00000000099999999998 0.04474082389547085620 0.03570490330436946330 0.00032148030378790067 0.06448503102347596938 0.00000000099999999998 0.00000000099999999998 0.04664461996882446337 
0.46167892199226773231 0.35134429665248506636 0.00000000099999999999 0.00699210009688933185 0.04934140542093781723 0.01384181314324951610 0.05083758752267560771 0.00000000099999999999 0.05665337407129197866 0.00000000099999999999 0.00000000099999999999 0.00931049710020294755 
0.23429274737712862953 0.42829788671141039158 0.00000000099999999998 0.00537664991590947484 0.00000000099999999998 0.00000000099999999998 0.01788643381833433452 0.00956108160946571133 0.03894130672842784080 0.00000000099999999998 0.13414387352379691931 0.13150001631552690751 
0.37868504651194057065 0.36475714802392705804 0.01019558805660559023 0.00718873040730594066 0.01614468827238055987 0.00000000100000000000 0.02214108449157627112 0.00310675347115889691 0.02142380280985558064 0.00000000100000000000 0.02133496861056552799 0.15502218734468389827 
0.34867243251313284613 0.39032704255680022998 0.00000000099999999998 0.01953926928190220444 0.00000000099999999998 0.00000000099999999998 0.00840597551695914866 0.00000000099999999998 0.04335014114966475457 0.00000000099999999998 0.05315475767629434384 0.13655037630524674563 
0.26517616211024397366 0.35318661017652980272 0.00000000099999999998 0.00000000099999999998 0.00000000099999999998 0.05452329044902311933 0.01705409388835712678 0.04199723820519568607 0.06540841367625989389 0.00000000099999999998 0.07594474754747340683 0.12670943994691696854 
0.40402640592432381705 0.33100592663688360728 0.00000000099999999998 0.00000000099999999998 0.00517039431414169186 0.06745842274323676779 0.00535313324730563554 0.00000000099999999998 0.04931844347025628184 0.00000000099999999998 0.06230740610928349466 0.07535986355456886221 
0.39924992818467708311 0.38706019856223183861 0.00000000099999999999 0.00372705512368800554 0.00000000099999999999 0.00000000099999999999 0.00762055780518204173 0.00000000099999999999 0.00438157538282254056 0.00000000099999999999 0.07206577500790888047 0.12589490493348964861 
0.33067886285405290181 0.35446957027264852647 0.01504208314341820563 0.01096712397353266644 0.01185877816592012177 0.01665764266997848617 0.00000000330461286264 0.00000000099999999999 0.09850730550183012246 0.00000000099999999999 0.06734213219612043833 0.09447649591788580270 
0.35415749580928035378 0.36113314266911211714 0.00000000099999999999 0.00375335394181154939 0.00000000099999999999 0.00000000099999999999 0.02752600244632060281 0.02786023360443877495 0.07420944901207214561 0.00000000099999999999 0.05095852831468259542 0.10040179020228169604 
0.43317524641371601968 0.32024558621180404527 0.00046629661350216264 0.00000000099999999999 0.00000000099999999999 0.02479080078931433437 0.03354965776429181396 0.04306808467643234023 0.05413561167272200325 0.00000000099999999999 0.00000000099999999999 0.09056871185821746550 
0.07778889724494990332 0.46006507541704511066 0.00000000099999999998 0.00749795772210009020 0.00000000099999999998 0.03309552438637149846 0.03827403455661634174 0.01250181766821093290 0.00340487604547103431 0.00000000099999999998 0.16575059400967481760 0.20162121994956030968 
0.48136568833872445117 0.27423365887278783326 0.00000000099999999999 0.00000000099999999999 0.00000000099999999999 0.03112499279953288150 0.02143070235540520119 0.00561230594588207551 0.03799843524249863630 0.00000000099999999999 0.06237083705296107838 0.08586337539220793846 
0.58700691213554179182 0.00000000099999999994 0.04771227346275534048 0.00000000099999999994 0.01454309872411370039 0.00000000099999999994 0.00000000099999999994 0.32315109404959369011 0.00000000106973290622 0.00000000099999999994 0.00000000099999999994 0.02758661455826295558 
0.00000000099999999974 0.00000000099999999974 0.00000000099999999974 0.00000000099999999974 0.00000000099999999974 0.00000000099999999974 0.00000000099999999974 0.99999998899999997803 0.00000000099999999974 0.00000000099999999974 0.00000000099999999974 0.00000000099999999974 
0.00000000099999999971 0.00000000099999999971 0.00000000099999999971 0.00000000099999999971 0.00000000099999999971 0.00000000099999999971 0.00000000099999999971 0.99999998899999997803 0.00000000099999999971 0.00000000099999999971 0.00000000099999999971 0.00000000099999999971 
0.00000000099999999985 0.00000000099999999985 0.00000000099999999985 0.00000000099999999985 0.00000000099999999985 0.00000000099999999985 0.00000000099999999985 0.99999998899999997803 0.00000000099999999985 0.00000000099999999985 0.00000000099999999985 0.00000000099999999985 
0.00000000099999999974 0.00000000099999999974 0.00000000099999999974 0.00000000099999999974 0.00000000099999999974 0.00000000099999999974 0.00000000099999999974 0.99999998900000008906 0.00000000099999999974 0.00000000099999999974 0.00000000099999999974 0.00000000099999999974 
0.00000000099999999972 0.00000000099999999972 0.00000000099999999972 0.00000000099999999972 0.00000000099999999972 0.00000000099999999972 0.00000000099999999972 0.99999998899999997803 0.00000000099999999972 0.00000000099999999972 0.00000000099999999972 0.00000000099999999972 
0.00000000099999999985 0.00000000099999999985 0.00000000099999999985 0.00000000099999999985 0.00000000099999999985 0.00000000099999999985 0.00000000099999999985 0.99999998899999997803 0.00000000099999999985 0.00000000099999999985 0.00000000099999999985 0.00000000099999999985 
0.00000000099999999975 0.00000000099999999975 0.00000000099999999975 0.00000000099999999975 0.00000000099999999975 0.00000000099999999975 0.00000000099999999975 0.99999998900000008906 0.00000000099999999975 0.00000000099999999975 0.00000000099999999975 0.00000000099999999975 
0.17218651851914323903 0.00000000099999999992 0.02141727917317518340 0.00000000099999999992 0.00000000099999999992 0.00000000099999999992 0.00000000099999999992 0.80639619330768153027 0.00000000099999999992 0.00000000099999999992 0.00000000099999999992 0.00000000099999999992 
0.00000000099999999982 0.00000000099999999982 0.00000000099999999982 0.00000000099999999982 0.00000000099999999982 0.00000000099999999982 0.00000000099999999982 0.99999998899999997803 0.00000000099999999982 0.00000000099999999982 0.00000000099999999982 0.00000000099999999982 
0.66154495380963596052 0.22377203143484022951 0.00000000099999999998 0.01505510030781012816 0.01876905099845070299 0.00000000099999999998 0.00018064466790094808 0.00000000099999999998 0.03884033830184702163 0.00000000099999999998 0.00000000099999999998 0.04183787547951518110 
0.67510977064545796278 0.22238988923659633312 0.00000000099999999995 0.00389906430996794914 0.00000000099999999995 0.00000000099999999995 0.00000000099999999995 0.00000000099999999995 0.03539119846988390827 0.00000000099999999995 0.00000000099999999995 0.06321007033809417086 
0.80116096781928602955 0.00000000099999999999 0.00000000099999999999 0.00028885492162432087 0.00000000099999999999 0.00759661057238470664 0.00000000099999999999 0.08757789232212694064 0.00000000099999999999 0.00000000099999999999 0.02243268043361565031 0.08094298793096255107 
0.82863248455435489781 0.00000000099999999994 0.00000000099999999994 0.00000000099999999994 0.00000000099999999994 0.00000000099999999994 0.00000000099999999994 0.14906705235834966095 0.00000000099999999994 0.00000000099999999994 0.00000000099999999994 0.02230045408729582762 
0.79052198888692670753 0.00000000099999999998 0.00000000099999999998 0.00000000099999999998 0.04116161701241104198 0.00000000099999999998 0.00000000099999999998 0.12221617442764047545 0.02168128488727246242 0.00000000099999999998 0.00000000099999999998 0.02441892778574960080 
0.81907697995018613479 0.00000000099999999994 0.00000000099999999994 0.00000000099999999994 0.02843144194644340456 0.00000000099999999994 0.00000000099999999994 0.11790079091368339814 0.00000000099999999994 0.00000000099999999994 0.00000000099999999994 0.03459077918968725407 
0.93055343482099528440 0.00000000099999999993 0.00000000099999999993 0.00000000099999999993 0.01894313611629777280 0.00000000099999999993 0.00000000099999999993 0.02409485228139524385 0.00000000099999999993 0.00000000099999999993 0.00000000099999999993 0.02640856878131188704 
0.83094855575553983051 0.00000000099999999994 0.00000000099999999994 0.00000000099999999994 0.02658190145389479134 0.00000000099999999994 0.00000000099999999994 0.10300437560420772076 0.00000000099999999994 0.00000000099999999994 0.00000000099999999994 0.03946515918635792874 
0.92912715822346092498 0.00000000099999999997 0.00000000099999999997 0.00000003126198759963 0.00337063319964566507 0.00000000099999999997 0.00000000099999999997 0.01827827370580544647 0.00000000099999999997 0.00000000099999999997 0.00000000099999999997 0.04922389660910061332 
0.88812754365332269302 0.00000000099999999993 0.00000000099999999993 0.00000000099999999993 0.00000000099999999993 0.00000000099999999993 0.00000000099999999993 0.06619407690879594575 0.00000000099999999993 0.00000000099999999993 0.00000000099999999993 0.04567837043788151863 
0.87566330300568351319 0.00000000099999999991 0.00000000099999999991 0.00000000099999999991 0.02757859971209603023 0.00000000099999999991 0.00000000099999999991 0.09675808828222078051 0.00000000099999999991 0.00000000099999999991 0.00000000099999999991 0.00000000099999999991 
0.89994008765762978364 0.00000000099999999992 0.00000000099999999992 0.00000000099999999992 0.00000000099999999992 0.00000000099999999992 0.00000000099999999992 0.10005990234237048531 0.00000000099999999992 0.00000000099999999992 0.00000000099999999992 0.00000000099999999992 
0.92164645682587564846 0.00000000099999999993 0.00000000099999999993 0.00000000099999999993 0.03747862807419963249 0.00000000099999999993 0.00000000099999999993 0.04087490609992493890 0.00000000099999999993 0.00000000099999999993 0.00000000099999999993 0.00000000099999999993 
0.86182537435460515596 0.00000000099999999995 0.00000000099999999995 0.00000000099999999995 0.02973536501827543643 0.00000000099999999995 0.00000000099999999995 0.05861784762350505384 0.00986442611734001176 0.00000000099999999995 0.00000000099999999995 0.03995697988627446018 
0.90884499755413750144 0.00000000099999999994 0.00000000099999999994 0.00000000099999999994 0.00000000099999999994 0.00000000099999999994 0.00000000099999999994 0.09115499244586272587 0.00000000099999999994 0.00000000099999999994 0.00000000099999999994 0.00000000099999999994 
0.82831160352278421222 0.00000000099999999996 0.00000000099999999996 0.00000000099999999996 0.03523447341843121555 0.00000000099999999996 0.00000000099999999996 0.09379524010578997595 0.01947933062689288439 0.00000000099999999996 0.00000000099999999996 0.02317934532610200007 
0.88028213511040787065 0.00000000099999999994 0.00827462833921757505 0.00000000099999999994 0.01183389817132971672 0.00000000099999999994 0.00000000099999999994 0.05488582350186733960 0.00000000099999999994 0.00000000099999999994 0.00000000099999999994 0.04472350787717773585 
0.95243957048419769507 0.00000000099999999993 0.00000000099999999993 0.00000000099999999993 0.00000000099999999993 0.00000000099999999993 0.00000000099999999993 0.04756041951580249061 0.00000000099999999993 0.00000000099999999993 0.00000000099999999993 0.00000000099999999993 
0.93742736342586641118 0.00000000099999999996 0.00000000099999999996 0.00000000099999999996 0.00000000099999999996 0.00000000099999999996 0.00000000099999999996 0.05504012165812666169 0.00753250591600700039 0.00000000099999999996 0.00000000099999999996 0.00000000099999999996 
0.96987917897754738483 0.00000000099999999991 0.00000000099999999991 0.00000000099999999991 0.00000000099999999991 0.00000000099999999991 0.00000000099999999991 0.03012081102245279737 0.00000000099999999991 0.00000000099999999991 0.00000000099999999991 0.00000000099999999991 
0.84686964067490000385 0.00000000099999999994 0.00000000099999999994 0.00000000099999999994 0.00401682316785487159 0.00000000099999999994 0.00000000099999999994 0.14906424956376629343 0.00000000099999999994 0.00000000099999999994 0.00000000099999999994 0.00004927859347909566 
0.97040774737449075893 0.00000000099999999992 0.00000000099999999992 0.00000000099999999992 0.00000000099999999992 0.00000000099999999992 0.00000000099999999992 0.02959224262550950307 0.00000000099999999992 0.00000000099999999992 0.00000000099999999992 0.00000000099999999992 
0.95669003220197768034 0.00000000099999999995 0.00000000099999999995 0.00000000099999999995 0.00000000099999999995 0.00000000099999999995 0.00000000099999999995 0.04330995779802255391 0.00000000099999999995 0.00000000099999999995 0.00000000099999999995 0.00000000099999999995 
0.89032922162404215527 0.00000000099999999998 0.00671398716509966249 0.00000000099999999998 0.03872745009566512520 0.00000000099999999998 0.00000000099999999998 0.06422653603355321650 0.00000000099999999998 0.00000000099999999998 0.00000000099999999998 0.00000279808164007987 
0.00000000099999999984 0.00000000099999999984 0.00000000099999999984 0.00000000099999999984 0.00000000099999999984 0.00000000099999999984 0.99999998900000008906 0.00000000099999999984 0.00000000099999999984 0.00000000099999999984 0.00000000099999999984 0.00000000099999999984 
0.00000000099999999984 0.00000000099999999984 0.00000000099999999984 0.00000000099999999984 0.00000000099999999984 0.00000000099999999984 0.99999998899999997803 0.00000000099999999984 0.00000000099999999984 0.00000000099999999984 0.00000000099999999984 0.00000000099999999984 
0.00000000099999999992 0.00000000099999999992 0.00000000099999999992 0.00000000099999999992 0.00000000099999999992 0.00000000099999999992 0.00000000099999999992 0.57818381277296393428 0.00000000099999999992 0.00000000099999999992 0.42181617722703607098 0.00000000099999999992 
0.00000000099999999993 0.00000000099999999993 0.00000000099999999993 0.00000000099999999993 0.00000000099999999993 0.00000000099999999993 0.00000000099999999993 0.66871450779916474794 0.00000000099999999993 0.00000000099999999993 0.33128548220083525733 0.00000000099999999993 
0.00000000099999999992 0.00000000099999999992 0.00000000099999999992 0.00000000099999999992 0.00000000099999999992 0.00000000099999999992 0.00000000099999999992 0.58601356636876122952 0.00000000099999999992 0.00000000099999999992 0.41398642363123877574 0.00000000099999999992 
0.27886006619477471391 0.00000000099999999998 0.00000000099999999998 0.00000000099999999998 0.00000019480243101592 0.00000000099999999998 0.00000000099999999998 0.71513141837067328854 0.00600831263212081492 0.00000000099999999998 0.00000000099999999998 0.00000000099999999998 
0.00000000099999999992 0.00000000099999999992 0.00000000099999999992 0.00000000099999999992 0.00000000099999999992 0.00000000099999999992 0.00000000099999999992 0.67444441091643481112 0.00000000099999999992 0.00000000099999999992 0.32555557908356502761 0.00000000099999999992 
0.00000000099999999994 0.00000000099999999994 0.00000000099999999994 0.00000000099999999994 0.00000000099999999994 0.00000000099999999994 0.00000000099999999994 0.65932693951819387745 0.00000000099999999994 0.00000000099999999994 0.34067305048180601679 0.00000000099999999994 
0.00000000099999999994 0.00000000099999999994 0.00000000099999999994 0.00000000099999999994 0.00000000099999999994 0.00000000099999999994 0.00000000099999999994 0.62792325221863032336 0.00000000099999999994 0.00000000099999999994 0.37207673778136951537 0.00000000099999999994 
0.00000000099999999997 0.00000000099999999997 0.00374329411535043264 0.01014482634553408140 0.00000000099999999997 0.00000000099999999997 0.00000000099999999997 0.45315568008102291575 0.00000000099999999997 0.00000000099999999997 0.53295619145809236539 0.00000000099999999997 
0.00000000099999999993 0.00000000099999999993 0.00000000099999999993 0.00000000099999999993 0.00000000099999999993 0.00000000099999999993 0.00000000099999999993 0.64196232376247641671 0.00000000099999999993 0.00000000099999999993 0.35803766623752342202 0.00000000099999999993 
0.00000000099999999992 0.00000000099999999992 0.00000000099999999992 0.00000000099999999992 0.00000000099999999992 0.00000000099999999992 0.00000000099999999992 0.68572998914256144687 0.00000000099999999992 0.00000000099999999992 0.31427000085743839186 0.00000000099999999992 
0.00000000099999999994 0.00000000099999999994 0.00000000099999999994 0.00000000099999999994 0.00000000099999999994 0.00000000099999999994 0.00000000099999999994 0.58216009045704530944 0.00000000099999999994 0.00000000099999999994 0.41783989954295452929 0.00000000099999999994 
0.00000000099999999992 0.00000000099999999992 0.00000000099999999992 0.00000000099999999992 0.00000000099999999992 0.00000000099999999992 0.00000000099999999992 0.58455165690267418821 0.00000000099999999992 0.00000000099999999992 0.41544833309732581705 0.00000000099999999992 
0.08746215066094829849 0.04902507246266069735 0.03299888580748398803 0.00216981069415944725 0.00074010563064585207 0.08938895535826664462 0.00000000099999999999 0.11326466030546908370 0.00000000099999999999 0.00000000099999999999 0.61435496929932098542 0.01059538678104502731 
0.37667535287591008553 0.41763691719058931850 0.00000000099999999997 0.00000000099999999997 0.02551123750672154578 0.00000000099999999997 0.00000000099999999997 0.03974826514411561318 0.04332212191739721191 0.00000000099999999997 0.00000000099999999997 0.09710609936526642949 
0.27305462318887863127 0.43747469891944795739 0.00000000099999999998 0.00000000099999999998 0.03491545317896601469 0.00000000099999999998 0.01074217041691590165 0.01103261817242068461 0.08438095632988490413 0.00000000099999999998 0.00000000099999999998 0.14839947479348600257 
