0.00000000099999999999 0.00000000099999999999 0.93376061532161258594 0.00000000099999999999 0.00000000099999999999 0.01296000084669831319 0.02156775524801533839 0.02437498146793279363 0.00733664111574093298 0.00000000099999999999 0.00000000099999999999 
0.00000000099999999995 0.00000000099999999995 0.99999999000000017180 0.00000000099999999995 0.00000000099999999995 0.00000000099999999995 0.00000000099999999995 0.00000000099999999995 0.00000000099999999995 0.00000000099999999995 0.00000000099999999995 
0.00000000099999999998 0.00000000099999999998 0.94937667136984793537 0.00000000099999999998 0.00000000099999999998 0.01012624386733686904 0.03545757413422889054 0.00000000099999999998 0.00503950362858628879 0.00000000099999999998 0.00000000099999999998 
0.00000000099999999994 0.00000000099999999994 0.99999999000000017180 0.00000000099999999994 0.00000000099999999994 0.00000000099999999994 0.00000000099999999994 0.00000000099999999994 0.00000000099999999994 0.00000000099999999994 0.00000000099999999994 
0.00000000099999999997 0.00000000099999999997 0.93513967411713461164 0.00000000099999999997 0.00000000099999999997 0.02398140898875277330 0.04087890889411256029 0.00000000099999999997 0.00000000099999999997 0.00000000099999999997 0.00000000099999999997 
0.00000000099999999998 0.00000000099999999998 0.79019650507695848862 0.00000000099999999998 0.08269990148523988227 0.05775089217467007513 0.05666499288253545874 0.00534683481225045176 0.00734086856834559407 0.00000000099999999998 0.00000000099999999998 
0.00000000099999999998 0.00483403985470964772 0.88580808413575296001 0.00000000099999999998 0.00000000099999999998 0.00000000099999999998 0.07983308694286717078 0.02952474693641364903 0.00000000099999999998 0.00000003613025669787 0.00000000099999999998 
0.00000000099999999999 0.00000000099999999999 0.76900187200663827625 0.00000000099999999999 0.00000000099999999999 0.04650568230919987361 0.11270058200921506675 0.05799815049575383907 0.00000000099999999999 0.00000000099999999999 0.01379370717919313483 
0.00000000099999999997 0.00000000099999999997 0.99999999000000017180 0.00000000099999999997 0.00000000099999999997 0.00000000099999999997 0.00000000099999999997 0.00000000099999999997 0.00000000099999999997 0.00000000099999999997 0.00000000099999999997 
0.00000000099999999999 0.00000000099999999999 0.81809796748822460888 0.00000000099999999999 0.01358617660127631362 0.06413903316930322229 0.09677521606136307852 0.00000000099999999999 0.00000000099999999999 0.00302182955897878401 0.00437977212085402089 
0.00000000099999999996 0.00000000099999999996 0.97425379536574863160 0.00000000099999999996 0.00000000099999999996 0.02574619563425139049 0.00000000099999999996 0.00000000099999999996 0.00000000099999999996 0.00000000099999999996 0.00000000099999999996 
0.00000000099999999997 0.00000000099999999997 0.90849003823006146963 0.00000000099999999997 0.00000000099999999997 0.01927470367380984886 0.04564212120030740338 0.00000000099999999997 0.02659312989582135120 0.00000000099999999997 0.00000000099999999997 
0.04731991786197261435 0.00000000099999999998 0.94114199646603002858 0.00000000099999999998 0.00000000099999999998 0.00460296720992464832 0.00692261307311225604 0.00000000099999999998 0.00000000099999999998 0.00000000099999999998 0.00001249938896047074 
0.00130097207486678797 0.08815136590049867105 0.00000000099999999997 0.00000000099999999997 0.60561606401668210964 0.02030030190674915469 0.00000000099999999997 0.00000000099999999997 0.00000000099999999997 0.26503586269174062018 0.01959542840946255915 
0.00000000099999999997 0.12642763391769312742 0.00000000099999999997 0.00000000099999999997 0.52339661882559707085 0.00000000099999999997 0.00000000099999999997 0.00000000099999999997 0.05197565791513204109 0.27956441422699684907 0.01863566911458102576 
0.00438812819341951113 0.12223401224727360737 0.00000000099999999998 0.00000000099999999998 0.50272959670292249879 0.00000000099999999998 0.00000000099999999998 0.00000000099999999998 0.00000000099999999998 0.34302664779127411965 0.02762160906511035297 
0.03182550092792429258 0.21315612570012057447 0.01864639274769419250 0.00000000099999999999 0.41518902615575681292 0.00438370505252037163 0.00000000099999999999 0.00000000099999999999 0.00111818745970117131 0.27892958904711040447 0.03675146990917200346 
0.00000000099999999997 0.11533545696154262616 0.00000000099999999997 0.00000000099999999997 0.55790273575625215496 0.00001871346818541805 0.00000000099999999997 0.00000000099999999997 0.00870545361997551378 0.31803763419404418311 0.00000000099999999997 
0.00000000099999999998 0.11070444512809263227 0.00000000099999999998 0.00000000099999999998 0.53559861447748824403 0.00610975675144589427 0.00000000099999999998 0.00000000099999999998 0.01813209028985599686 0.30638765247016386262 0.02306743588295356168 
0.06337181738043712320 0.12506713741056432743 0.00000000099999999998 0.00000000099999999998 0.50727108162141143488 0.00000000099999999998 0.00000000099999999998 0.00000000099999999998 0.00000000099999999998 0.29231779613241387628 0.01197216145517324658 
0.00000000099999999998 0.10856738462616709329 0.04234768114212425494 0.02336188499801654384 0.48228334533397315687 0.00389107888189169559 0.00000000099999999998 0.00000000099999999998 0.00000000099999999998 0.31318176985548035196 0.02636685116234716020 
0.00727333590420063854 0.07728325067446842334 0.02201204020590857499 0.00000000099999999998 0.44593992893947137501 0.00000000099999999998 0.00000000099999999998 0.00000000099999999998 0.00000000099999999998 0.43062725783245903166 0.01686418144349209614 
0.02237394232074063627 0.09646974908398633919 0.00000000099999999997 0.00000000099999999997 0.50506969135083090716 0.02744460475773240898 0.00000000099999999997 0.00000000099999999997 0.01339457571136001661 0.32418995574016834516 0.01105747703518157078 
0.00803578131800284159 0.15017044662746978356 0.01545027037444810479 0.00240452381935583534 0.44631410834525564457 0.04200846501945849909 0.00000000099999999999 0.00000000099999999999 0.01225483215268532815 0.31949337923393777983 0.00386819110938628778 
0.06498966191951749405 0.05531942105446795155 0.00000000099999999998 0.00000000099999999998 0.46409299553955446482 0.00000000099999999998 0.00000000099999999998 0.00000454700701952398 0.00000000099999999998 0.39148574260843427286 0.02410762687100640247 
0.03952097999430942421 0.10103951211344602834 0.00000000099999999998 0.00000000099999999998 0.46938084723265494080 0.02317475986538964500 0.00000000099999999998 0.00000000099999999998 0.04040051964865074702 0.31922608424532633586 0.00725729290022288955 
0.02329836040653538234 0.05858927249388873326 0.07893070895353150596 0.00000000099999999998 0.36330803173620640489 0.01659525012501296415 0.00000000099999999998 0.00000000099999999998 0.01619486267838994922 0.41173567051098747260 0.03134784009544763078 
0.04803641569160296138 0.15625520637419768044 0.00000000099999999998 0.00000000099999999998 0.44144385028997479292 0.00000000623179906721 0.00000000099999999998 0.00000000099999999998 0.02846704723883777127 0.32416420257325928578 0.00163326760032839365 
0.02174100734370080709 0.13542738288891914555 0.00000000099999999997 0.00000000099999999997 0.55064080812053228797 0.00892065689900225361 0.00000000099999999997 0.00000000099999999997 0.00000000099999999997 0.27189252775541694618 0.01137761199242859345 
0.00000000099999999996 0.00000000099999999996 0.00000000099999999996 0.00000000099999999996 0.42402542821749239499 0.00000000099999999996 0.00000000099999999996 0.00000000099999999996 0.01093112643120610315 0.56504343735130146964 0.00000000099999999996 
0.00000000099999999992 0.00000000099999999992 0.00000000099999999992 0.00000000099999999992 0.53295761448972611696 0.00000000099999999992 0.00000000099999999992 0.00000000099999999992 0.00000000099999999992 0.46704237651027386002 0.00000000099999999992 
0.04244306847828200474 0.00000000099999999997 0.00000000099999999997 0.00009814228932594423 0.49693041392230974385 0.00000000099999999997 0.00000000099999999997 0.00000000099999999997 0.00000000099999999997 0.45952131198388057598 0.00100705732620174292 
0.00793219387113201085 0.01320328541446397046 0.00000000099999999997 0.00000000099999999997 0.40946805436452687887 0.00000000099999999997 0.00000000099999999997 0.00000000611209819428 0.02095883155544954815 0.54843762368232928939 0.00000000099999999997 
0.02289902011863439654 0.00000000099999999995 0.00000000099999999995 0.00000000099999999995 0.42966360332076308781 0.02315367859464103478 0.00000000099999999995 0.00000000099999999995 0.00000000099999999995 0.52428369096596139087 0.00000000099999999995 
0.01211155901027234638 0.00674273108195425509 0.00000000099999999998 0.01091587972619469278 0.42677902060109268456 0.00000000099999999998 0.00000000099999999998 0.01423010468778204869 0.00000000099999999998 0.52922069989270392742 0.00000000099999999998 
0.00000000099999999992 0.00000000099999999992 0.00000000099999999992 0.00000000099999999992 0.53212938319990699121 0.00000000099999999992 0.00000000099999999992 0.00000000099999999992 0.00000000099999999992 0.46787060780009309680 0.00000000099999999992 
0.03055584770184650856 0.00000000099999999998 0.00000000099999999998 0.00499504544714777631 0.42538834104081657550 0.00000000099999999998 0.00000000099999999998 0.00000000099999999998 0.00000000099999999998 0.53906075881018888918 0.00000000099999999998 
0.00000000099999999996 0.00225988996875690603 0.00000000099999999996 0.00000000099999999996 0.37041525993123108895 0.00000000099999999996 0.00000000099999999996 0.00000000099999999996 0.00000000099999999996 0.62732484210001182579 0.00000000099999999996 
0.01677153588169237597 0.00000027508045870957 0.00000000099999999997 0.00000000099999999997 0.51634956456178160433 0.00000000099999999997 0.00000000099999999997 0.00000000099999999997 0.00553966507800139878 0.46133895339806602065 0.00000000099999999997 
0.00000000099999999985 0.00000000099999999985 0.00000000099999999985 0.00000000099999999985 0.00000000099999999985 0.00000000099999999985 0.00000000099999999985 0.00000000099999999985 0.00000000099999999985 0.99999999000000006077 0.00000000099999999985 
0.04235561553990155326 0.00000000099999999996 0.00000000099999999996 0.00000000099999999996 0.45633201298024644865 0.01483573628848179442 0.00000000099999999996 0.00000000099999999996 0.00000000099999999996 0.48647662819137021950 0.00000000099999999996 
0.00000000099999999994 0.00000000099999999994 0.00000000099999999994 0.00000000099999999994 0.46461729774229609813 0.00000000099999999994 0.00000000099999999994 0.00000000099999999994 0.00000000099999999994 0.53538269325770371232 0.00000000099999999994 
0.01261827749471769802 0.00000000099999999997 0.00000000099999999997 0.00000000099999999997 0.49415343026270341920 0.00000000099999999997 0.00000000099999999997 0.00000000099999999997 0.00000000099999999997 0.49183586231541376321 0.00139242292716519785 
0.03065320955529668781 0.01545942732984529298 0.00000000099999999997 0.00225929262490154239 0.45254180943935368164 0.00000000099999999997 0.00000000099999999997 0.00000000099999999997 0.00000000099999999997 0.48437524443065710367 0.01471101161994576613 
0.00000000099999999997 0.00702698572049354105 0.00000000099999999997 0.00000000099999999997 0.45344025177804614390 0.00000000099999999997 0.00000000099999999997 0.00000000099999999997 0.00000000099999999997 0.53710543192241511079 0.00242732357904502146 
0.01191678374899321491 0.00000000099999999996 0.00000000099999999996 0.00000000099999999996 0.40457091404467598883 0.00000000099999999996 0.00000000099999999996 0.00000000099999999996 0.00000000099999999996 0.58351229420633066169 0.00000000099999999996 
0.02586099213467975624 0.00000000099999999997 0.06206119379782472356 0.00000000099999999997 0.00128748089099698423 0.00000000099999999997 0.00000000099999999997 0.09455624078810104249 0.00000000099999999997 0.81623408638839756168 0.00000000099999999997 
0.00000000099999999999 0.02049551742033962898 0.15234496815055759145 0.00000000099999999999 0.00815720910462722909 0.33045764711299513428 0.32225753682064167682 0.00000000099999999999 0.09821002847178658679 0.06807133146888695585 0.00000575845016505899 
0.00908625329150249648 0.00731908627184252227 0.02497451281631665743 0.00000000099999999998 0.00000000099999999998 0.33259881501955518290 0.35726679349520651385 0.00000000099999999998 0.11253302109667795428 0.15622151400889866535 0.00000000099999999998 
0.02113460165898080334 0.05283719203698835493 0.00453329157386139336 0.00000002895719463467 0.00000000099999999999 0.34437967814082470763 0.39255595098640189144 0.00000000099999999999 0.12122860085792384888 0.06333065278782423757 0.00000000099999999999 
0.03374132579169853569 0.08287121211871888160 0.06655097582898976405 0.00000000682109604817 0.00000000099999999999 0.31698482436988623112 0.33677117627333125194 0.00000000099999999999 0.12336545675546430056 0.03971501904081505691 0.00000000099999999999 
0.00000000099999999999 0.04667059112805502230 0.08853523152099296301 0.00537785551781612588 0.00000000099999999999 0.28461758232666217738 0.37404998458347860080 0.00000000099999999999 0.12078233295424641025 0.07996641796874864871 0.00000000099999999999 
0.01604854862491929615 0.00000000100000000000 0.12665724242800285859 0.01189797483143950098 0.00063492167847994236 0.32797507358513000586 0.32634373627956669850 0.00000000100000000000 0.13550908851710383174 0.03585669571839812664 0.01907671633695986677 
0.03596153355022242010 0.01440274251198737226 0.14978670137344232693 0.00000000099999999998 0.00000000099999999998 0.33645183037337145215 0.30405307629418648618 0.00000000099999999998 0.08959632418562613054 0.06611039012458554132 0.00363739858657824346 
0.00000000100000000000 0.05264718541150972819 0.13635425721862615145 0.00000000100000000000 0.00000000100000000000 0.30703429414882821291 0.25927208575281579517 0.00762419669097964478 0.14674129334374749756 0.07375887083769999686 0.01656781359579300589 
0.00000000100000000000 0.07020779044690080017 0.10853399757189599595 0.00875893686812573985 0.00000000100000000000 0.31357347609346664097 0.31504674235908908253 0.00000000100000000000 0.13170244748045542571 0.04594726019690931890 0.00622934598315683010 
0.00000000099999999999 0.00000000099999999999 0.08790262902474271778 0.00000000099999999999 0.00000000099999999999 0.34621279414949901465 0.36313414230372631497 0.00000000099999999999 0.10173248813668223089 0.06803462603380500129 0.03298331535154477162 
0.00000000099999999997 0.00707246926993972385 0.00000000099999999997 0.00000000099999999997 0.18312864595414340974 0.00000000099999999997 0.00000000099999999997 0.02800685766721808592 0.00297884995999329449 0.77881317114870540763 0.00000000099999999997 
0.01697978577477528978 0.03705921726601175276 0.00000000099999999997 0.00000000099999999997 0.00220988173163514951 0.00000000099999999997 0.00000000099999999997 0.05444769667219637871 0.03403085470366166293 0.85527255885171971084 0.00000000099999999997 
0.00022505387414352215 0.03297075913728948759 0.00000000099999999995 0.00000000099999999995 0.10829691784465048099 0.00000000099999999995 0.00000000099999999995 0.00000000099999999995 0.00000000099999999995 0.85850726214391648305 0.00000000099999999995 
0.00000000099999999996 0.05444073882710707274 0.00000000099999999996 0.00000000099999999996 0.07936194361419320054 0.00000000099999999996 0.00000000099999999996 0.00000000099999999996 0.00000000099999999996 0.86384597750781111358 0.00235133305088853660 
0.07199443905926995735 0.06887021365859688493 0.00000000099999999998 0.00000000099999999998 0.03401346227071192635 0.00046465444858892328 0.00000000099999999998 0.01903901041156753210 0.00334424782739936892 0.80227396832386543846 0.00000000099999999998 
0.00000000099999999998 0.05388664911684678399 0.00000000099999999998 0.00000005309406956400 0.13283641448659458395 0.00000000956456006804 0.00000000099999999998 0.00000087507374615075 0.02073287070081354655 0.79254312396336923374 0.00000000099999999998 
0.00000000099999999995 0.00000000099999999995 0.00000000099999999995 0.00000000099999999995 0.09730662497422526425 0.00000000099999999995 0.00000000099999999995 0.01313357675993323537 0.00000000099999999995 0.88955979026584142133 0.00000000099999999995 
0.01896684471868271410 0.00996521119717350308 0.00000000099999999998 0.00515052248263756993 0.13859235288550719734 0.00156236012373203704 0.00000000099999999998 0.00000000099999999998 0.02668315861350225790 0.79907954597876462710 0.00000000099999999998 
0.00209932764810998084 0.02411570630770850515 0.00000000099999999996 0.00000000099999999996 0.00000000099999999996 0.00000000099999999996 0.00000000099999999996 0.00000000099999999996 0.00000000099999999996 0.97378495804418141457 0.00000000099999999996 
0.00000000099999999996 0.04527116287261465088 0.00000000099999999996 0.00000000099999999996 0.09991877037107038673 0.01642553360985467281 0.00000000099999999996 0.00000000099999999996 0.00000000099999999996 0.83838452614646030714 0.00000000099999999996 
0.02214708955127972154 0.06063492380187414377 0.56823172005845046240 0.00000514230592446564 0.21150403555823810153 0.06185923873568889564 0.00000000099999999999 0.04082637319055387043 0.00960380179938139823 0.01934012855384159568 0.00584754544476731846 
0.00000000099999999998 0.00000000099999999998 0.63010063558139994822 0.00000000099999999998 0.32974264651753903976 0.03196811770257985963 0.00000000099999999998 0.00000000099999999998 0.00000000099999999998 0.00000000099999999998 0.00818859319848123414 
0.02689613938914391447 0.05398433981183765190 0.43331816481395374341 0.00000000099999999999 0.29945735967285158630 0.04723173164966990023 0.00000000099999999999 0.00000000099999999999 0.00564565164032989827 0.09649777626477995529 0.03696883375743351824 
0.00000000100000000000 0.03111467950571161420 0.60655291587496573680 0.01361428108463343632 0.22074506988092898463 0.01793136103289907912 0.00000006969629690447 0.08086849537936749432 0.00000000100000000000 0.02917312454519668460 0.00000000100000000000 
0.00000000099999999998 0.37046010082916375206 0.00000044215984939334 0.00000000099999999998 0.20271397625375803253 0.03605871254265937548 0.00000000099999999998 0.00645259086609435446 0.00000000099999999998 0.38431417234847498055 0.00000000099999999998 
0.00000000099999999998 0.32884277877447742888 0.00000000099999999998 0.00000000099999999998 0.17889460642651300315 0.00000000099999999998 0.00000000099999999998 0.03014496824049044121 0.00000000099999999998 0.46211763955851892227 0.00000000099999999998 
0.00000000099999999998 0.29559383137592282198 0.00000000099999999998 0.00000000099999999998 0.18515432446894256047 0.00000000099999999998 0.00000000099999999998 0.03101024169783029097 0.00000000099999999998 0.48824159545730416720 0.00000000099999999998 
0.02230112896261274291 0.31213291214190869161 0.00002593183676265192 0.00000000099999999998 0.16764479435401763441 0.00000002041932370693 0.00000000099999999998 0.05401123184394879262 0.00000000099999999998 0.43962145057328821940 0.00426252686813768759 
0.00461137711058045262 0.40027685890009612191 0.00000000099999999997 0.00000000099999999997 0.12702092899695319184 0.00000010894570868186 0.00000000099999999997 0.05207941677141163239 0.00000000099999999997 0.41601130427524979360 0.00000000099999999997 
0.00000000099999999999 0.29234451429633911967 0.00000001161370960491 0.00022627744095790126 0.18103773054650354468 0.00000000099999999999 0.00000000099999999999 0.04696426688491920493 0.00030914665234076815 0.47911804856522977047 0.00000000099999999999 
0.00000000099999999983 0.00000000099999999983 0.00000000099999999983 0.00000000099999999983 0.00000000099999999983 0.00000000099999999983 0.00000000099999999983 0.99999999000000006077 0.00000000099999999983 0.00000000099999999983 0.00000000099999999983 
0.00640778870919778924 0.03506223881934659309 0.00000000099999999999 0.00669587128117933236 0.41565383835934699430 0.01507983956172913136 0.00000000099999999999 0.00009392155470671930 0.00375591141738862867 0.47857763811147219224 0.03867295018563268738 
0.07365382906829939791 0.04100379762661524735 0.08638600083485996339 0.00000000099999999998 0.42158364673149362201 0.00000000099999999998 0.00000000099999999998 0.01308249116335200544 0.00000000099999999998 0.36429022957537976479 0.00000000099999999998 
0.06318712352724928372 0.04833950777971916107 0.00437927327950086206 0.00000000099999999999 0.39439600753959719315 0.00000000099999999999 0.00000000099999999999 0.03652089148497526805 0.00000000099999999999 0.42503880850673364522 0.02813838388222469206 
0.05775176202804035291 0.00634550165813624334 0.00000000099999999999 0.00817108439464925632 0.35915779047643159316 0.00000000099999999999 0.00000000099999999999 0.05042227686839674539 0.04918271297255019658 0.46891798923666905274 0.00005087936512631482 
0.03881415627472119961 0.12939592159897819745 0.09381646900208924500 0.00547577699284364661 0.46415665068260886228 0.01316702120004975031 0.00000000099999999998 0.02033702299044246736 0.00000000099999999998 0.23483697825826682637 0.00000000099999999998 
0.02011972487306839738 0.15894397408467109134 0.03057883599526932741 0.00666981140136575171 0.35895363102004840261 0.00034040175738911702 0.00000000100000000000 0.02032435841909197363 0.01310628222382113905 0.38257243672618362895 0.00839054249909131078 
0.04547721266703357024 0.13429363580714992477 0.03320755024141416878 0.02021797739536377800 0.40376881037480194525 0.00000000099999999998 0.00000000099999999998 0.01250855452351705942 0.00000000099999999998 0.35052625499071971005 0.00000000099999999998 
0.06303239423568821054 0.12660774578759753650 0.10891390451392510275 0.00000000099999999999 0.35990955960413917314 0.03801945732286187568 0.00000000099999999999 0.01895847016124739895 0.00000000099999999999 0.26535113942023286215 0.01920732595430807779 
0.04979313250547207775 0.07656326189938125748 0.11858330789846327491 0.00000000099999999999 0.33189665192431661023 0.00000000099999999999 0.00000000099999999999 0.00734734389776303069 0.00597193372632289290 0.40984436414828090411 0.00000000099999999999 
0.00241310962166774168 0.12624511553017284116 0.03032209481263418646 0.00567528239313393103 0.43063862984082479368 0.00000000099999999999 0.00000000099999999999 0.00311500224525796147 0.00000000099999999999 0.40159074470672606605 0.00000001784958252087 
0.09777067872923020375 0.09386799992617483879 0.07294848571508474877 0.01188901022638839955 0.36477213044442297063 0.00000000099999999999 0.00000000099999999999 0.00000000726270918905 0.01206078434377556331 0.33317111943345040226 0.01351978191876359453 
0.07358829191583463047 0.10060426831464666653 0.03314250271784412172 0.00326065172193595919 0.37333093884937729179 0.02562552153681123962 0.00000000099999999999 0.02869176344909961027 0.00000000099999999999 0.36175598586801555046 0.00000007362643497161 
0.05516329559235935709 0.08863184947483605802 0.00008301327124062137 0.00456466118947097908 0.32952660434284436475 0.03738548907616653233 0.00000000099999999999 0.03464055053616629798 0.00000000099999999999 0.44613953999384636795 0.00386499452306957947 
0.00482898861152264262 0.20039204584012376698 0.16133166526875752922 0.01087844376205381741 0.49097486992363709168 0.01628522794463675358 0.00000000099999999998 0.03829277259757321583 0.00000000099999999998 0.07701598305169524150 0.00000000099999999998 
0.03783199302841060152 0.08462580889126676553 0.08057239243847197363 0.00000000099999999999 0.27832796148201655040 0.00319882041224306239 0.00000000099999999999 0.02225062044571967171 0.00000000099999999999 0.48337359750259667468 0.00981880279927460631 
0.00000000099999999994 0.02256750597145753753 0.00000000099999999994 0.00000000099999999994 0.00000000099999999994 0.31569472814587445919 0.00000000099999999994 0.00000000099999999994 0.01790366839431708351 0.59480156708141762589 0.04903252440693317560 
0.00000000099999999977 0.00000000099999999977 0.00000000099999999977 0.00000000099999999977 0.00000000099999999977 0.99999999000000006077 0.00000000099999999977 0.00000000099999999977 0.00000000099999999977 0.00000000099999999977 0.00000000099999999977 
0.00000000099999999974 0.00000000099999999974 0.00000000099999999974 0.00000000099999999974 0.00000000099999999974 0.99999999000000017180 0.00000000099999999974 0.00000000099999999974 0.00000000099999999974 0.00000000099999999974 0.00000000099999999974 
0.00000000099999999986 0.00000000099999999986 0.00000000099999999986 0.00000000099999999986 0.00000000099999999986 0.99999999000000017180 0.00000000099999999986 0.00000000099999999986 0.00000000099999999986 0.00000000099999999986 0.00000000099999999986 
0.00000000099999999977 0.00000000099999999977 0.00000000099999999977 0.00000000099999999977 0.00000000099999999977 0.99999999000000006077 0.00000000099999999977 0.00000000099999999977 0.00000000099999999977 0.00000000099999999977 0.00000000099999999977 
0.00000000099999999975 0.00000000099999999975 0.00000000099999999975 0.00000000099999999975 0.00000000099999999975 0.99999999000000017180 0.00000000099999999975 0.00000000099999999975 0.00000000099999999975 0.00000000099999999975 0.00000000099999999975 
0.00000000099999999987 0.00000000099999999987 0.00000000099999999987 0.00000000099999999987 0.00000000099999999987 0.99999999000000017180 0.00000000099999999987 0.00000000099999999987 0.00000000099999999987 0.00000000099999999987 0.00000000099999999987 
0.00000000099999999977 0.00000000099999999977 0.00000000099999999977 0.00000000099999999977 0.00000000099999999977 0.99999999000000017180 0.00000000099999999977 0.00000000099999999977 0.00000000099999999977 0.00000000099999999977 0.00000000099999999977 
0.00000000099999999993 0.00000000099999999993 0.00000000099999999993 0.00000000099999999993 0.00000000099999999993 0.80284211823034312694 0.00000000099999999993 0.00000000099999999993 0.00000000099999999993 0.18154409709057639510 0.01561377667908069207 
0.00000000099999999984 0.00000000099999999984 0.00000000099999999984 0.00000000099999999984 0.00000000099999999984 0.99999999000000006077 0.00000000099999999984 0.00000000099999999984 0.00000000099999999984 0.00000000099999999984 0.00000000099999999984 
0.03822400774017981062 0.04231073546220814885 0.00000000099999999998 0.01452875900880358680 0.22742870911523796473 0.00000000099999999998 0.00000000099999999998 0.00000006765319212449 0.01882538578340913621 0.65868233123696917630 0.00000000099999999998 
0.03668258266113815641 0.06241738499477256230 0.00000000099999999996 0.00294593835575572647 0.21733544795879219946 0.00000000099999999996 0.00000000099999999996 0.00000000099999999996 0.00000000099999999996 0.68061864002954119979 0.00000000099999999996 
0.00000000099999999999 0.08237459816331085816 0.02881372223963935691 0.00056658605220751143 0.00000000099999999999 0.08221801143607863904 0.00000000099999999999 0.00000000099999999999 0.00000000099999999999 0.80602707610876367372 0.00000000099999999999 
0.00000000099999999995 0.02257911785739976154 0.00000000099999999995 0.00000000099999999995 0.00000000099999999995 0.14598874193798733190 0.00000000099999999995 0.00000000099999999995 0.00000000099999999995 0.83143213220461287261 0.00000000099999999995 
0.02202069658572951977 0.02409977079324416432 0.00000000099999999998 0.00000000099999999998 0.00000000099999999998 0.11712005475296838330 0.00000000099999999998 0.00000000099999999998 0.04271429664588962533 0.79404517522216822023 0.00000000099999999998 
0.00000000099999999995 0.03627327073546448427 0.00000000099999999995 0.00000000099999999995 0.00000000099999999995 0.11420619557829740642 0.00000000099999999995 0.00000000099999999995 0.03016558683991479167 0.81935493984632323805 0.00000000099999999995 
0.00000000099999999994 0.02704753743364638266 0.00000000099999999994 0.00000000099999999994 0.00000000099999999994 0.02126355314175835259 0.00000000099999999994 0.00000000099999999994 0.02053372575061839303 0.93115517667397684765 0.00000000099999999994 
0.00000000099999999994 0.03929434978157854419 0.00000000099999999994 0.00000000099999999994 0.00000000099999999994 0.10404943376269558397 0.00000000099999999994 0.00000000099999999994 0.02662581769892751957 0.83003039175679826922 0.00000000099999999994 
0.00000000099999999997 0.05081658192247554690 0.00000000099999999997 0.00005976070940048007 0.00000000099999999997 0.00885018815755654435 0.00000000099999999997 0.00000000099999999997 0.00557532961393731891 0.93469813359663012076 0.00000000099999999997 
0.00000000099999999994 0.04671869209730943051 0.00000000099999999994 0.00000000099999999994 0.00000000099999999994 0.06130563623413204377 0.00000000099999999994 0.00000000099999999994 0.00000000099999999994 0.89197566366855840503 0.00000000099999999994 
0.00000000099999999992 0.00000000099999999992 0.00000000099999999992 0.00000000099999999992 0.00000000099999999992 0.09672505615599362450 0.00000000099999999992 0.00000000099999999992 0.02823096786250388693 0.87504396798150241299 0.00000000099999999992 
0.00000000099999999993 0.00000000099999999993 0.00000000099999999993 0.00000000099999999993 0.00000000099999999993 0.09316656253275563959 0.00000000099999999993 0.00000000099999999993 0.00000000099999999993 0.90683342846724435127 0.00000000099999999993 
0.00000000099999999994 0.00000000099999999994 0.00000000099999999994 0.00000000099999999994 0.00000000099999999994 0.03573971266366084143 0.00000000099999999994 0.00000000099999999994 0.03977569755821894898 0.92448458177812009584 0.00000000099999999994 
0.01059011092394366270 0.04134669416326685470 0.00000000099999999995 0.00000000099999999995 0.00000000099999999995 0.05051892308795533082 0.00000000099999999995 0.00000000099999999995 0.03126242347425109425 0.86628184235058314222 0.00000000099999999995 
0.00000000099999999994 0.00000000099999999994 0.00000000099999999994 0.00000000099999999994 0.00000000099999999994 0.08776855045417381040 0.00000000099999999994 0.00000000099999999994 0.00000000099999999994 0.91223144054582616658 0.00000000099999999994 
0.01951948188534347733 0.02350953571245228274 0.00000000099999999996 0.00000000099999999996 0.00000000099999999996 0.09069505793663569515 0.00000000099999999996 0.00000000099999999996 0.03616965708972369464 0.83010626137584486717 0.00000000099999999996 
0.00000000099999999995 0.04775254051932815297 0.00000000099999999995 0.00000000099999999995 0.00000000099999999995 0.05743075349670621887 0.00000000099999999995 0.00000000099999999995 0.01371774121372843804 0.88077358948769768343 0.00032536928253946030 
0.00000000099999999994 0.00000000099999999994 0.00000000099999999994 0.00000000099999999994 0.00000000099999999994 0.04476891851568057940 0.00000000099999999994 0.00000000099999999994 0.00000000099999999994 0.95523107248431937677 0.00000000099999999994 
0.00882080578839609768 0.00000000099999999996 0.00000000099999999996 0.00000000099999999996 0.00000000099999999996 0.05553906943084826325 0.00000000099999999996 0.00000000099999999996 0.00000000099999999996 0.93564011678075575951 0.00000000099999999996 
0.00000000099999999992 0.00000000099999999992 0.00000000099999999992 0.00000000099999999992 0.00000000099999999992 0.03365884677432803146 0.00000000099999999992 0.00000000099999999992 0.00000000099999999992 0.96634114422567185532 0.00000000099999999992 
0.00000000099999999995 0.00003065458960888821 0.00000000099999999995 0.00000000099999999995 0.00000000099999999995 0.14470476579165178488 0.00000000099999999995 0.00000000099999999995 0.00670850690854709730 0.84855606571019215334 0.00000000099999999995 
0.00000000099999999993 0.00000000099999999993 0.00000000099999999993 0.00000000099999999993 0.00000000099999999993 0.02821890633148863362 0.00000000099999999993 0.00000000099999999993 0.00000000099999999993 0.97178108466851131908 0.00000000099999999993 
0.00000000099999999996 0.00000000099999999996 0.00000000099999999996 0.00000000099999999996 0.00000000099999999996 0.04085859879769730002 0.00000000099999999996 0.00000000099999999996 0.00000000099999999996 0.95914139220230265614 0.00000000099999999996 
0.00000000099999999998 0.00009587196023929406 0.00000000099999999998 0.00000000099999999998 0.00000000099999999998 0.05883822846633696146 0.00000000099999999998 0.00000000099999999998 0.04273331269340913813 0.89833257920483411407 0.00000000167518050110 
0.00000000099999999986 0.00000000099999999986 0.00000000099999999986 0.00000000099999999986 0.00000000099999999986 0.00000000099999999986 0.00000000099999999986 0.99999999000000006077 0.00000000099999999986 0.00000000099999999986 0.00000000099999999986 
0.00000000099999999985 0.00000000099999999985 0.00000000099999999985 0.00000000099999999985 0.00000000099999999985 0.00000000099999999985 0.00000000099999999985 0.99999998999999994975 0.00000000099999999985 0.00000000099999999985 0.00000000099999999985 
0.00000000099999999993 0.00000000099999999993 0.37997518417799291957 0.00000000099999999993 0.00000000099999999993 0.62002480682200700191 0.00000000099999999993 0.00000000099999999993 0.00000000099999999993 0.00000000099999999993 0.00000000099999999993 
0.00000000099999999994 0.00000000099999999994 0.28211147313290019234 0.00000000099999999994 0.00000000099999999994 0.71788851786709984015 0.00000000099999999994 0.00000000099999999994 0.00000000099999999994 0.00000000099999999994 0.00000000099999999994 
0.00000000099999999994 0.00000000099999999994 0.34866408836444445773 0.00000000099999999994 0.00000000099999999994 0.65133590263555551925 0.00000000099999999994 0.00000000099999999994 0.00000000099999999994 0.00000000099999999994 0.00000000099999999994 
0.00337685663098044641 0.00000000099999999998 0.00000000099999999998 0.00000000099999999998 0.00000000099999999998 0.71644835751994329076 0.00000000099999999998 0.00000000099999999998 0.00000000099999999998 0.28017477784907612870 0.00000000099999999998 
0.00000000099999999994 0.00000000099999999994 0.25919735257787801519 0.00000000099999999994 0.00000000099999999994 0.74080263842212212833 0.00000000099999999994 0.00000000099999999994 0.00000000099999999994 0.00000000099999999994 0.00000000099999999994 
0.00000000099999999995 0.00000000099999999995 0.28968675026545920304 0.00000000099999999995 0.00000000099999999995 0.71031324073454082946 0.00000000099999999995 0.00000000099999999995 0.00000000099999999995 0.00000000099999999995 0.00000000099999999995 
0.00000000099999999996 0.00000000099999999996 0.30345275640426577768 0.00000000099999999996 0.00000000099999999996 0.69654723459573431033 0.00000000099999999996 0.00000000099999999996 0.00000000099999999996 0.00000000099999999996 0.00000000099999999996 
0.00000000099999999998 0.00200477481169416974 0.46599764764083595470 0.00314205518035643068 0.00000000099999999998 0.51307280138835897887 0.00000000099999999998 0.01558321878812033053 0.00000000099999999998 0.00000000099999999998 0.00019949719063408757 
0.00000000099999999994 0.00000000099999999994 0.31575056723999389563 0.00000000099999999994 0.00000000099999999994 0.68424942376000608135 0.00000000099999999994 0.00000000099999999994 0.00000000099999999994 0.00000000099999999994 0.00000000099999999994 
0.00000000099999999993 0.00000000099999999993 0.25267092909908706044 0.00000000099999999993 0.00000000099999999993 0.74732906190091308307 0.00000000099999999993 0.00000000099999999993 0.00000000099999999993 0.00000000099999999993 0.00000000099999999993 
0.00000000099999999996 0.00000000099999999996 0.37483127351844819364 0.00000000099999999996 0.00000000099999999996 0.62516871748155178334 0.00000000099999999996 0.00000000099999999996 0.00000000099999999996 0.00000000099999999996 0.00000000099999999996 
0.00000000099999999994 0.00000000099999999994 0.34811575927846977185 0.00000000099999999994 0.00000000099999999994 0.65188423172153020513 0.00000000099999999994 0.00000000099999999994 0.00000000099999999994 0.00000000099999999994 0.00000000099999999994 
0.00000000100000000000 0.02121444046559758240 0.61981589048222640592 0.00355549818516385499 0.09736723651783450728 0.13338063817196338379 0.01391024547159029102 0.00848923771094299735 0.00000000553853066691 0.07780574974478003669 0.02446105671137001683 
0.04359859282771514494 0.09889164242938353055 0.00000000099999999997 0.00000000099999999997 0.41560605625227681204 0.02774514551623756889 0.00000000099999999997 0.00000000099999999997 0.02729661380725508305 0.38686194416713193256 0.00000000099999999997 
0.08608125050127431177 0.14974932219523104382 0.00000000099999999998 0.00000000099999999998 0.43151297255058584934 0.00064411584564636945 0.00000000099999999998 0.01040614299463533954 0.03769544622101756587 0.28391074569160934526 0.00000000099999999998 
0.08396195470017131512 0.10440856914336942018 0.00000000099999999998 0.00000000099999999998 0.46328650450675168404 0.04479138096403115221 0.00000000099999999998 0.00000000099999999998 0.00000000099999999998 0.30355158468567650099 0.00000000099999999998 
0.07447634695519178560 0.14119010672723231181 0.00000000099999999997 0.00000465609513254607 0.51413506977073686333 0.00596414208503118822 0.00000000099999999997 0.00000000099999999997 0.03479893184542378476 0.22943074252125175705 0.00000000099999999997 
0.10222742086961676689 0.09107426208360390463 0.00000000099999999997 0.00000000099999999997 0.51607516104921813405 0.00135447954060236475 0.00000000099999999997 0.00000000099999999997 0.02799625663052395311 0.26127241482643492887 0.00000000099999999997 
0.07213200216807981457 0.12866241549383752862 0.00000000099999999998 0.00000000099999999998 0.52606647649855675652 0.00000126569977036594 0.00000000099999999998 0.00000000099999999998 0.00000000099999999998 0.27313783413975561976 0.00000000099999999998 
0.04435572463472195470 0.08886426276671657853 0.00000000099999999997 0.00000000099999999997 0.53860712860356940723 0.01685427532480738080 0.00000000099999999997 0.00000000099999999997 0.00000000099999999997 0.30787978937086080133 0.00343881429932402314 
0.09824335868157528517 0.10849375964003099559 0.00000000099999999997 0.00000000099999999997 0.55242491389901304810 0.04173149488537272050 0.00000000099999999997 0.00000000099999999997 0.00000000099999999997 0.19910646689400804399 0.00000000099999999997 
0.08165476647207284278 0.11865125137380290454 0.00000000099999999996 0.00000000099999999996 0.56808588528116432670 0.02754912905162767642 0.00000000099999999996 0.00000000099999999996 0.00000000099999999996 0.20405896182133226313 0.00000000099999999996 
0.05883181904044598731 0.12069089338132724110 0.00000000099999999998 0.00000000099999999998 0.51689884463405044723 0.02931230382987045149 0.00000000099999999998 0.00000000099999999998 0.00000000099999999998 0.27426613311430581010 0.00000000099999999998 
0.04329843088854732486 0.12755743594582039102 0.00000000099999999998 0.00000000099999999998 0.49012787145189656846 0.00224061439547647984 0.00000000099999999998 0.00000000099999999998 0.06205056685774720804 0.27472507546051222471 0.00000000099999999998 
0.05435719421171376214 0.19884582402776962429 0.00308521080647107884 0.00000000099999999999 0.45315988457241240805 0.01990632963908902514 0.00000000099999999999 0.02148236898472007106 0.02033782446409901010 0.22875032279035006910 0.00007503850337506367 
0.05896945631461784909 0.09250867399506045030 0.00000000099999999998 0.00000000099999999998 0.55996030530366358580 0.02875230401591346435 0.00000000099999999998 0.00000000099999999998 0.00000000099999999998 0.24148886846335149148 0.01832038690739333855 
0.05751918036576456061 0.14104728973724434127 0.00000000099999999997 0.00000000099999999997 0.50304925661757837752 0.03415483412556166720 0.00000000099999999997 0.00000000099999999997 0.00000000099999999997 0.26422943315385094554 0.00000000099999999997 
0.05526084998090083356 0.13117402631066704677 0.00000000099999999997 0.00000000099999999997 0.58277022009480561326 0.00118767196217288819 0.00000000099999999997 0.00000000099999999997 0.00000000099999999997 0.22363707927285839117 0.00597014737859544436 
