0.00000000100000000000 0.12510484260236057197 0.11188147407247585330 0.76301368232516353363 
0.00000000100000000000 0.13015897480434768241 0.12381562178559731013 0.74602540241005510513 
0.00000000100000000000 0.11225596483185716623 0.13405026663283242661 0.75369376753531036606 
0.00000000100000000000 0.13772115563932546545 0.10562165584427775367 0.75665718751639665651 
0.00000000100000000000 0.13279889290856949913 0.13371145295659972452 0.73348965313483061035 
0.00000000100000000000 0.12793520392767876448 0.16934993966814737565 0.70271485540417377713 
0.00000000100000000000 0.15387775798425756824 0.11271102069254182454 0.73341122032320060775 
0.00000000100000000000 0.17608285261658737642 0.13587074055162470798 0.68804640583178788837 
0.02092942793930206019 0.13443401447417027694 0.10834363617731813945 0.73629292140920965526 
0.00000000100000000000 0.16669766667416768824 0.17733999513889350808 0.65596233718693874870 
0.00000000100000000000 0.12804686128805936596 0.14429626180569973815 0.72765687590624072989 
0.00000000100000000000 0.15756747372025436960 0.16576469500326476703 0.67666783027648080839 
0.00000000100000000000 0.12042916482477587781 0.13882968269576967391 0.74074115147945440718 
0.62776010424542016963 0.00214946762653636875 0.04929059823166119514 0.32079982989638222701 
0.61548730469276646815 0.00000000099999999999 0.05311571783053208040 0.33139697647670141034 
0.69908001227836580327 0.00000000099999999999 0.01605076349631320842 0.28486922322532098883 
0.69999834977700792216 0.00000000099999999999 0.03010382493268080537 0.26989782429031122790 
0.64923861335702914843 0.00000000099999999999 0.03519722793232842734 0.31556415771064244558 
0.61507893655127809929 0.00000000100000000000 0.04295376307925746762 0.34196729936946440587 
0.68145622891888990580 0.00000000099999999999 0.00000000099999999999 0.31854376908111026179 
0.62283873698798863927 0.00000000099999999999 0.02878964192660378799 0.34837162008540756286 
0.67556441674419009935 0.00000000099999999999 0.02348113095345012030 0.30095445130235992659 
0.66535723022373094437 0.00000000099999999999 0.06190236828251721724 0.27274040049375186667 
0.64936755691557423997 0.00000000099999999999 0.06265988496001118069 0.28797255712441455211 
0.69269658791912147588 0.00000000099999999999 0.00705537003043046201 0.30024804105044811120 
0.63455485568550717979 0.00000000099999999999 0.07318407518915497068 0.29226106812533803048 
0.62231201609567465827 0.00000000099999999999 0.07827649332147200434 0.29941148958285346282 
0.71803223305316343783 0.00000000100000000000 0.02485326991484967940 0.25711449603198699432 
0.65332886456705563383 0.00000000099999999999 0.02373388817561983624 0.32293724625732450617 
0.76965562753268412788 0.00000000099999999999 0.00000000099999999999 0.23034437046731584542 
0.74034931600366393756 0.00000000099999999998 0.00000000099999999998 0.25965068199633611901 
0.73002355561272425089 0.00000000099999999999 0.00000000099999999999 0.26997644238727563915 
0.79921280236153957599 0.00000000099999999999 0.00000603786156776194 0.20078115877689267643 
0.76929676119110679267 0.00000000099999999998 0.00957291934437272916 0.22113031846452063656 
0.74750231616284590341 0.00000000099999999999 0.00000000099999999999 0.25249768183715398662 
0.73968698539749289100 0.00000000099999999998 0.00000000099999999998 0.26031301260250716556 
0.74755166859875177288 0.00000000099999999999 0.00000000099999999999 0.25244832940124822818 
0.84063474613431143911 0.00000000099999999999 0.00000000099999999999 0.15936525186568864521 
0.75187670645344251152 0.00000000099999999999 0.00000000099999999999 0.24812329154655740626 
0.99999999700000008485 0.00000000099999999996 0.00000000099999999996 0.00000000099999999996 
0.77209910892021971218 0.00000000099999999999 0.00015309190103314125 0.22774779817874712950 
0.77096881744290524097 0.00000000099999999998 0.00000000099999999998 0.22903118055709481560 
0.74005613392737823464 0.00000000099999999999 0.00000000099999999999 0.25994386407262176641 
0.76045067732022653129 0.00000000099999999999 0.00000116551863070348 0.23954815616114275012 
0.75893716593510451851 0.00000000099999999999 0.00000000099999999999 0.24106283206489564908 
0.80915841548099864955 0.00000000099999999999 0.00000000099999999999 0.19084158251900137926 
0.83312402944254959625 0.00000000100000000000 0.02735912522622722942 0.13951684433122316098 
0.09761046135361312048 0.35010255182954286290 0.46612560860798007978 0.08616137820886393683 
0.14195662171051606770 0.36789237136791558269 0.49015100592156835013 0.00000000100000000000 
0.09762944008658201722 0.39641332632339526532 0.50595723259002278738 0.00000000100000000000 
0.16764856729547267244 0.36792715564100292314 0.46389981226713739026 0.00052446479638698564 
0.12538331784233344712 0.40247560563441958648 0.45007451240598184139 0.02206656411726494113 
0.04246213594594555607 0.35054006886474287086 0.51732502763305410198 0.08967276755625749884 
0.14274977416665832197 0.36299236832595932478 0.47058602628422169234 0.02367183122316078581 
0.10431669859296914538 0.28151329166457300657 0.51949310436716145123 0.09467690537529653561 
0.10129993363944884976 0.33791362298923777185 0.49516458429630128002 0.06562185907501218163 
0.08367908734559215134 0.38967257216433415223 0.50440092675078862516 0.02224741373928504698 
0.89059581816775845731 0.00000000099999999998 0.00879654330650285303 0.10060763752573874397 
0.90954310727029108463 0.00000000099999999998 0.05399985102687555882 0.03645704070283328074 
0.99293201726106294913 0.00000000099999999999 0.00000000099999999999 0.00706798073893699381 
0.99831137840966632790 0.00000000099999999999 0.00168861959033364908 0.00000000099999999999 
0.93071015711915749957 0.00000000099999999999 0.04459914672806597480 0.02469069515277642554 
0.93740293347403302882 0.00000000099999999999 0.03277560939353009462 0.02982145613243698465 
0.94222032754910656216 0.00000000099999999999 0.00683177024580701019 0.05094790120508644465 
0.88465127787007591387 0.00000000099999999999 0.04177337214149385441 0.07357534898843025306 
0.99982322470495799127 0.00000000099999999997 0.00017677329504206432 0.00000000099999999997 
0.97441075985615976940 0.00000000099999999999 0.02110266119718085670 0.00448657794665937009 
0.15453367769230616502 0.00000000100000000000 0.15198600318650104524 0.69348031812119292905 
0.08978252319791063529 0.01311863598375004152 0.10924491911515045450 0.78785392170318890859 
0.26702309880518787510 0.00200693252773123405 0.14715742987396790431 0.58381253879311301169 
0.10978525001200123423 0.04809853158268769663 0.07426628065335172391 0.76784993775195931054 
0.87423784817866734276 0.00000000099999999999 0.02388788235449132089 0.10187426846684133341 
0.89033527515361077231 0.00000000099999999999 0.00000000099999999999 0.10966472284638928425 
0.88044600020426366793 0.00000000099999999999 0.00000000099999999999 0.11955399779573634700 
0.84278776453439363525 0.00000000099999999999 0.00000000099999999999 0.15721223346560636580 
0.88690696834089943756 0.00000000099999999999 0.00000000099999999999 0.11309302965910067451 
0.84630148046202136047 0.00000000099999999999 0.00118861369207796160 0.15250990484590071228 
0.00000000099999999997 0.00000000099999999997 0.00000000099999999997 0.99999999699999997382 
0.68469586444703778305 0.00000000100000000000 0.04306255403279890537 0.27224158052016328435 
0.63962666451501803966 0.00000000099999999999 0.00000000099999999999 0.36037333348498196139 
0.69754786429692372529 0.00000000099999999999 0.00000000099999999999 0.30245213370307638678 
0.66930747712258487070 0.00000000100000000000 0.03659857937464550126 0.29409394250276982286 
0.58027290696193145614 0.00000000099999999999 0.00000000293782843801 0.41972708910024009166 
0.71574497869554298823 0.00728129262163354409 0.02902128844973077618 0.24795244023309270798 
0.69243610651989562221 0.00000000099999999999 0.00000000099999999999 0.30756389148010432333 
0.62286714299631062985 0.00000000100000000000 0.03759605865719944928 0.33953679734648989363 
0.67445584189038021439 0.00000000100000000000 0.01566701469386457685 0.30987714241575531338 
0.70072446111400144009 0.00000000100000000000 0.00000000100000000000 0.29927553688599850545 
0.69353288522845946140 0.00000000100000000000 0.00000011790915933430 0.30646699586238113078 
0.67796406325645464097 0.00000000099999999999 0.01990008868730284985 0.30213584705624257909 
0.71487420867482653897 0.00000000099999999999 0.04106663022627395770 0.24405916009889944140 
0.49204243393849761423 0.00000000100000000000 0.01110490027982321756 0.49685266478167910975 
0.73799779278860166976 0.00000000099999999999 0.00008046924597240333 0.26192173696542597749 
0.58503552993579965857 0.00000000099999999997 0.41496446806420039799 0.00000000099999999997 
0.00000000099999999994 0.00000000099999999994 0.99999999699999986280 0.00000000099999999994 
0.00000000099999999993 0.00000000099999999993 0.99999999699999986280 0.00000000099999999993 
0.00000000099999999995 0.00000000099999999995 0.99999999699999986280 0.00000000099999999995 
0.00000000099999999993 0.00000000099999999993 0.99999999699999997382 0.00000000099999999993 
0.00000000099999999993 0.00000000099999999993 0.99999999699999986280 0.00000000099999999993 
0.00000000099999999995 0.00000000099999999995 0.99999999699999997382 0.00000000099999999995 
0.00000000099999999994 0.00000000099999999994 0.99999999699999986280 0.00000000099999999994 
0.10757434147617311870 0.00000000099999999997 0.89242565652382688235 0.00000000099999999997 
0.00000000099999999995 0.00000000099999999995 0.99999999699999986280 0.00000000099999999995 
0.83612291179108744199 0.00000000099999999999 0.03004847400758571541 0.13382861320132674599 
0.90979990823623535512 0.00000000099999999998 0.00000000099999999998 0.09020008976376471532 
0.83706250170731444360 0.00000000455558066894 0.16031868455371692250 0.00261880918338795472 
0.77533695567387750369 0.00000000099999999999 0.22466304232612241409 0.00000000099999999999 
0.77877140028891589374 0.00000000099999999999 0.22122859771108405180 0.00000000099999999999 
0.77005714935439983915 0.00000000099999999999 0.22994284864560007864 0.00000000099999999999 
0.88646982713787436658 0.00000000099999999997 0.11353017086212571773 0.00000000099999999997 
0.79854778449423646780 0.00338927316422448161 0.19806294134153912267 0.00000000099999999999 
0.88328430523140544217 0.00000000099999999999 0.11671569276859453113 0.00000000099999999999 
0.84108522999349599747 0.00000000099999999998 0.15891476800650392032 0.00000000099999999998 
0.79629492928746148372 0.00000000099999999997 0.20370506871253846182 0.00000000099999999997 
0.81126587353432866312 0.00000000099999999997 0.18873412446567133793 0.00000000099999999997 
0.85493171220405705935 0.00000000099999999998 0.14506828579594288620 0.00000000099999999998 
0.86815270446087489109 0.00000000099999999998 0.13184729353912497118 0.00000000099999999998 
0.81861657886378913496 0.00000000099999999999 0.18138341913621094936 0.00000000099999999999 
0.81347918147632847230 0.00000000099999999998 0.18652081652367144549 0.00000000099999999998 
0.84075230096595432450 0.00000000099999999998 0.15924769703404556553 0.00000000099999999998 
0.83371788222834009030 0.00000000099999999999 0.16628211577165988300 0.00000000099999999999 
0.85941784399834642016 0.00478141588006712834 0.13580073912158652227 0.00000000099999999999 
0.83004293490121450194 0.00000000099999999998 0.16995706309878549911 0.00000000099999999998 
0.79320100383447722514 0.00000000099999999998 0.20679899416552272040 0.00000000099999999998 
0.82852857019047476683 0.00000000099999999999 0.17147142780952520646 0.00000000099999999999 
0.88381915393087473465 0.00000000099999999999 0.11618084406912525253 0.00000000099999999999 
0.87240243237519543573 0.00000000099999999999 0.12759756562480459308 0.00000000099999999999 
0.00000000099999999998 0.00000000099999999998 0.00000000099999999998 0.99999999700000008485 
0.00000000099999999997 0.00000000099999999997 0.00000000099999999997 0.99999999700000008485 
0.00000000100000000000 0.00076694247017083971 0.70792980286315210225 0.29130325366667703113 
0.00000000099999999999 0.00000000099999999999 0.76787157909699466085 0.23212841890300517367 
0.00000000100000000000 0.03324779915754230708 0.69223832437533405759 0.27451387546712369137 
0.22756295172906387814 0.00000000099999999999 0.77243704627093612292 0.00000000099999999999 
0.00000000100000000000 0.01238329771771140564 0.78239042986233942045 0.20522627141994914668 
0.00000000099999999999 0.00000000099999999999 0.76944912915135355025 0.23055086884864645080 
0.00000000100000000000 0.01405133069323035930 0.75352625688931962333 0.23242241141745012545 
0.00000000100000000000 0.03197600445649142337 0.57933977862799568292 0.38868421591551305383 
0.00000000099999999999 0.00000000099999999999 0.75600448006812848156 0.24399551793187143622 
0.00000000100000000000 0.00000000100000000000 0.79667266862615038203 0.20332732937384945249 
0.00000000100000000000 0.00000007651899061061 0.70852310477599600436 0.29147681770501349119 
0.00000000100000000000 0.02879033768387919204 0.70125926857648568369 0.26995039273963516990 
0.11904760534622479962 0.06906336137983634660 0.23598386937839482824 0.57590516389554413657 
0.71242932996891938924 0.00000000099999999999 0.05892571784621510739 0.22864495118486533043 
0.71256971504527721883 0.00000000099999999999 0.02285841489136100288 0.26457186906336177534 
0.66743266839390669176 0.00000000099999999999 0.04074144878460148750 0.29182588182149193923 
0.66888462028228334866 0.00000000099999999999 0.02956636486078021570 0.30154901385693649862 
0.68377120612588571102 0.00000000099999999999 0.00246807955928083841 0.31376071331483351701 
0.67262271569523479631 0.00000000099999999999 0.00000000099999999999 0.32737728230476514923 
0.68617611803247546831 0.00000000100000000000 0.00672980879204977157 0.30709407217547479707 
0.65137673639092019684 0.00000000099999999999 0.01356911852183479220 0.33505414408724509823 
0.65198564561788907579 0.00000000100000000000 0.01135582000166508558 0.33665853338044587906 
0.66967455902190420325 0.00000000099999999999 0.01056823101146590546 0.31975720896662984671 
0.64004053232468194334 0.00000000099999999999 0.06302297387728590661 0.29693649279803202568 
0.68034389672647666014 0.00000000099999999999 0.01551194055695936415 0.30414416171656410981 
0.63660272914728943672 0.00000000099999999999 0.02487077250279527002 0.33852649734991524522 
0.69527391957366602160 0.00000000099999999999 0.01525276276365629055 0.28947331666267761552 
0.64580503782704989924 0.00000000099999999999 0.00000000099999999999 0.35419496017295015733 
0.69208452386204277751 0.00000000099999999999 0.00000000099999999999 0.30791547413795716803 
0.65451875197344211443 0.00000000099999999999 0.00881557811065239449 0.33666566891590538058 
0.59578941367742854762 0.00000000099999999999 0.03559094455709668758 0.36861964076547476532 
0.62778064249409226694 0.00000000099999999999 0.00000000099999999999 0.37221935550590790065 
0.65797894364441922299 0.00000000099999999999 0.00026932937010533788 0.34175172598547548519 
0.01391292483606599607 0.00000000099999999998 0.00000000099999999998 0.98608707316393395814 
0.91364732839765960826 0.00000000099999999999 0.06857620960996693715 0.01777646099237353144 
0.89712566662384407579 0.00000000100000000000 0.04644429529453811267 0.05643003708161772186 
0.95631368039360697964 0.00000000099999999999 0.02743196813884355920 0.01625435046754937843 
0.94383516743290718498 0.00000000099999999999 0.01961483603379068560 0.03654999553330231382 
0.99999999700000008485 0.00000000099999999997 0.00000000099999999997 0.00000000099999999997 
0.97018751256702917551 0.00000000099999999999 0.02981248543297083942 0.00000000099999999999 
0.99999999700000008485 0.00000000099999999995 0.00000000099999999995 0.00000000099999999995 
0.99999999699999997382 0.00000000099999999998 0.00000000099999999998 0.00000000099999999998 
0.98432079029069163845 0.00000000099999999999 0.01567920770930835567 0.00000000099999999999 
0.91353225158746564905 0.00000000099999999999 0.01150336311519609654 0.07496438429733827402 
0.99999999700000008485 0.00000000099999999997 0.00000000099999999997 0.00000000099999999997 
0.94901166911655887581 0.00000000099999999999 0.00003664983121285537 0.05095168005222815155 
0.99999999700000008485 0.00000000099999999999 0.00000000099999999999 0.00000000099999999999 
0.99262355492742826435 0.00000000099999999998 0.00737644307257173584 0.00000000099999999998 
0.99999999700000008485 0.00000000099999999996 0.00000000099999999996 0.00000000099999999996 
0.99954627900365433657 0.00000000099999999998 0.00045371899634560008 0.00000000099999999998 
0.99999999700000008485 0.00000000099999999998 0.00000000099999999998 0.00000000099999999998 
0.97606294850228514370 0.00000000099999999998 0.02393704949771491980 0.00000000099999999998 
0.99999999700000008485 0.00000000099999999998 0.00000000099999999998 0.00000000099999999998 
0.94575905879537514043 0.00000000099999999999 0.04230932813599777575 0.01193161206862705485 
0.87015179934444186749 0.00000000099999999999 0.02634488507955347336 0.10350331457600475682 
0.99093176782372260902 0.00000000099999999999 0.00906823017627748397 0.00000000099999999999 
0.99877631420894463776 0.00000000099999999998 0.00122368379105551920 0.00000000099999999998 
0.99910938925773984387 0.00000000099999999998 0.00089060874226022603 0.00000000099999999998 
0.99500489920144030709 0.00000000099999999999 0.00493117862331266064 0.00006392117524704114 
0.99999999699999997382 0.00000000099999999997 0.00000000099999999997 0.00000000099999999997 
0.99999999700000008485 0.00000000099999999997 0.00000000099999999997 0.00000000099999999997 
0.99999999700000008485 0.00000000099999999998 0.00000000099999999998 0.00000000099999999998 
0.99999999700000008485 0.00000000099999999997 0.00000000099999999997 0.00000000099999999997 
0.99999999700000008485 0.00000000099999999998 0.00000000099999999998 0.00000000099999999998 
0.99999999700000008485 0.00000000099999999999 0.00000000099999999999 0.00000000099999999999 
0.99999999699999997382 0.00000000099999999998 0.00000000099999999998 0.00000000099999999998 
0.99999999700000008485 0.00000000099999999997 0.00000000099999999997 0.00000000099999999997 
0.99999999700000008485 0.00000000099999999998 0.00000000099999999998 0.00000000099999999998 
0.99999999699999997382 0.00000000099999999999 0.00000000099999999999 0.00000000099999999999 
0.99174366195595486939 0.00000000099999999999 0.00000000099999999999 0.00825633604404515768 
0.99999999699999997382 0.00000000099999999998 0.00000000099999999998 0.00000000099999999998 
0.99999999699999997382 0.00000000099999999997 0.00000000099999999997 0.00000000099999999997 
0.99999999700000008485 0.00000000099999999998 0.00000000099999999998 0.00000000099999999998 
0.98970476039335875118 0.00000000099999999999 0.01029523760664112844 0.00000000099999999999 
0.00863458917204743687 0.00000000099999999998 0.99136540882795265439 0.00000000099999999998 
0.00000000099999999997 0.00000000099999999997 0.99999999699999986280 0.00000000099999999997 
0.00000000099999999998 0.00000000099999999998 0.99999999699999997382 0.00000000099999999998 
0.00000000099999999997 0.00000000099999999997 0.99999999699999986280 0.00000000099999999997 
0.00000000099999999999 0.00000000099999999999 0.99999999699999997382 0.00000000099999999999 
0.00000000099999999997 0.00000000099999999997 0.99999999699999997382 0.00000000099999999997 
0.00000000099999999997 0.00000000099999999997 0.99999999699999997382 0.00000000099999999997 
0.00000000099999999997 0.00000000099999999997 0.99999999699999986280 0.00000000099999999997 
0.08118631254555783161 0.00000000100000000000 0.91247863823519692605 0.00633504821924518388 
0.00000000099999999997 0.00000000099999999997 0.99999999699999997382 0.00000000099999999997 
0.00000000099999999998 0.00000000099999999998 0.99999999699999997382 0.00000000099999999998 
0.00000000099999999997 0.00000000099999999997 0.99999999699999997382 0.00000000099999999997 
0.00000000099999999997 0.00000000099999999997 0.99999999699999986280 0.00000000099999999997 
0.00000000099999999998 0.00000000099999999998 0.99999999699999997382 0.00000000099999999998 
0.00000000099999999997 0.00000000099999999997 0.99999999699999997382 0.00000000099999999997 
0.00000000099999999996 0.00000000099999999996 0.99999999699999986280 0.00000000099999999996 
0.00000000099999999997 0.00000000099999999997 0.99999999699999997382 0.00000000099999999997 
0.00000000099999999996 0.00000000099999999996 0.99999999699999997382 0.00000000099999999996 
0.00000000099999999998 0.00000000099999999998 0.99999999699999986280 0.00000000099999999998 
0.00000000099999999998 0.00000000099999999998 0.99999999699999986280 0.00000000099999999998 
0.00000000099999999998 0.00000000099999999998 0.99999999699999986280 0.00000000099999999998 
0.00000000099999999998 0.00000000099999999998 0.00000000099999999998 0.99999999700000008485 
0.02328359013348506312 0.05033255405694477685 0.57390363149015444222 0.35248022431941578025 
0.08800639851478035680 0.00000000099999999996 0.91199359948521974140 0.00000000099999999996 
0.73033657751898350963 0.00000000099999999998 0.26966342048101654694 0.00000000099999999998 
0.17873023896986436898 0.00000000099999999997 0.82126975903013565983 0.00000000099999999997 
0.23117351029846161525 0.00000000099999999997 0.76882648770153827478 0.00000000099999999997 
0.00000000099999999993 0.00000000099999999993 0.99999999699999997382 0.00000000099999999993 
0.00000000099999999994 0.00000000099999999994 0.99999999699999997382 0.00000000099999999994 
0.99999999700000008485 0.00000000099999999997 0.00000000099999999997 0.00000000099999999997 
0.90214396413948505504 0.00000000099999999997 0.09785603386051494601 0.00000000099999999997 
0.95389366175095513523 0.00000000099999999997 0.04610633624904476868 0.00000000099999999997 
0.96511102221805611379 0.00000000099999999997 0.03488897578194390114 0.00000000099999999997 
0.96536939716961978064 0.00000000099999999997 0.03463060083038013715 0.00000000099999999997 
0.99999999700000008485 0.00000000099999999997 0.00000000099999999997 0.00000000099999999997 
0.98239725381991016562 0.00000000099999999997 0.01760274418008993605 0.00000000099999999997 
0.92100634361154321006 0.00000000099999999997 0.07899365438845679099 0.00000000099999999997 
0.00000000099999999996 0.99999999700000008485 0.00000000099999999996 0.00000000099999999996 
0.00000000099999999992 0.99999999700000008485 0.00000000099999999992 0.00000000099999999992 
0.00000000099999999996 0.99999999699999997382 0.00000000099999999996 0.00000000099999999996 
0.00000000099999999997 0.99999999699999997382 0.00000000099999999997 0.00000000099999999997 
0.00000000099999999993 0.99999999699999997382 0.00000000099999999993 0.00000000099999999993 
0.00000000099999999997 0.99999999699999997382 0.00000000099999999997 0.00000000099999999997 
0.00000000099999999995 0.99999999699999997382 0.00000000099999999995 0.00000000099999999995 
0.00000000099999999995 0.99999999699999997382 0.00000000099999999995 0.00000000099999999995 
0.00000000099999999995 0.99999999699999997382 0.00000000099999999995 0.00000000099999999995 
0.00000000099999999994 0.99999999699999997382 0.00000000099999999994 0.00000000099999999994 
0.83979860436218012332 0.00000000099999999998 0.00000000099999999998 0.16020139363782001651 
0.83675256404186926229 0.00000000099999999998 0.00000000099999999998 0.16324743395813082203 
0.87758274842252925740 0.00000000099999999999 0.00000000099999999999 0.12241724957747079916 
0.83411585217358608091 0.00000000099999999999 0.00000000099999999999 0.16588414582641403117 
0.84824053539302057825 0.00000000099999999999 0.00000000099999999999 0.15175946260697942281 
0.84022188027591770965 0.00000000099999999999 0.00000000099999999999 0.15977811772408229141 
0.80854448946587165192 0.00000000099999999999 0.00000000099999999999 0.19145550853412837689 
0.84421028685282950565 0.00000000099999999999 0.00000000099999999999 0.15578971114717060642 
0.84877497063418105849 0.00000000099999999999 0.00000000099999999999 0.15122502736581913685 
0.87202665008867530361 0.00000000099999999999 0.00000000099999999999 0.12797334791132480847 
0.85604460414690686232 0.00000000099999999999 0.00000000099999999999 0.14395539385309308322 
0.79289983308637557169 0.00000000099999999999 0.00000000099999999999 0.20710016491362448487 
0.82087434107227386093 0.00000000099999999999 0.00000000099999999999 0.17912565692772625114 
0.88688247647879159263 0.00000000099999999999 0.00004295971804204126 0.11307456280316649511 
0.83684881952580902897 0.00000000099999999999 0.00000000099999999999 0.16315117847419111086 
0.90803303007147007087 0.00000000099999999999 0.00000000099999999999 0.09196696792852990243 
0.96018202849399403309 0.00000000099999999998 0.03981796950600598184 0.00000000099999999998 
0.99999999700000008485 0.00000000099999999998 0.00000000099999999998 0.00000000099999999998 
0.97648954325131209764 0.00000000099999999998 0.02351045474868802831 0.00000000099999999998 
0.95901962953233732545 0.00000000099999999999 0.04098036846766261315 0.00000000099999999999 
0.91653187688058534999 0.00000000099999999999 0.08346812111941451229 0.00000000099999999999 
0.90531157149577257126 0.00000000099999999999 0.09468842650422745755 0.00000000099999999999 
0.95168887408486135815 0.00000000099999999999 0.04831112391513866372 0.00000000099999999999 
0.91866450407093358521 0.00000000099999999997 0.08133549392906647135 0.00000000099999999997 
0.97669988261680174002 0.00000000099999999998 0.02330011538319832001 0.00000000099999999998 
0.87680427682784389809 0.00000000099999999998 0.12319572117215606133 0.00000000099999999998 
0.94030034997319655865 0.00000000099999999998 0.05969964802680350485 0.00000000099999999998 
0.92116419207952815462 0.00000000099999999999 0.06092790512563981548 0.01790790179483188471 
0.99972048547960024045 0.00000000099999999998 0.00027951252039978120 0.00000000099999999998 
0.96406892681787748067 0.00000000099999999998 0.00000000099999999998 0.03593107118212264528 
0.94491199582262186407 0.00000000099999999999 0.04877197159437249296 0.00631603158300559926 
0.99999999699999997382 0.00000000099999999997 0.00000000099999999997 0.00000000099999999997 
0.99999999699999997382 0.00000000099999999998 0.00000000099999999998 0.00000000099999999998 
0.99999999700000008485 0.00000000099999999998 0.00000000099999999998 0.00000000099999999998 
0.99999999700000008485 0.00000000099999999998 0.00000000099999999998 0.00000000099999999998 
0.99999999699999997382 0.00000000099999999998 0.00000000099999999998 0.00000000099999999998 
0.99999999700000008485 0.00000000099999999998 0.00000000099999999998 0.00000000099999999998 
0.95526048954884201780 0.00000000099999999998 0.00000000099999999998 0.04473950845115814978 
0.97824454055000709118 0.00000000099999999999 0.00000000099999999999 0.02175545744999289252 
0.99999999699999997382 0.00000000099999999997 0.00000000099999999997 0.00000000099999999997 
0.98973999530635314859 0.00000000099999999999 0.00000000099999999999 0.01026000269364684032 
0.99999982160796918595 0.00000000099999999999 0.00000017639203088835 0.00000000099999999999 
0.99999999699999997382 0.00000000099999999998 0.00000000099999999998 0.00000000099999999998 
0.99999999699999997382 0.00000000099999999997 0.00000000099999999997 0.00000000099999999997 
0.99999999700000008485 0.00000000099999999999 0.00000000099999999999 0.00000000099999999999 
0.99999999699999997382 0.00000000099999999997 0.00000000099999999997 0.00000000099999999997 
0.99999999699999997382 0.00000000099999999997 0.00000000099999999997 0.00000000099999999997 
0.99999999699999997382 0.00000000099999999997 0.00000000099999999997 0.00000000099999999997 
0.99999999699999997382 0.00000000099999999997 0.00000000099999999997 0.00000000099999999997 
0.99999999699999997382 0.00000000099999999996 0.00000000099999999996 0.00000000099999999996 
0.99999999700000008485 0.00000000099999999997 0.00000000099999999997 0.00000000099999999997 
0.99999999700000008485 0.00000000099999999996 0.00000000099999999996 0.00000000099999999996 
0.99999999699999997382 0.00000000099999999997 0.00000000099999999997 0.00000000099999999997 
0.99999999700000008485 0.00000000099999999997 0.00000000099999999997 0.00000000099999999997 
0.99999999700000008485 0.00000000099999999996 0.00000000099999999996 0.00000000099999999996 
0.99999999700000008485 0.00000000099999999997 0.00000000099999999997 0.00000000099999999997 
0.99999999700000008485 0.00000000099999999996 0.00000000099999999996 0.00000000099999999996 
0.99999999700000008485 0.00000000099999999998 0.00000000099999999998 0.00000000099999999998 
0.99999999699999997382 0.00000000099999999996 0.00000000099999999996 0.00000000099999999996 
0.92709689273344908500 0.00000000099999999999 0.07290310526655079115 0.00000000099999999999 
0.99999999700000008485 0.00000000099999999999 0.00000000099999999999 0.00000000099999999999 
0.98503381083180152622 0.00000000099999999999 0.01496618716819838810 0.00000000099999999999 
0.96338864235907217815 0.00000000099999999999 0.00006804163278964494 0.03654331500813812195 
0.94612207007625426236 0.00000000099999999999 0.05387792792374571788 0.00000000099999999999 
0.97915552479254697182 0.00000000099999999999 0.01872184545121978114 0.00212262875623330568 
0.97788037387946913359 0.00644965675040288025 0.00000000100000000000 0.01566996837012811505 
0.93269532902381047101 0.00000000099999999999 0.06730466023457518099 0.00000000974161449270 
0.99999224627568183976 0.00000000099999999999 0.00000775172431814414 0.00000000099999999999 
0.95217060742758119485 0.00000000099999999999 0.04782939057241878539 0.00000000099999999999 
0.13144625788020758428 0.00811130318574899457 0.03168749269325975282 0.82875494624078371864 
0.17309566034733145368 0.01402006545644759496 0.02240409442690934408 0.79048017976931150841 
0.22617582906233163476 0.00000000100000000000 0.00000000100000000000 0.77382416893766836630 
0.15907621580445441278 0.00000000099999999999 0.01348861816945221698 0.82743516502609348873 
0.21195070473245372633 0.02325825273364499901 0.01721077612271735419 0.74758026641118402456 
0.15611249640453170318 0.01515819724489516837 0.03855175806211397910 0.79017754828845920834 
0.09127302158866236470 0.03126890937658275554 0.00000000100000000000 0.87745806803475501212 
0.12845690222220443322 0.01346170573372929870 0.00000000100000000000 0.85808139104406622177 
0.26499932783394519742 0.00000000100000000000 0.00381909609084178691 0.73118157507521308602 
0.20872942545300440798 0.00000000100000000000 0.04203794609283298400 0.74923262745416263630 
0.01614367575819132539 0.00000000099999999998 0.00000000099999999998 0.98385632224180863403 
0.97628108036314531493 0.00000000099999999999 0.00000000099999999999 0.02371891763685486654 
0.99999999699999997382 0.00000000099999999998 0.00000000099999999998 0.00000000099999999998 
0.99999999700000008485 0.00000000099999999999 0.00000000099999999999 0.00000000099999999999 
0.96173898934075641165 0.00000000099999999998 0.00000000099999999998 0.03826100865924367961 
0.99999999699999997382 0.00000000099999999998 0.00000000099999999998 0.00000000099999999998 
0.99999999699999997382 0.00000000099999999999 0.00000000099999999999 0.00000000099999999999 
0.99999999700000008485 0.00000000099999999998 0.00000000099999999998 0.00000000099999999998 
0.99999999699999997382 0.00000000099999999999 0.00000000099999999999 0.00000000099999999999 
0.99999999699999997382 0.00000000099999999998 0.00000000099999999998 0.00000000099999999998 
0.99967057738272835365 0.00000000099999999999 0.00000000099999999999 0.00032942061727171603 
0.99994207306749904873 0.00000000099999999999 0.00000000099999999999 0.00005792493250106590 
0.99999999584598209257 0.00000000099999999998 0.00000000099999999998 0.00000000215401803126 
0.97879556598638639553 0.00000000099999999999 0.00000000099999999999 0.02120443201361362287 
0.95353686520068114962 0.00000000099999999999 0.00000000099999999999 0.04646313279931897633 
0.99999999700000008485 0.00000000099999999998 0.00000000099999999998 0.00000000099999999998 
0.98562641035457398964 0.00000000099999999998 0.00000000099999999998 0.01437358764542620224 
0.99999999699999997382 0.00000000099999999998 0.00000000099999999998 0.00000000099999999998 
0.99222649956636765900 0.00000000099999999998 0.00000000099999999998 0.00777349843363231256 
0.98659382761958491770 0.00000000099999999999 0.00000000099999999999 0.01340617038041519091 
0.99999999700000008485 0.00000000099999999998 0.00000000099999999998 0.00000000099999999998 
0.00000000945769121388 0.08120746880187608430 0.28265957495659016496 0.63613294678384257885 
0.01164938433288060377 0.10278985368159235247 0.24548664388320551311 0.64007411810232150984 
0.00000005418609296404 0.09166078242118030905 0.29088833872774033651 0.61745082466498646401 
0.03065479313646468640 0.10514545939218894466 0.31858579240992801473 0.54561395506141840972 
0.01569323934546877977 0.09031496942024325181 0.33964492046943256520 0.55434687076485544832 
0.05587363340757177388 0.10762446879059368865 0.29580178541117863045 0.54070011239065596254 
0.00000000132052639120 0.06853323123968625696 0.35247984749458444176 0.57898691994520290471 
0.01572519998467869148 0.09398683702630616921 0.37642729773621957934 0.51386066525279561201 
0.00007474541479678612 0.07296604314548904568 0.35530690276422538521 0.57165230867548877391 
0.01851721361122456860 0.08705078017144171620 0.37975402487542220253 0.51467798134191156123 
0.00000000100000000000 0.08180881720080918074 0.34295523545339040572 0.57523594634580033080 
0.05198516590940636950 0.10426170806346375663 0.30402269740945986332 0.53973042861767006606 
0.02621806174587438740 0.07449627174593830004 0.36557732565445621997 0.53370834085373108913 
0.00000000100000000000 0.07200133151261266240 0.32217163871277892939 0.60582702877460847812 
0.07534651301953090852 0.08681230780827720039 0.20224400423533817062 0.63559717493685374823 
0.00000000099999999994 0.00000000099999999994 0.99999999699999986280 0.00000000099999999994 
0.01900050929584654394 0.10978672130680139363 0.27763629831499270217 0.59357647108235933597 
0.00000000100000000000 0.06544663183017546126 0.30917078522255059259 0.62538258194727402994 
0.36059196488263101088 0.00000000099999999999 0.31776724629426073010 0.32164078782310817628 
0.15894383159149588769 0.00000000099999999998 0.54653159257040584418 0.29452457483809835193 
0.15039052284662671188 0.00000000099999999998 0.55028645727402047960 0.29932301887935280904 
0.14169005915450760824 0.00000000099999999998 0.56316858911484257710 0.29514135073064995396 
0.13212674625210837909 0.00000000099999999998 0.60420730016932178152 0.26366595257856983991 
0.40957446901010452489 0.00000000099999999999 0.29114664524270200685 0.29927888474719338552 
0.32945553232742613714 0.00000000100000000000 0.28080548769953483923 0.38973897897303882987 
0.30929298010934702656 0.00000000099999999999 0.35375634524184651486 0.33695067364880643135 
0.32971313397285062496 0.00000000099999999999 0.32444971413343998146 0.34583715089370936635 
0.37494331513103162923 0.00000000099999999999 0.29989725687196172599 0.32515942699700678409 
0.14140346779197501825 0.00000000099999999998 0.57349225929600944340 0.28510427191201559438 
0.38107207869057607708 0.00000000099999999999 0.28378903159736890149 0.33513888871205504971 
0.28810446513918336331 0.00000000099999999999 0.31994664775541786783 0.39194888610539863061 
0.14446939681840037517 0.00000000099999999998 0.59859656282247097892 0.25693403935912872971 
0.32814858694433790554 0.00000000099999999999 0.34953924348536580258 0.32231216857029620915 
0.42580699015737372148 0.00000000100000000000 0.27768247999887568644 0.29651052884375067586 
0.39200231820642778002 0.00000000099999999999 0.31923657583425596451 0.28876110495931633926 
0.35472923990213778289 0.00000000099999999999 0.33568608055705867477 0.30958467854080345960 
0.00000000099999999997 0.00000000099999999997 0.08433258966306454718 0.91566740833693549551 
0.00000000099999999998 0.00000000099999999998 0.11805671457585270590 0.88194328342414740618 
0.00000000099999999997 0.00000000099999999997 0.09201260843387966404 0.90798738956612023987 
0.00000000099999999997 0.00000000099999999997 0.09614149086024240121 0.90385850713975757209 
0.00000000099999999997 0.00000000099999999997 0.12650853164855294097 0.87349146635144703232 
0.00000000099999999998 0.00000000099999999998 0.11272689751497168287 0.88727310048502838757 
0.99095285038533476030 0.00000000099999999998 0.00904714761466520259 0.00000000099999999998 
0.99999999699999997382 0.00000000099999999997 0.00000000099999999997 0.00000000099999999997 
0.99999999700000008485 0.00000000099999999998 0.00000000099999999998 0.00000000099999999998 
0.99999999699999997382 0.00000000099999999998 0.00000000099999999998 0.00000000099999999998 
0.99090407878717590151 0.00000000099999999998 0.00909591921282417587 0.00000000099999999998 
0.99999999699999997382 0.00000000099999999998 0.00000000099999999998 0.00000000099999999998 
0.99999946483787216511 0.00000000099999999998 0.00000053316212777608 0.00000000099999999998 
0.99104803814420339148 0.00000000100000000000 0.00895195985579659570 0.00000000100000000000 
0.98044136930781955463 0.00000000099999999998 0.01955862869218046723 0.00000000099999999998 
0.00000000099999999997 0.00000000099999999997 0.00000000099999999997 0.99999999699999997382 
0.00000000099999999997 0.00000000099999999997 0.00000000099999999997 0.99999999699999997382 
0.00000000099999999996 0.00000000099999999996 0.00000000099999999996 0.99999999700000008485 
0.07302754125463584156 0.00000000099999999998 0.00000000099999999998 0.92697245674536421500 
0.02745774212833971065 0.00000000099999999998 0.00000000099999999998 0.97254225587166021061 
0.00382551676273658412 0.00000000099999999998 0.00000000099999999998 0.99617448123726348719 
0.01485570785387632826 0.00000000099999999998 0.00000000099999999998 0.98514429014612370228 
0.00000000099999999997 0.00000000099999999997 0.00000000099999999997 0.99999999700000008485 
0.00000000099999999997 0.00000000099999999997 0.00000000099999999997 0.99999999699999997382 
0.00001592433447746452 0.00000000099999999997 0.00000000099999999997 0.99998407366552255482 
0.00000000099999999998 0.93855294115575504943 0.06144705684424484060 0.00000000099999999998 
0.00000000099999999997 0.99999999699999997382 0.00000000099999999997 0.00000000099999999997 
0.00000000099999999996 0.99999999700000008485 0.00000000099999999996 0.00000000099999999996 
0.00000000099999999998 0.99999999700000008485 0.00000000099999999998 0.00000000099999999998 
0.00000000099999999997 0.99999999699999997382 0.00000000099999999997 0.00000000099999999997 
0.00000000099999999998 0.99999999700000008485 0.00000000099999999998 0.00000000099999999998 
0.00000000099999999998 0.99999999699999997382 0.00000000099999999998 0.00000000099999999998 
0.00000000099999999995 0.99999999699999997382 0.00000000099999999995 0.00000000099999999995 
0.00000000099999999998 0.99999999700000008485 0.00000000099999999998 0.00000000099999999998 
0.00000000099999999995 0.99999999700000008485 0.00000000099999999995 0.00000000099999999995 
0.28790783482184989506 0.00000000099999999999 0.01996313206950346697 0.69212903210864662462 
0.34858429190687112431 0.00000000099999999999 0.00000000142766452968 0.65141570566546425081 
0.29685679558299671310 0.00000000099999999999 0.00000000099999999999 0.70314320241700312142 
0.31053935234758045514 0.00000000099999999999 0.00000000099999999999 0.68946064565241937938 
0.30268571619012457630 0.00000000099999999999 0.00000000099999999999 0.69731428180987542476 
0.23803242983948547096 0.00000000099999999999 0.00729796338669313430 0.75466960577382147246 
0.24394406240016888732 0.00000000099999999999 0.00000000099999999999 0.75605593559983119700 
0.26702366498071428147 0.00000000099999999999 0.00000000099999999999 0.73297633301928566407 
0.25652231543108594547 0.00000000099999999999 0.00000000099999999999 0.74347768256891411109 
