0.00000000099999999994 0.00000000099999999994 0.00000000099999999994 0.99999998700000014562 0.00000000099999999994 0.00000000099999999994 0.00000000099999999994 0.00000000099999999994 0.00000000099999999994 0.00000000099999999994 0.00000000099999999994 0.00000000099999999994 0.00000000099999999994 0.00000000099999999994 
0.00000000099999999988 0.00000000099999999988 0.00000000099999999988 0.99999998700000014562 0.00000000099999999988 0.00000000099999999988 0.00000000099999999988 0.00000000099999999988 0.00000000099999999988 0.00000000099999999988 0.00000000099999999988 0.00000000099999999988 0.00000000099999999988 0.00000000099999999988 
0.00000000099999999992 0.00000000099999999992 0.00000000099999999992 0.99999998700000014562 0.00000000099999999992 0.00000000099999999992 0.00000000099999999992 0.00000000099999999992 0.00000000099999999992 0.00000000099999999992 0.00000000099999999992 0.00000000099999999992 0.00000000099999999992 0.00000000099999999992 
0.00000000099999999987 0.00000000099999999987 0.00000000099999999987 0.99999998700000014562 0.00000000099999999987 0.00000000099999999987 0.00000000099999999987 0.00000000099999999987 0.00000000099999999987 0.00000000099999999987 0.00000000099999999987 0.00000000099999999987 0.00000000099999999987 0.00000000099999999987 
0.00000000099999999992 0.00000000099999999992 0.00000000099999999992 0.99999998700000025664 0.00000000099999999992 0.00000000099999999992 0.00000000099999999992 0.00000000099999999992 0.00000000099999999992 0.00000000099999999992 0.00000000099999999992 0.00000000099999999992 0.00000000099999999992 0.00000000099999999992 
0.02677364111797431168 0.00000000099999999997 0.00000000099999999997 0.96943428429804179292 0.00000000099999999997 0.00000000099999999997 0.00000000099999999997 0.00000000099999999997 0.00000000099999999997 0.00000000099999999997 0.00000000099999999997 0.00379206358398410850 0.00000000099999999997 0.00000000099999999997 
0.00000000099999999994 0.00000000099999999994 0.00000000099999999994 0.99999998700000025664 0.00000000099999999994 0.00000000099999999994 0.00000000099999999994 0.00000000099999999994 0.00000000099999999994 0.00000000099999999994 0.00000000099999999994 0.00000000099999999994 0.00000000099999999994 0.00000000099999999994 
0.01708953966087604220 0.00000000099999999997 0.00000000099999999997 0.86780561926462518318 0.00000000099999999997 0.00000000099999999997 0.00000000099999999997 0.03020117131191551660 0.02645815127929151619 0.05844550948329173268 0.00000000099999999997 0.00000000099999999997 0.00000000099999999997 0.00000000099999999997 
0.00000000099999999993 0.00000000099999999993 0.00000000099999999993 0.99999998700000025664 0.00000000099999999993 0.00000000099999999993 0.00000000099999999993 0.00000000099999999993 0.00000000099999999993 0.00000000099999999993 0.00000000099999999993 0.00000000099999999993 0.00000000099999999993 0.00000000099999999993 
0.02432687387294673459 0.00000000099999999997 0.00000000099999999997 0.91397313007743208324 0.00000000099999999997 0.00000000099999999997 0.00000000099999999997 0.00000000099999999997 0.01545935534812856171 0.04624063070149281307 0.00000000099999999997 0.00000000099999999997 0.00000000099999999997 0.00000000099999999997 
0.00000000099999999990 0.00000000099999999990 0.00000000099999999990 0.99999998700000025664 0.00000000099999999990 0.00000000099999999990 0.00000000099999999990 0.00000000099999999990 0.00000000099999999990 0.00000000099999999990 0.00000000099999999990 0.00000000099999999990 0.00000000099999999990 0.00000000099999999990 
0.00000000099999999992 0.00000000099999999992 0.00000000099999999992 0.99999998700000025664 0.00000000099999999992 0.00000000099999999992 0.00000000099999999992 0.00000000099999999992 0.00000000099999999992 0.00000000099999999992 0.00000000099999999992 0.00000000099999999992 0.00000000099999999992 0.00000000099999999992 
0.00000000099999999995 0.00000000099999999995 0.01062926900489956188 0.98792705143562131731 0.00000000099999999995 0.00000000099999999995 0.00000000099999999995 0.00000000099999999995 0.00144366855947921681 0.00000000099999999995 0.00000000099999999995 0.00000000099999999995 0.00000000099999999995 0.00000000099999999995 
0.00000000099999999987 0.00000000099999999987 0.00000000099999999987 0.00000000099999999987 0.00000000099999999987 0.00000000099999999987 0.00000000099999999987 0.00000000099999999987 0.00000000099999999987 0.00000000099999999987 0.00000000099999999987 0.00000000099999999987 0.00000000099999999987 0.99999998700000003460 
0.00000000099999999992 0.00000000099999999992 0.00000000099999999992 0.00000000099999999992 0.00000000099999999992 0.00000000099999999992 0.00000000099999999992 0.00000000099999999992 0.00000000099999999992 0.00000000099999999992 0.00000000099999999992 0.00000000099999999992 0.00000000099999999992 0.99999998700000003460 
0.00000000099999999994 0.00000000099999999994 0.00000000099999999994 0.00000000099999999994 0.00000000099999999994 0.00000000099999999994 0.00000000099999999994 0.00000000099999999994 0.00256569900936883671 0.00000000099999999994 0.00000000099999999994 0.00000000099999999994 0.00000002347366970274 0.99743426651696154295 
0.00000000099999999993 0.00000000099999999993 0.00000000099999999993 0.00000000099999999993 0.00000000099999999993 0.00000007667188745203 0.00000000099999999993 0.00000000099999999993 0.00000000099999999993 0.00000000099999999993 0.00000000099999999993 0.00000000099999999993 0.00000000099999999993 0.99999991132811250072 
0.00000000099999999992 0.00000000099999999992 0.00000000099999999992 0.00000000099999999992 0.00000000099999999992 0.00000000099999999992 0.00000000099999999992 0.00000000099999999992 0.00000000099999999992 0.00000000099999999992 0.00000000099999999992 0.00000000099999999992 0.00000000099999999992 0.99999998699999992358 
0.00000000099999999992 0.00000000099999999992 0.00000000099999999992 0.00000000099999999992 0.00000000099999999992 0.00000000099999999992 0.00000000099999999992 0.00000000099999999992 0.00000000099999999992 0.00000000099999999992 0.00000000099999999992 0.00000000099999999992 0.00000000099999999992 0.99999998700000003460 
0.00000000099999999990 0.00000000099999999990 0.00000000099999999990 0.00000000099999999990 0.00000000099999999990 0.00000000099999999990 0.00000000099999999990 0.00000000099999999990 0.00000000099999999990 0.00000000099999999990 0.00000000099999999990 0.00000000099999999990 0.00000000099999999990 0.99999998700000003460 
0.00000000099999999995 0.01842245754242194389 0.00000000099999999995 0.00000000099999999995 0.00000000099999999995 0.00000000099999999995 0.00000000099999999995 0.00000000099999999995 0.00089138173967448411 0.00000000099999999995 0.00000000099999999995 0.00000000099999999995 0.00000000099999999995 0.98068614971790346591 
0.00000000099999999992 0.00000000099999999992 0.00000000099999999992 0.00000000099999999992 0.00000000099999999992 0.00000000099999999992 0.00000000099999999992 0.00000000099999999992 0.00000000099999999992 0.00000000099999999992 0.00000000099999999992 0.00000000099999999992 0.10036695527848105147 0.89963303272151895484 
0.00000000099999999988 0.00000000099999999988 0.00000000099999999988 0.00000000099999999988 0.00000000099999999988 0.00000000099999999988 0.00000000099999999988 0.00000000099999999988 0.00000000099999999988 0.00000000099999999988 0.00000000099999999988 0.00000000099999999988 0.00000000099999999988 0.99999998699999992358 
0.01329929815696480680 0.00000000099999999996 0.00000000099999999996 0.00000000099999999996 0.00000000099999999996 0.00000220654860539684 0.00000000099999999996 0.00000000099999999996 0.00125926767883788229 0.00000000099999999996 0.00000000099999999996 0.00000000099999999996 0.06021962751463626196 0.92521959110095575163 
0.00000000099999999996 0.00000000099999999996 0.00000000099999999996 0.00000000099999999996 0.00000196080014490878 0.00000000099999999996 0.00000000616142104428 0.00000000099999999996 0.00000000099999999996 0.00000000099999999996 0.00000000099999999996 0.00000000099999999996 0.13170526811700847269 0.86829275492142554693 
0.00000000099999999993 0.00000000099999999993 0.00000000099999999993 0.00000000099999999993 0.00000000099999999993 0.00000000099999999993 0.00000000099999999993 0.00000000099999999993 0.00000000099999999993 0.00000000099999999993 0.00000000099999999993 0.00000000099999999993 0.00000000099999999993 0.99999998699999992358 
0.00000000099999999997 0.00000000099999999997 0.00000000099999999997 0.00000000099999999997 0.00000000099999999997 0.00000000099999999997 0.00000000099999999997 0.00000000099999999997 0.01630982919736032391 0.00000000099999999997 0.01439663340375857588 0.00000000099999999997 0.15651065810831898961 0.81278286929056220433 
0.00000000099999999993 0.00000000099999999993 0.00000000099999999993 0.00000000099999999993 0.00000000099999999993 0.00000000099999999993 0.00000000099999999993 0.00000000099999999993 0.00000000099999999993 0.00000000099999999993 0.00000000099999999993 0.00000000099999999993 0.00004109462979021116 0.99995889337020993359 
0.00000000099999999991 0.00000000099999999991 0.00000000099999999991 0.00000000099999999991 0.00000000099999999991 0.00000000099999999991 0.00000000099999999991 0.00000000099999999991 0.00000000099999999991 0.00000000099999999991 0.00000000099999999991 0.00000000099999999991 0.00000000099999999991 0.99999998700000003460 
0.00000000099999999994 0.00000000099999999994 0.00000000099999999994 0.00000000099999999994 0.95835322917627696615 0.00000000099999999994 0.00000083472743546071 0.00000000099999999994 0.00000000099999999994 0.00000000099999999994 0.00000000099999999994 0.00000000099999999994 0.04164592509628766565 0.00000000099999999994 
0.00000000099999999979 0.00000000099999999979 0.00000000099999999979 0.00000000099999999979 0.99999998700000014562 0.00000000099999999979 0.00000000099999999979 0.00000000099999999979 0.00000000099999999979 0.00000000099999999979 0.00000000099999999979 0.00000000099999999979 0.00000000099999999979 0.00000000099999999979 
0.00000000099999999993 0.00000000099999999993 0.00000000099999999993 0.00000000099999999993 0.99603805043052895396 0.00000000099999999993 0.00396193756947124491 0.00000000099999999993 0.00000000099999999993 0.00000000099999999993 0.00000000099999999993 0.00000000099999999993 0.00000000099999999993 0.00000000099999999993 
0.00000000099999999995 0.00000000099999999995 0.00000000099999999995 0.00000000099999999995 0.97305559215063086587 0.00000000099999999995 0.00000000099999999995 0.00000000099999999995 0.00000000099999999995 0.00000000099999999995 0.00000000099999999995 0.00000047683078156465 0.02694392001858761376 0.00000000099999999995 
0.01530417635523116313 0.00000000099999999992 0.00000000099999999992 0.00000000099999999992 0.98469581164476904789 0.00000000099999999992 0.00000000099999999992 0.00000000099999999992 0.00000000099999999992 0.00000000099999999992 0.00000000099999999992 0.00000000099999999992 0.00000000099999999992 0.00000000099999999992 
0.00000000099999999994 0.00000000099999999994 0.00000000099999999994 0.00000000099999999994 0.99999998700000025664 0.00000000099999999994 0.00000000099999999994 0.00000000099999999994 0.00000000099999999994 0.00000000099999999994 0.00000000099999999994 0.00000000099999999994 0.00000000099999999994 0.00000000099999999994 
0.00000000099999999979 0.00000000099999999979 0.00000000099999999979 0.00000000099999999979 0.99999998700000014562 0.00000000099999999979 0.00000000099999999979 0.00000000099999999979 0.00000000099999999979 0.00000000099999999979 0.00000000099999999979 0.00000000099999999979 0.00000000099999999979 0.00000000099999999979 
0.00000000099999999996 0.00259332555451616438 0.00000000099999999996 0.00000000099999999996 0.98637515737701364493 0.00000000099999999996 0.00000000099999999996 0.00000000099999999996 0.00000000099999999996 0.00000000099999999996 0.00000000099999999996 0.00000000099999999996 0.01103150606847028495 0.00000000099999999996 
0.00000000099999999995 0.00000000099999999995 0.00000000099999999995 0.00000000099999999995 0.61823224225832285050 0.00000000099999999995 0.08489131405655798990 0.00000000099999999995 0.00000000099999999995 0.00000000099999999995 0.00000000099999999995 0.00000000099999999995 0.28798607207491411231 0.00889036161020526072 
0.00000000099999999994 0.00000000099999999994 0.00000000099999999994 0.00000000099999999994 0.99999998700000025664 0.00000000099999999994 0.00000000099999999994 0.00000000099999999994 0.00000000099999999994 0.00000000099999999994 0.00000000099999999994 0.00000000099999999994 0.00000000099999999994 0.00000000099999999994 
0.00000000099999999982 0.00000000099999999982 0.00000000099999999982 0.00000000099999999982 0.00000000099999999982 0.00000000099999999982 0.00000000099999999982 0.00000000099999999982 0.00000000099999999982 0.00000000099999999982 0.00000000099999999982 0.00000000099999999982 0.99999998700000003460 0.00000000099999999982 
0.01062516848846635845 0.00000000099999999996 0.00972691647000108531 0.00000000099999999996 0.82706253970313636792 0.00000000099999999996 0.01906132066462340457 0.00000000099999999996 0.00000000099999999996 0.00000000099999999996 0.00000000099999999996 0.00000000099999999996 0.06185407862034681542 0.07166996805342606969 
0.00000000099999999990 0.00000000099999999990 0.00000000099999999990 0.00000000099999999990 0.99999998700000025664 0.00000000099999999990 0.00000000099999999990 0.00000000099999999990 0.00000000099999999990 0.00000000099999999990 0.00000000099999999990 0.00000000099999999990 0.00000000099999999990 0.00000000099999999990 
0.00000000099999999993 0.00000000099999999993 0.00000000099999999993 0.00000000099999999993 0.99999995550357545504 0.00000000099999999993 0.00000000099999999993 0.00000000099999999993 0.00000003249642478938 0.00000000099999999993 0.00000000099999999993 0.00000000099999999993 0.00000000099999999993 0.00000000099999999993 
0.00000000099999999993 0.00000000099999999993 0.00000000099999999993 0.00000000099999999993 0.99999998700000025664 0.00000000099999999993 0.00000000099999999993 0.00000000099999999993 0.00000000099999999993 0.00000000099999999993 0.00000000099999999993 0.00000000099999999993 0.00000000099999999993 0.00000000099999999993 
0.00000000099999999993 0.00000000099999999993 0.00000000099999999993 0.00000000099999999993 0.99999998700000025664 0.00000000099999999993 0.00000000099999999993 0.00000000099999999993 0.00000000099999999993 0.00000000099999999993 0.00000000099999999993 0.00000000099999999993 0.00000000099999999993 0.00000000099999999993 
0.00000000099999999994 0.00000000099999999994 0.00000000099999999994 0.00000000099999999994 0.96799837868476024116 0.00000000099999999994 0.00000000099999999994 0.00000000099999999994 0.00000000099999999994 0.00000000099999999994 0.00000000099999999994 0.00000000099999999994 0.03200160931523990393 0.00000000099999999994 
0.00000000099999999997 0.00000000099999999997 0.02681923902509152774 0.04459408277732788972 0.01592143991458643687 0.00000000099999999997 0.03026425378948416692 0.08859609438359647426 0.00000000099999999997 0.00000000099999999997 0.00000000099999999997 0.00000000099999999997 0.79380488193446108180 0.00000000117545233025 
0.33148103917024546172 0.00000000099999999999 0.00000000099999999999 0.08897892232672273416 0.00000000099999999999 0.01349163802850253564 0.02536259128105651864 0.00000000099999999999 0.00000000099999999999 0.31897857508244598090 0.06992119031249326155 0.09036323098171038237 0.05963495396451220371 0.00178785385231085519 
0.33864067028992400621 0.00000000099999999997 0.00000161713039289234 0.00000000099999999997 0.00000000099999999997 0.00000657249976584107 0.00000000099999999997 0.00000000099999999997 0.00000000099999999997 0.33705277440851733051 0.09700102317816136632 0.09219875438242032539 0.13509858111081818333 0.00000000099999999997 
0.34313235421277338277 0.00000000099999999997 0.00062449945469678038 0.00000000099999999997 0.00000000099999999997 0.03181594706881781670 0.00000000099999999997 0.00000000099999999997 0.00000000099999999997 0.36216495590174119235 0.10694691428924858745 0.09421794190261072177 0.06109738017011143857 0.00000000099999999997 
0.33297469801777901388 0.00000000099999999998 0.02529576898050792458 0.00000000099999999998 0.00000000099999999998 0.06637117142433997252 0.00000000099999999998 0.00000000099999999998 0.00000000099999999998 0.32064987014335144533 0.12157556021002512148 0.10036473043790021531 0.00471995883200698914 0.02804823595408907286 
0.28934269222190772686 0.00000000099999999998 0.00000000099999999998 0.00000000099999999998 0.00000000099999999998 0.00964968598374011180 0.00000000099999999998 0.00000000099999999998 0.00000000099999999998 0.36049552720944144646 0.12920887623289725732 0.10228613314417833724 0.03618303640670320759 0.07283404180113171866 
0.33503588187375421548 0.00000000099999999999 0.01113784032242861981 0.00000000099999999999 0.00000006263850814789 0.00000000099999999999 0.01767099114792441625 0.00000000099999999999 0.00000000099999999999 0.32468260271909243908 0.16056876598216995866 0.12571648989454778378 0.02518735942157416044 0.00000000099999999999 
0.33748162723382935102 0.00000000099999999997 0.03933227930528440663 0.07808580153528088541 0.00000000099999999997 0.00782201981289757688 0.00000000099999999997 0.00000000099999999997 0.00541430126524413118 0.30827451347479906119 0.08048415750844795102 0.07966700484793848291 0.06219016318547316430 0.00124812783080489398 
0.32374808149389522338 0.00000000099999999999 0.00000000099999999999 0.00000000099999999999 0.00000000099999999999 0.04967014234255658078 0.02303099368317662946 0.00553749464472712716 0.00798057866215375229 0.27083670443414009643 0.12835362710214040516 0.13536411962162048228 0.05547825301558941685 0.00000000099999999999 
0.32205695889285845812 0.00000000099999999998 0.00000000099999999998 0.00000000099999999998 0.00000000099999999998 0.05262573869502283619 0.00000000099999999998 0.00000000099999999998 0.00000000099999999998 0.31000462347034413169 0.12992821032797430281 0.11994126347072230077 0.00455145454658637157 0.06089174359649147245 
0.34761790447878382349 0.00000000099999999999 0.00000000177427022533 0.02019568740850932742 0.00000000099999999999 0.00000000099999999999 0.00180903492909499620 0.00000000099999999999 0.02075125941192871443 0.36292950088296710431 0.08827453145898266074 0.09464234817041050629 0.06352315402813049627 0.00025657345692205663 
0.00000000099999999995 0.00000000099999999995 0.00000000099999999995 0.00000000099999999995 0.64437553753761878106 0.00000000099999999995 0.00000000099999999995 0.00576339385645571051 0.00000000099999999995 0.00000000099999999995 0.00000000099999999995 0.00000000099999999995 0.34986105760592561831 0.00000000099999999995 
0.00000000099999999994 0.00000000099999999994 0.00000000099999999994 0.00000000099999999994 0.42878878773010808967 0.00718057156178072368 0.00000000099999999994 0.00000000929394128855 0.00000000099999999994 0.00000000099999999994 0.00000000099999999994 0.00927406665942310388 0.55475655575474669412 0.00000000099999999994 
0.00000000099999999990 0.00000000099999999990 0.00000000099999999990 0.00000000099999999990 0.57455352695175043731 0.00000000099999999990 0.00000000099999999990 0.00000000099999999990 0.00000000099999999990 0.00000000099999999990 0.00000000099999999990 0.00000000099999999990 0.42544646104824979105 0.00000000099999999990 
0.00000000099999999991 0.00000000099999999991 0.00000000099999999991 0.00000000099999999991 0.60948418843309415394 0.00000000099999999991 0.00000000099999999991 0.00000000099999999991 0.00000671678487940479 0.00000000099999999991 0.00000000099999999991 0.00000000099999999991 0.39050908378202658922 0.00000000099999999991 
0.01005358987791594300 0.00000000099999999995 0.03844128143278804921 0.00000000099999999995 0.43540222145339430027 0.02122849760597812774 0.00000000099999999995 0.00000000099999999995 0.00000000099999999995 0.00000000099999999995 0.00000000099999999995 0.00000002932705456536 0.49487437230286912548 0.00000000099999999995 
0.00168923648226796969 0.00000000099999999995 0.00000000099999999995 0.00000000099999999995 0.51367870744793187043 0.00084122987233835160 0.00000000099999999995 0.00000000099999999995 0.00000000099999999995 0.00000000099999999995 0.00000000099999999995 0.01763194273779756724 0.46615887445966430747 0.00000000099999999995 
0.00000000099999999990 0.00000000099999999990 0.00000000099999999990 0.00000000099999999990 0.55914905244476464929 0.00000000099999999990 0.00000000099999999990 0.00000000099999999990 0.00000000099999999990 0.00000000099999999990 0.00000000099999999990 0.00000000099999999990 0.44085093555523546804 0.00000000099999999990 
0.02020516044024111418 0.00000000099999999995 0.00000000099999999995 0.00000000099999999995 0.53801749975236468071 0.00000000099999999995 0.00000000099999999995 0.00000000099999999995 0.00000000099999999995 0.00000000099999999995 0.00000000099999999995 0.01402585097436900852 0.42775147883302533369 0.00000000099999999995 
0.00000000594323286958 0.00000000099999999992 0.00000000099999999992 0.00000000099999999992 0.24250138689931036162 0.00000000099999999992 0.00000000099999999992 0.00000000099999999992 0.00000000099999999992 0.00000000099999999992 0.00000000099999999992 0.00000000099999999992 0.75749859615745673835 0.00000000099999999992 
0.01021440200523134750 0.00000000099999999993 0.00000000099999999993 0.00000000099999999993 0.47525235242626240328 0.00000006423681168693 0.00000000099999999993 0.00000000099999999993 0.00000000099999999993 0.00000000099999999993 0.00000000099999999993 0.00000000099999999993 0.51453317133169440556 0.00000000099999999993 
0.01765688560626252693 0.00000000099999999998 0.02198658797447780588 0.61039929000827730654 0.00887444379874905917 0.05931661045300013618 0.12791479323355406383 0.01886268261004642871 0.00359235640838356535 0.00000000099999999998 0.05382746440232343693 0.02354742827146891204 0.05186295886948848882 0.00215849636396842157 
0.00000000099999999996 0.00000000099999999996 0.00000000099999999996 0.76142730983296380565 0.09572833655637175143 0.00000000099999999996 0.06419335996815861423 0.00000000099999999996 0.00422840406469774006 0.00000000099999999996 0.00000000099999999996 0.00000000099999999996 0.00000000099999999996 0.07442258057780823388 
0.02681391378256015381 0.00000000099999999999 0.00002870977960100109 0.38902525650898805987 0.04721371437502729779 0.02360500853713694280 0.14825457563636948444 0.00000000099999999999 0.03948988282484620915 0.00000000099999999999 0.05760285593382776653 0.00844752473540888622 0.01659449453448567924 0.24292406035174859968 
0.00000000099999999999 0.01702697411069405489 0.00000000099999999999 0.66811571923697132824 0.00000002564231409788 0.01391510806803697084 0.11840782545707725926 0.06532069993073810754 0.00000000099999999999 0.00000000099999999999 0.00000000099999999999 0.00000000099999999999 0.00399226239154603334 0.11322137916262227375 
0.04457602437695618730 0.00000000099999999997 0.00000000099999999997 0.00000000099999999997 0.24528906436525818591 0.35500022697104954839 0.08730732448786901467 0.00004225712164323122 0.00000000099999999997 0.00000000099999999997 0.01698551127947296735 0.00000000099999999997 0.25073661970077709693 0.00006296569697389375 
0.00000000099999999998 0.00000000099999999998 0.00000000099999999998 0.00000000099999999998 0.25948924019999869417 0.30994371555052796507 0.07049557426175157016 0.02108416528874862070 0.00000000099999999998 0.00000000099999999998 0.00958051813767058988 0.00000000099999999998 0.32715276761972911235 0.00225401194157382563 
0.00000000099999999997 0.00000000099999999997 0.00000000099999999997 0.00000000099999999997 0.16631392505526970682 0.28045142478877044256 0.09527434182807427432 0.01446074356472199993 0.00000000099999999997 0.00000000099999999997 0.00865520089561592175 0.00000000099999999997 0.38737778718493087737 0.04746656968261687981 
0.00000006950702200961 0.00000000099999999998 0.01618019580669040683 0.00000000099999999998 0.12441102517813448780 0.29535124229706510857 0.07575400768100874760 0.04885128611852084662 0.00094177091564126179 0.00000000099999999998 0.02326533577433752276 0.00000000099999999998 0.34822010891429167057 0.06702495380728780427 
0.00151354617489983718 0.00000000099999999997 0.00471325759120554133 0.00000000099999999997 0.13572762069594565548 0.39431604623556820721 0.07548635588371474525 0.04461859150965590687 0.00000000099999999997 0.00000000099999999997 0.00000000099999999997 0.00000000099999999997 0.34268316382413099852 0.00094141208487923502 
0.00076753048208207835 0.00000000099999999997 0.00000000099999999997 0.00000000099999999997 0.19731259586314167653 0.26162386131351084151 0.02078668929710853625 0.04359101847842521832 0.00000000099999999997 0.00000000099999999997 0.04166295044227714961 0.00000000099999999997 0.32581051986151376987 0.10844482826194083713 
0.00000000099999999978 0.00000000099999999978 0.00000000099999999978 0.00000000099999999978 0.00000000099999999978 0.00000000099999999978 0.00000000099999999978 0.99999998700000003460 0.00000000099999999978 0.00000000099999999978 0.00000000099999999978 0.00000000099999999978 0.00000000099999999978 0.00000000099999999978 
0.01332084835083757746 0.00000000099999999998 0.00000000099999999998 0.00000000099999999998 0.15585011263910555912 0.00000000099999999998 0.14077596043516896196 0.00000000099999999998 0.02640467464194250907 0.00000000099999999998 0.00000000099999999998 0.00000000099999999998 0.27007826240614440927 0.39357013352680092488 
0.00000000099999999998 0.00000000099999999998 0.04386832242907409696 0.09954078252456971532 0.13528654851576879525 0.00000043840712929703 0.16237900588901438281 0.00498256630925475626 0.00000000099999999998 0.00000000099999999998 0.00000000099999999998 0.00000000099999999998 0.20563509936070667461 0.34830723056448226194 
0.00000000099999999998 0.00000000099999999998 0.05256126095213293353 0.00000000099999999998 0.04864705271125681352 0.00001142172327664538 0.13702227302865446767 0.03286343000445747509 0.00915505395561617454 0.00000000099999999998 0.01888067571606703160 0.00000000099999999998 0.28706186530335914275 0.41379696160517936976 
0.00000000099999999998 0.00197527194676538377 0.03069049186855239350 0.00000000099999999998 0.05858362370939715347 0.00000000099999999998 0.12433055395485748118 0.04451181431982622477 0.00000000099999999998 0.00000000099999999998 0.00307840195220965892 0.03590184944652357463 0.29943275916378259138 0.40149522863808545514 
0.00000398261212110879 0.00784829746215151731 0.02092476977277635958 0.09833208104006896377 0.05708944993398937240 0.07899546426522195686 0.18107045929382933891 0.01490092698823939667 0.00000000099999999998 0.00000000099999999998 0.00000000099999999998 0.00000000099999999998 0.09876436725360303315 0.44207019737799879699 
0.00000000099999999999 0.00465788279760691575 0.00000000099999999999 0.00000000099999999999 0.13143310966020371744 0.07981415970083940992 0.04369001294969870886 0.02276031235758790155 0.00691510841294770175 0.00000000099999999999 0.00000000099999999999 0.01211478828438222050 0.16500060981722747266 0.53361401101950600712 
0.00000000099999999998 0.02061046972433661431 0.01355666085347792711 0.02424450987811938019 0.12231918951634827841 0.07814906976945779071 0.10517930854396957685 0.00768396667359191876 0.00000000099999999998 0.00000000099999999998 0.00000000099999999998 0.00000000099999999998 0.16373538802611248277 0.46452143201458595545 
0.02119050031876323903 0.00000000099999999998 0.04456889304489670273 0.06094110841695436764 0.07292972689785080787 0.08024469182538719603 0.10935646010024072106 0.02036769480208737437 0.00000000099999999998 0.00000000099999999998 0.04900105333768316196 0.00000000099999999998 0.14218901131018840678 0.39921085594594796220 
0.00000000099999999998 0.00000000099999999998 0.03031024402419913583 0.03806618402781661997 0.14790696982794657166 0.01886196635689204801 0.08915095502432557328 0.00269318795663507334 0.00000000099999999998 0.00000000099999999998 0.06615096945030929376 0.00267064015727163338 0.22484811447149255503 0.37934076470311156593 
0.00000000099999999998 0.00375493044513691091 0.00000000099999999998 0.00830429800343498309 0.11869419191151413251 0.06658384655732094148 0.12722992439400757081 0.00275355965677337791 0.00000000099999999998 0.00000000099999999998 0.00000000099999999998 0.00000000099999999998 0.20018902209677832960 0.47249022093503356690 
0.00000000099999999999 0.01147393510379591738 0.07300700682632194072 0.03661424931368556512 0.12994562286305608168 0.04993643284971322621 0.14674861051222432007 0.00000000099999999999 0.01067283224135727633 0.00000000099999999999 0.02067088593404721453 0.00553570968445459954 0.17513045153415743305 0.34026426013718619190 
0.02151226833131267974 0.00332100282943120859 0.04746730794474862680 0.00973391984281478558 0.07330647646146577767 0.04251007572727046741 0.09840623487709969364 0.03559124293351988155 0.00000000099999999999 0.00000000099999999999 0.00214097576402818473 0.00000000099999999999 0.21424102611037962318 0.45176946617792895777 
0.02970685017589786564 0.00000000099999999998 0.03170946251679802874 0.00000000099999999998 0.06063605852196379820 0.03435232629226535328 0.08324900889112875346 0.03045684040431097597 0.00000000099999999998 0.00000000099999999998 0.02256766883011064248 0.00000000099999999998 0.30117785593756313256 0.40614392342996130658 
0.00000000099999999997 0.00000000099999999997 0.00000000099999999997 0.09794384492245573892 0.00000000099999999997 0.08378936941388583082 0.17822425992074980572 0.03679765403275118280 0.00000000099999999997 0.00000000099999999997 0.03417928318554046968 0.00000000099999999997 0.00000000099999999997 0.56906558052461697628 
0.00036675088528732229 0.00000000099999999998 0.01744642538442140248 0.04278740057073387310 0.08054985659296816369 0.04809122443415547038 0.05489589003720202892 0.02781570531949846894 0.00000000099999999998 0.00000000099999999998 0.03317887720228214488 0.00000000099999999998 0.34839741179183386643 0.34647045378161728246 
0.32469762362043080861 0.00000000099999999993 0.00085671418391603492 0.00000000099999999993 0.00000000099999999993 0.02918808180398710372 0.00000000099999999993 0.00000000099999999993 0.04798754256766506188 0.00000000099999999993 0.00000000099999999993 0.01599427020147753051 0.58127575962252331365 0.00000000099999999993 
0.99999998700000036767 0.00000000099999999970 0.00000000099999999970 0.00000000099999999970 0.00000000099999999970 0.00000000099999999970 0.00000000099999999970 0.00000000099999999970 0.00000000099999999970 0.00000000099999999970 0.00000000099999999970 0.00000000099999999970 0.00000000099999999970 0.00000000099999999970 
0.99999998700000036767 0.00000000099999999966 0.00000000099999999966 0.00000000099999999966 0.00000000099999999966 0.00000000099999999966 0.00000000099999999966 0.00000000099999999966 0.00000000099999999966 0.00000000099999999966 0.00000000099999999966 0.00000000099999999966 0.00000000099999999966 0.00000000099999999966 
0.99999998700000036767 0.00000000099999999982 0.00000000099999999982 0.00000000099999999982 0.00000000099999999982 0.00000000099999999982 0.00000000099999999982 0.00000000099999999982 0.00000000099999999982 0.00000000099999999982 0.00000000099999999982 0.00000000099999999982 0.00000000099999999982 0.00000000099999999982 
0.99999998700000025664 0.00000000099999999970 0.00000000099999999970 0.00000000099999999970 0.00000000099999999970 0.00000000099999999970 0.00000000099999999970 0.00000000099999999970 0.00000000099999999970 0.00000000099999999970 0.00000000099999999970 0.00000000099999999970 0.00000000099999999970 0.00000000099999999970 
0.99999998700000036767 0.00000000099999999968 0.00000000099999999968 0.00000000099999999968 0.00000000099999999968 0.00000000099999999968 0.00000000099999999968 0.00000000099999999968 0.00000000099999999968 0.00000000099999999968 0.00000000099999999968 0.00000000099999999968 0.00000000099999999968 0.00000000099999999968 
0.99999998700000036767 0.00000000099999999983 0.00000000099999999983 0.00000000099999999983 0.00000000099999999983 0.00000000099999999983 0.00000000099999999983 0.00000000099999999983 0.00000000099999999983 0.00000000099999999983 0.00000000099999999983 0.00000000099999999983 0.00000000099999999983 0.00000000099999999983 
0.99999998700000025664 0.00000000099999999971 0.00000000099999999971 0.00000000099999999971 0.00000000099999999971 0.00000000099999999971 0.00000000099999999971 0.00000000099999999971 0.00000000099999999971 0.00000000099999999971 0.00000000099999999971 0.00000000099999999971 0.00000000099999999971 0.00000000099999999971 
0.80415909376771077532 0.00000000099999999991 0.00000000099999999991 0.00000000099999999991 0.00000000099999999991 0.00000000099999999991 0.00000000099999999991 0.00000000099999999991 0.02282872016484022507 0.00000000099999999991 0.00000000099999999991 0.00000000099999999991 0.17301217506744934194 0.00000000099999999991 
0.99999998700000036767 0.00000000099999999979 0.00000000099999999979 0.00000000099999999979 0.00000000099999999979 0.00000000099999999979 0.00000000099999999979 0.00000000099999999979 0.00000000099999999979 0.00000000099999999979 0.00000000099999999979 0.00000000099999999979 0.00000000099999999979 0.00000000099999999979 
0.00000000099999999998 0.01593055546615440229 0.01766290870807205385 0.00000000099999999998 0.58478356540855502832 0.01101878651176908634 0.00000000099999999998 0.00000000099999999998 0.00000000099999999998 0.00000000099999999998 0.00000000099999999998 0.01749926620039869707 0.35310490970505070685 0.00000000099999999998 
0.00000000099999999993 0.00614757111360727040 0.01202213900224406024 0.00000000099999999993 0.66157156924995219605 0.01313627114277401801 0.00000000099999999993 0.00000000099999999993 0.00000000099999999993 0.00000000099999999993 0.00000000099999999993 0.00000000099999999993 0.30712244049142251034 0.00000000099999999993 
0.08374282127358603778 0.00239896389119657058 0.00000000099999999998 0.00000000592185525387 0.00000000099999999998 0.07921737551965253588 0.00000000099999999998 0.00000000099999999998 0.00000000099999999998 0.00000000099999999998 0.00000000099999999998 0.00000281529239021753 0.75964999726248572109 0.07498801383883380023 
0.13513077981072571521 0.00000000099999999993 0.00000000099999999993 0.00000000099999999993 0.00000000099999999993 0.01893566945430902662 0.00000000099999999993 0.00000000099999999993 0.00000000099999999993 0.00000000099999999993 0.00000000099999999993 0.00000000099999999993 0.84593353973496521192 0.00000000099999999993 
0.11291868183793693503 0.00000002014865378368 0.03493379862077755638 0.00000000099999999997 0.00000000099999999997 0.02044614708934953951 0.00000000099999999997 0.00000000099999999997 0.00000000099999999997 0.00000000099999999997 0.00000000099999999997 0.04197927207247673792 0.78657982096135692363 0.00314225226944844652 
0.11310306461995756067 0.00000000099999999993 0.00000000099999999993 0.00000000099999999993 0.00000000099999999993 0.03299432394663879414 0.00000000099999999993 0.00000000099999999993 0.00000000099999999993 0.00000000099999999993 0.00000000099999999993 0.02792268008427727446 0.82597992134912623374 0.00000000099999999993 
0.01791503993155836930 0.00000000099999999992 0.00000000099999999992 0.00000000099999999992 0.00000000099999999992 0.03294755372356455991 0.00000000099999999992 0.00000000099999999992 0.00000000099999999992 0.00000000099999999992 0.00000000099999999992 0.01545549117756006910 0.93368190516731697226 0.00000000099999999992 
0.09140874160907702661 0.00000000099999999992 0.00000000099999999992 0.00000000099999999992 0.00000000099999999992 0.04247871229034787949 0.00000000099999999992 0.00000000099999999992 0.00000000099999999992 0.00000000099999999992 0.00000000099999999992 0.02285364570780968815 0.84325889039276546999 0.00000000099999999992 
0.00073037301715036336 0.00000550929691558108 0.00000000099999999996 0.00000000099999999996 0.00000000099999999996 0.04922344506730241820 0.00000000099999999996 0.00000000099999999996 0.00000000099999999996 0.00000000099999999996 0.00000000099999999996 0.00007510504720592136 0.94996555857142561674 0.00000000099999999996 
0.05877491898795150077 0.00000000099999999992 0.00000000099999999992 0.00000000099999999992 0.00000000099999999992 0.05782366651996079937 0.00000000099999999992 0.00000000099999999992 0.00000000099999999992 0.00000000099999999992 0.00000000099999999992 0.00000000099999999992 0.88340140349208762238 0.00000000099999999992 
0.09137243409795778315 0.00000000099999999990 0.00000000099999999990 0.00000000099999999990 0.00000000099999999990 0.00000000099999999990 0.00000000099999999990 0.00000000099999999990 0.00000000099999999990 0.00000000099999999990 0.00000000099999999990 0.02607265000827837728 0.88255490489376386964 0.00000000099999999990 
0.08998906366578188210 0.00000000099999999990 0.00000000099999999990 0.00000000099999999990 0.00000000099999999990 0.00000000099999999990 0.00000000099999999990 0.00000000099999999990 0.00000000099999999990 0.00000000099999999990 0.00000000099999999990 0.00000000099999999990 0.91001092433421815198 0.00000000099999999990 
0.03575507490721534232 0.00000000099999999992 0.00000000099999999992 0.00000000099999999992 0.00000000099999999992 0.00000000099999999992 0.00000000099999999992 0.00000000099999999992 0.00000000099999999992 0.00000000099999999992 0.00000000099999999992 0.02708614586617402037 0.93715876822661059453 0.00000000099999999992 
0.05099272536325608063 0.00000000099999999994 0.00226987075514894967 0.00000000099999999994 0.00000000099999999994 0.04886088759523023878 0.00000000099999999994 0.00000000099999999994 0.00000000099999999994 0.00000000099999999994 0.00000000099999999994 0.02725027620564893574 0.87062623108071579558 0.00000000099999999994 
0.08960288097439145227 0.00000000099999999992 0.00000000099999999992 0.00000000099999999992 0.00000000099999999992 0.00000000099999999992 0.00000000099999999992 0.00000000099999999992 0.00000000099999999992 0.00000000099999999992 0.00000000099999999992 0.00002162542724212000 0.91037548259836631459 0.00000000099999999992 
0.08885176614627041114 0.00000000099999999995 0.02159226707039636414 0.00000000099999999995 0.00000000099999999995 0.03170027372455574283 0.00000000099999999995 0.00000000099999999995 0.00000000099999999995 0.00000000099999999995 0.00000000099999999995 0.03240172599509533874 0.82545395806368204727 0.00000000099999999995 
0.05284076996803823562 0.00000000099999999992 0.00000000099999999992 0.00000000099999999992 0.00000000099999999992 0.05068494113216466534 0.00000000099999999992 0.00000000099999999992 0.00824085542121890703 0.00000000099999999992 0.00000000099999999992 0.00606454109548272991 0.88216888338309551454 0.00000000099999999992 
0.03636600933200334618 0.00000000099999999991 0.00000000099999999991 0.00000000099999999991 0.00000000099999999991 0.00000000099999999991 0.00000000099999999991 0.00000000099999999991 0.00000000099999999991 0.00000000099999999991 0.00000000099999999991 0.00000000099999999991 0.96363397866799660463 0.00000000099999999991 
0.04616653805408288402 0.00000000099999999994 0.00466410122393925899 0.00000000099999999994 0.00000000099999999994 0.00000000099999999994 0.00000000099999999994 0.00000000099999999994 0.00000000099999999994 0.00000000099999999994 0.00000000099999999994 0.00000000099999999994 0.94916934972197786191 0.00000000099999999994 
0.02371659583077122962 0.00000000099999999990 0.00000000099999999990 0.00000000099999999990 0.00000000099999999990 0.00000000099999999990 0.00000000099999999990 0.00000000099999999990 0.00000000099999999990 0.00000000099999999990 0.00000000099999999990 0.00000000099999999990 0.97628339216922865873 0.00000000099999999990 
