0.77104111747789683129 0.02161393503633808610 0.20734494748576509648 
0.76483797233959860407 0.02309020512126146174 0.21207182253913994807 
0.77952267151011744861 0.01555401798360841158 0.20492331050627410338 
0.76650118432029401561 0.01639888006032563447 0.21709993561938034645 
0.75993530523616892314 0.00057416405435022598 0.23949053070948100874 
0.71232551119843612319 0.06138106458947859001 0.22629342421208525904 
0.75081073905941375646 0.02822241950265461791 0.22096684143793154931 
0.70347431320038256164 0.03094332450727577816 0.26558236229234166714 
0.73167940338310211157 0.06288356206180983898 0.20543703455508807720 
0.66955292182051273642 0.07191110052099061734 0.25853597765849667400 
0.73267136900872265048 0.03099560418305487633 0.23633302680822246278 
0.68552919195668815533 0.04405769325208368919 0.27041311479122825956 
0.77264295755590328696 0.02034930168835441533 0.20700774075574238098 
0.38609271807209011307 0.61390728092790991521 0.00000000099999999999 
0.38180744962999063619 0.61819254937000933658 0.00000000099999999999 
0.33796997025191216624 0.66203002874808769551 0.00000000099999999999 
0.32908412535375336505 0.67091587364624671874 0.00000000099999999999 
0.36743583230183651800 0.63256416669816339926 0.00000000099999999999 
0.39648247332731795245 0.60031018294568672111 0.00320734372699537761 
0.37210902167055126544 0.62789097732944876284 0.00000000099999999999 
0.40064946530335410202 0.59935053369664570422 0.00000000099999999999 
0.35465273014995851719 0.64534726885004134456 0.00000000099999999999 
0.33383539520246852117 0.66616460379753139609 0.00000000099999999999 
0.33755057675202354561 0.66244942224797642716 0.00000000100000000000 
0.34902871820087344457 0.65097128079912658372 0.00000000099999999999 
0.34504939311470500529 0.65495060588529496748 0.00000000100000000000 
0.35575646150949541413 0.64424353749050455864 0.00000000100000000000 
0.30757406694140254633 0.69242593205859737093 0.00000000099999999999 
0.37826538178205987295 0.62173461721794009982 0.00000000099999999999 
0.28457981574190382990 0.71542018325809597634 0.00000000099999999999 
0.32229951605819356919 0.67770048294180629256 0.00000000099999999998 
0.32714640458706850668 0.67285359441293146610 0.00000000099999999999 
0.24904786575257853443 0.75095213324742138283 0.00000000099999999999 
0.27747728781439856549 0.72252271118560129626 0.00000000099999999998 
0.30793074925966290589 0.69206924974033701137 0.00000000099999999999 
0.32200654231550102091 0.67799345668449884084 0.00000000099999999998 
0.30643902472533751657 0.69356097427466245620 0.00000000099999999999 
0.21718268521656375336 0.78281731378343610839 0.00000000099999999999 
0.31212490999691749893 0.68787508900308247384 0.00000000099999999999 
0.00000000099999999997 0.99999999800000005656 0.00000000099999999997 
0.28004412647583215579 0.71995587252416781698 0.00000000099999999999 
0.29974939019840779464 0.70025060880159217813 0.00000000099999999999 
0.33561230111750128824 0.66438769788249862902 0.00000000099999999999 
0.28903922846928176149 0.71096077053071815577 0.00000000099999999999 
0.29972025891134407294 0.70027974008865601085 0.00000000099999999999 
0.24873330965701995199 0.75126668934297990976 0.00000000099999999999 
0.17642434909753862415 0.82357564990246134862 0.00000000100000000000 
0.04384955523900411350 0.46614563028055855387 0.49000481448043725630 
0.00000000099999999999 0.49843016439236326187 0.50156983460763671090 
0.00000000100000000000 0.46019432837696633287 0.53980567062303352888 
0.00000000100000000000 0.49791372268835454307 0.50208627631164537419 
0.00000000100000000000 0.46523674791431923747 0.53476325108568067979 
0.06045262890260651167 0.44400156162488635392 0.49554580947250714829 
0.00000000100000000000 0.51335037720044296439 0.48664962179955706389 
0.03941488169480190928 0.52581358693241841973 0.43477153137277974038 
0.02152132582747480830 0.48901909175212554537 0.48945958242039966368 
0.00000000100000000000 0.46679239824248314195 0.53320760075751683083 
0.14402472189806783676 0.85597527710193210826 0.00000000099999999998 
0.07417220812624962523 0.92582779087375044469 0.00000000099999999999 
0.05914456037077651940 0.94085543862922338398 0.00000000099999999999 
0.05119376982707908585 0.94880622917292078977 0.00000000099999999999 
0.05660486530823896634 0.94339513369176108970 0.00000000099999999999 
0.07642916907265491500 0.92357082992734507165 0.00000000099999999999 
0.09933315119717391062 0.90066684780282613154 0.00000000099999999999 
0.12285052330784139440 0.87714947569215850898 0.00000000099999999999 
0.00000000099999999998 0.99999999799999994554 0.00000000099999999998 
0.05309119106405189165 0.94690880793594800480 0.00000000099999999999 
0.71735491324546518666 0.24121683001999547069 0.04142825673453930796 
0.81456727853097710135 0.12637956440145661774 0.05905315706756641275 
0.62018435964182350162 0.34358097172752616322 0.03623466863065027271 
0.79271518252911077340 0.11369624876290158888 0.09358856870798759608 
0.14420374555339293687 0.85579625344660703590 0.00000000099999999999 
0.15089178244188841682 0.84910821655811152819 0.00000000099999999999 
0.16517292169094310861 0.83482707730905691967 0.00000000099999999999 
0.19988534934433033197 0.80011464965566969632 0.00000000099999999999 
0.15297774636162034256 0.84702225263837949143 0.00000000099999999999 
0.19179791477142882350 0.80820208422857109376 0.00000000099999999999 
0.99999999799999994554 0.00000000099999999997 0.00000000099999999997 
0.32341294239132495347 0.67658705660867501930 0.00000000100000000000 
0.41632779422635807220 0.58367220477364178954 0.00000000099999999999 
0.35912779524548971155 0.64087220375451015020 0.00000000100000000000 
0.35123397309009501965 0.64876602590990495312 0.00000000100000000000 
0.47078325659170455753 0.52921674240829530422 0.00000000099999999999 
0.30907419758965820611 0.69092580139498283032 0.00000000101535888468 
0.36888153756017921792 0.63111846143982086588 0.00000000099999999999 
0.39805798920520646389 0.60193926564129496271 0.00000274515349854534 
0.35732511384226217643 0.64267488515773785185 0.00000000100000000000 
0.34959581390140426205 0.65040418509859565521 0.00000000100000000000 
0.35825765151560184929 0.64174234748439806797 0.00000000100000000000 
0.35475875063355966077 0.64524124836644025649 0.00000000099999999999 
0.29386045739833910329 0.70613954160166092500 0.00000000099999999999 
0.54797920835657654148 0.45202079064342337578 0.00000000100000000000 
0.30761292483936686359 0.69238707416063316469 0.00000000099999999999 
0.00000000099999999999 0.99999999800000005656 0.00000000099999999999 
0.00000000099999999998 0.85403938839322712795 0.14596061060677298360 
0.00000000099999999998 0.90825368486931612466 0.09174631413068391750 
0.00000000099999999999 0.87160692620786073270 0.12839307279213946211 
0.00000000099999999998 0.91760096525826329028 0.08239903374173682127 
0.00000000099999999998 0.88537092905688752342 0.11462906994311256037 
0.00000000099999999999 0.88401748725399253992 0.11598251174600746061 
0.00000000099999999999 0.86305038674626566308 0.13694961225373430969 
0.00000000099999999999 0.90775193563108969030 0.09224806336891035186 
0.00000000099999999999 0.85355975894855762309 0.14644024005144234968 
0.17796167592640138588 0.82203832307359858689 0.00000000099999999999 
0.13937988212556801093 0.86062011687443185082 0.00000000099999999998 
0.03151347494158598245 0.96174465149618526549 0.00674187356222885528 
0.00000000099999999999 0.99462614988753816903 0.00537384911246191910 
0.00000000100000000000 0.98353933299407758639 0.01646066600592241067 
0.00000000099999999999 0.98514895570090588173 0.01485104329909424890 
0.00000000099999999998 0.99999999799999994554 0.00000000099999999998 
0.00000000099999999999 0.98501911190539670482 0.01498088709460338938 
0.00000000100000000000 0.99999999799999994554 0.00000000100000000000 
0.00000000099999999999 0.99999999800000005656 0.00000000099999999999 
0.00000000099999999998 0.99999999800000005656 0.00000000099999999998 
0.00000000099999999998 0.99999999799999994554 0.00000000099999999998 
0.00000000099999999998 0.99999999800000005656 0.00000000099999999998 
0.00000000099999999999 0.99999999800000005656 0.00000000099999999999 
0.00000000099999999999 0.99603425152902858031 0.00396574747097151129 
0.00000000099999999999 0.99999999800000005656 0.00000000099999999999 
0.00000000099999999999 0.99999999799999994554 0.00000000099999999999 
0.00000000099999999999 0.99999999800000005656 0.00000000099999999999 
0.00000000100000000000 0.99405087705647587892 0.00594912194352416497 
0.00000000099999999998 0.99999999800000005656 0.00000000099999999998 
0.00000000099999999999 0.99999999799999994554 0.00000000099999999999 
0.00000000099999999999 0.99998503560481755148 0.00001496339518258146 
0.00000000100000000000 0.99999999799999994554 0.00000000100000000000 
0.00000284280863409999 0.99999715619136597677 0.00000000100000000000 
0.99999999799999994554 0.00000000099999999998 0.00000000099999999998 
0.99999999799999994554 0.00000000099999999997 0.00000000099999999997 
0.21997893787447286851 0.52128916363160482383 0.25873189849392225215 
0.20373063684186470956 0.56382562586930351500 0.23244373728883174768 
0.23187893346107202319 0.49207118605476946049 0.27604988048415846080 
0.00002700005011972877 0.84905151913627574523 0.15092148081360454159 
0.12178908124156770376 0.61390434555637440894 0.26430657320205780403 
0.17652806452908073598 0.57898260951156665932 0.24448932595935266021 
0.19509742710452329661 0.56987528189288694236 0.23502729100258978878 
0.33230677318300200218 0.43737684318896963287 0.23031638362802839270 
0.20453508257997607411 0.56747553116562299280 0.22798938625440107186 
0.12866469709592831538 0.62389323792216355713 0.24744206498190801646 
0.23823411652095730084 0.53255124514780716183 0.22921463833123564835 
0.19954394279874337892 0.51141399943833942832 0.28904205776291724828 
0.57696627752027052072 0.27826640253053891438 0.14476731994919067592 
0.28375713194184060129 0.71624286705815920495 0.00000000100000000000 
0.30798543952801599177 0.69201455947198398100 0.00000000099999999999 
0.34990855702713830055 0.65009144197286161670 0.00000000099999999999 
0.35851248533854507272 0.64148751366145495556 0.00000000099999999999 
0.36889129919741431296 0.63110869980258577083 0.00000000099999999999 
0.39027302972391769709 0.60972696927608227568 0.00000000099999999999 
0.35939501605035939491 0.64060498294964041133 0.00000000100000000000 
0.38335074449686112885 0.61664925450313889943 0.00000000099999999999 
0.39357023827197606947 0.60642976072802379228 0.00000000100000000000 
0.37391920785778098857 0.62608079114221881767 0.00000000099999999999 
0.34696484609184918835 0.65303515290815061789 0.00000000100000000000 
0.35140955430767567558 0.64859044469232440822 0.00000000099999999999 
0.39264524830035535397 0.60735475069964461881 0.00000000099999999999 
0.34264713928399731513 0.65735285971600265764 0.00000000099999999999 
0.41229459052855677026 0.58770540847144314700 0.00000000099999999999 
0.35721431133219988530 0.64278568766780008747 0.00000000099999999999 
0.38396835936913725762 0.61603163963086271515 0.00000000099999999999 
0.42586823262136319634 0.57413176637863683194 0.00000000099999999999 
0.42837139300365484340 0.57162860599634512937 0.00000000099999999999 
0.39487172003591181069 0.60512827896408816208 0.00000000099999999999 
0.99999999799999994554 0.00000000099999999998 0.00000000099999999998 
0.04352267875296828015 0.95647732024703169262 0.00000000099999999999 
0.08287759251780059400 0.91712240648219944816 0.00000000100000000000 
0.05222080807526233159 0.94777919092473761342 0.00000000099999999999 
0.06631352947423727051 0.93368646952576273002 0.00000000099999999999 
0.00000000099999999998 0.99999999799999994554 0.00000000099999999998 
0.03020659716708795628 0.96979340183291196098 0.00000000099999999999 
0.00000000099999999996 0.99999999799999994554 0.00000000099999999996 
0.02532356406508531887 0.97467643493491451512 0.00000000099999999998 
0.03319769375440644738 0.96680230524559340743 0.00000000099999999999 
0.10466009070764936695 0.89533990829235055031 0.00000000099999999998 
0.00000000099999999998 0.99999999800000005656 0.00000000099999999998 
0.08460329656018546196 0.91539670243981452469 0.00000000099999999999 
0.02542704251308998409 0.97457295648691011358 0.00000000099999999999 
0.00000000099999999999 0.99999999800000005656 0.00000000099999999999 
0.00000000099999999996 0.99999999800000005656 0.00000000099999999996 
0.00000000099999999999 0.99999999800000005656 0.00000000099999999999 
0.01299230956804459970 0.98700768943195549276 0.00000000099999999999 
0.00000000099999999999 0.99999999800000005656 0.00000000099999999999 
0.00000000099999999998 0.99999999799999994554 0.00000000099999999998 
0.04791953024997171878 0.95208046875002827480 0.00000000099999999999 
0.14019487242714481767 0.85980512657285512734 0.00000000099999999999 
0.00000000099999999999 0.99999999800000005656 0.00000000099999999999 
0.00807262758976487298 0.99192737141023501479 0.00000000099999999999 
0.00000000099999999998 0.99999999799999994554 0.00000000099999999998 
0.03519123993751993584 0.96480875906248009244 0.00000000099999999999 
0.00000000099999999998 0.99999999800000005656 0.00000000099999999998 
0.00000000099999999998 0.99999999800000005656 0.00000000099999999998 
0.00084103579257567400 0.99915896320742436654 0.00000000099999999999 
0.00000000099999999998 0.99999999800000005656 0.00000000099999999998 
0.00000000202642389019 0.99999999697357611073 0.00000000099999999999 
0.00000000099999999999 0.99999999800000005656 0.00000000099999999999 
0.00000000099999999999 0.99999999799999994554 0.00000000099999999999 
0.00000000099999999998 0.99999999800000005656 0.00000000099999999998 
0.00000000099999999999 0.99999999799999994554 0.00000000099999999999 
0.00533463558722520412 0.99466536341277478339 0.00000000100000000000 
0.04494207925759534372 0.95505791974240461517 0.00000000099999999999 
0.00000000099999999999 0.99999999800000005656 0.00000000099999999999 
0.00000000099999999998 0.99999999799999994554 0.00000000099999999998 
0.00000000099999999998 0.99999999799999994554 0.00000000099999999998 
0.00009151751083786283 0.99990848148916211535 0.00000000100000000000 
0.00000000099999999999 0.81907144325137204444 0.18092855574862803936 
0.00000000099999999999 0.73025181952841022870 0.26974817947158985509 
0.00000000099999999999 0.78454468460617288184 0.21545531439382703542 
0.00000000099999999999 0.80892445638294629973 0.19107554261705386733 
0.00000000099999999999 0.76896551896496923018 0.23103448003503077035 
0.00000000099999999999 0.81855852097255488165 0.18144147802744520215 
0.00000000099999999999 0.80946236972483609495 0.19053762927516376680 
0.00000000099999999999 0.76196646734174933169 0.23803353165825069659 
0.00000000100000000000 0.80707219461565971041 0.19292780438434040113 
0.00000000099999999999 0.78419233506782026755 0.21580766393217973298 
0.00000000099999999999 0.81224396566714840429 0.18775603333285162400 
0.00000000099999999999 0.79010067920077831083 0.20989931979922168970 
0.00000000099999999999 0.79045487395567981537 0.20954512504432026843 
0.00000000099999999999 0.75743832534684529811 0.24256167365315475792 
0.00000000099999999999 0.78120599629421438870 0.21879400270578569510 
0.00000000099999999999 0.79850895144325428898 0.20149104755674568379 
0.00000000099999999999 0.77389329036122977978 0.22610670863877016523 
0.00000000099999999999 0.79443066688711438950 0.20556933211288569430 
0.00000000099999999999 0.77398219579207860885 0.22601780320792147494 
0.00000000099999999999 0.78255102571290169333 0.21744897328709836271 
0.00000000099999999999 0.78565088778180047768 0.21434911121819955060 
0.99999999799999994554 0.00000000099999999998 0.00000000099999999998 
0.31665288430126165009 0.50222353868411395705 0.18112357701462442061 
0.00000000099999999999 0.92787104297154043842 0.07212895602845947884 
0.00000000100000000000 0.99309084491993937505 0.00690915408006054742 
0.00000000099999999999 0.94107879324270260479 0.05892120575729752757 
0.00000000099999999999 0.92029673661062705303 0.07970326238937286423 
0.00000000099999999998 0.84688664365282184665 0.15311335534717820939 
0.00000000099999999998 0.87939448910789130842 0.12060550989210874762 
0.00000000099999999997 0.99999999799999994554 0.00000000099999999997 
0.00000000099999999998 0.99999999800000005656 0.00000000099999999998 
0.00000000099999999997 0.99999999800000005656 0.00000000099999999997 
0.00000000099999999998 0.99999999800000005656 0.00000000099999999998 
0.00000000099999999997 0.99999999800000005656 0.00000000099999999997 
0.00000000099999999998 0.99999999799999994554 0.00000000099999999998 
0.00000000099999999997 0.99999999800000005656 0.00000000099999999997 
0.00000000099999999998 0.99999999799999994554 0.00000000099999999998 
0.00000000099999999997 0.00000000099999999997 0.99999999800000005656 
0.00000000099999999995 0.00000000099999999995 0.99999999799999994554 
0.00000000099999999997 0.00000000099999999997 0.99999999799999994554 
0.00000000099999999998 0.00000000099999999998 0.99999999799999994554 
0.00000000099999999996 0.00000000099999999996 0.99999999800000005656 
0.00000000099999999998 0.00000000099999999998 0.99999999799999994554 
0.00000000099999999997 0.00000000099999999997 0.99999999799999994554 
0.00000000099999999997 0.00000000099999999997 0.99999999799999994554 
0.00000000099999999996 0.00000000099999999996 0.99999999799999994554 
0.00000000099999999996 0.00000000099999999996 0.99999999800000005656 
0.20713008741023175574 0.79286991158976816152 0.00000000099999999999 
0.22398745932797717306 0.77601253967202277195 0.00000000099999999999 
0.17237288297308786533 0.82762711602691207968 0.00000000099999999999 
0.21901032697198022370 0.78098967202801972132 0.00000000099999999999 
0.20798036761112337345 0.79201963138887643279 0.00000000099999999999 
0.21666038463985964890 0.78333961436014043489 0.00000000099999999999 
0.24344044186577157296 0.75655955713422851083 0.00000000099999999999 
0.21533257260428043112 0.78466742639571940288 0.00000000099999999999 
0.20205046213896141194 0.79794953686103864410 0.00000000099999999999 
0.17879091333514032791 0.82120908566485972813 0.00000000099999999999 
0.19810242599888863713 0.80189757300111130789 0.00000000099999999999 
0.26422075742188227965 0.73577924157811769312 0.00000000099999999999 
0.22864228844468334478 0.77135771055531665574 0.00000000099999999999 
0.17091687712188008419 0.82908312187811994409 0.00000000099999999999 
0.21048062453816449024 0.78951937446183551028 0.00000000099999999999 
0.15436724880804311710 0.84563275019195693893 0.00000000099999999999 
0.00000000099999999998 0.99999999800000005656 0.00000000099999999998 
0.00000000099999999999 0.99999999800000005656 0.00000000099999999999 
0.00000000099999999999 0.99999999799999994554 0.00000000099999999999 
0.00000000099999999999 0.99999999799999994554 0.00000000099999999999 
0.01857716378879051972 0.98142283521120954326 0.00000000100000000000 
0.01653787167708102232 0.98346212732291882208 0.00000000099999999999 
0.03933354155371439342 0.96066645744628542669 0.00000000099999999999 
0.00000000099999999997 0.99999999800000005656 0.00000000099999999997 
0.00000000099999999998 0.99999999799999994554 0.00000000099999999998 
0.00000000099999999999 0.99999999800000005656 0.00000000099999999999 
0.00000004214357580571 0.99999995685642406595 0.00000000099999999999 
0.05955753802966086419 0.94044246097033901144 0.00000000099999999999 
0.00000041605290568474 0.99999958294709423434 0.00000000099999999999 
0.06378173007277697371 0.93621826892722304070 0.00000000099999999998 
0.04802591967661962169 0.95197407932338040659 0.00000000099999999999 
0.02111470205574856110 0.97888529694425141514 0.00000000099999999999 
0.01170624516389958195 0.98829375383610040817 0.00000000099999999999 
0.03752200294389163721 0.96247799605610828699 0.00000000099999999998 
0.02939520022829304399 0.97060479877170702245 0.00000000099999999999 
0.02992677494077624137 0.97007322405922380426 0.00000000099999999999 
0.00000000099999999999 0.99999999799999994554 0.00000000099999999999 
0.09963603161471720759 0.90036396738528268191 0.00000000099999999998 
0.06150836736038711727 0.93849163163961291101 0.00000000099999999999 
0.01893092383263801637 0.98106907516736208130 0.00000000099999999998 
0.06418493829533516992 0.93581506070466480285 0.00000000099999999999 
0.00000000304655940062 0.99999999595344046810 0.00000000099999999999 
0.04867353720496599145 0.95132646179503388417 0.00000000099999999998 
0.01697906739917130758 0.98302093160082870682 0.00000000099999999998 
0.03700445064850574339 0.96299554835149414611 0.00000000099999999999 
0.00000000099999999998 0.99999999800000005656 0.00000000099999999998 
0.00000000099999999998 0.99999999800000005656 0.00000000099999999998 
0.00000000099999999997 0.99999999799999994554 0.00000000099999999997 
0.00000000099999999998 0.99999999799999994554 0.00000000099999999998 
0.00000000099999999997 0.99999999799999994554 0.00000000099999999997 
0.00000000099999999998 0.99999999800000005656 0.00000000099999999998 
0.00000000099999999997 0.99999999799999994554 0.00000000099999999997 
0.00000000099999999998 0.99999999800000005656 0.00000000099999999998 
0.00000000099999999998 0.99999999799999994554 0.00000000099999999998 
0.00000000099999999997 0.99999999800000005656 0.00000000099999999997 
0.00000000099999999998 0.99999999800000005656 0.00000000099999999998 
0.00000000099999999997 0.99999999799999994554 0.00000000099999999997 
0.00000000099999999998 0.99999999799999994554 0.00000000099999999998 
0.00000000099999999997 0.99999999799999994554 0.00000000099999999997 
0.02932568616250631408 0.97067431283749372462 0.00000000099999999999 
0.04014554657373355095 0.95985445242626654672 0.00000000099999999999 
0.01113884102317854244 0.98886115797682150319 0.00000000099999999999 
0.07343608991064599911 0.92656390908935404305 0.00000000099999999999 
0.02059519672857905437 0.97940480227142090452 0.00000000099999999999 
0.04675983136534127976 0.95324016763465868607 0.00000000099999999999 
0.05856613659519847859 0.93687283593523651426 0.00456102746956501409 
0.03839438988305547695 0.96160560911694459296 0.00000000099999999999 
0.03426869455869290676 0.96573130444130705907 0.00000000099999999999 
0.02494658848234518334 0.97505341051765481719 0.00000000100000000000 
0.86956579674798439861 0.10030219034808082745 0.03013201290393476006 
0.82454318322331410229 0.13622692395141050570 0.03922989282527542670 
0.83593425358441053596 0.16406443070998388833 0.00000131570560564078 
0.88292685493959122134 0.11707314406040870980 0.00000000100000000000 
0.79721899670774487578 0.16428424854915898989 0.03849675474309621759 
0.82182399494135327522 0.13374079667761587520 0.04443520838103080101 
0.93108207864097414230 0.01636258089941482544 0.05255534045961103573 
0.90860135556826893133 0.05912174445053484939 0.03227689998119608744 
0.78406922999065420399 0.20922636702855604285 0.00670440298078968898 
0.80082425875741503063 0.19494351951941679690 0.00423222172316827135 
0.99999999800000005656 0.00000000099999999998 0.00000000099999999998 
0.09973778068242296346 0.90026221831757702319 0.00000000099999999999 
0.06701323076442330939 0.93298676823557658011 0.00000000099999999999 
0.07275915270073458896 0.92724084629926550871 0.00000000099999999999 
0.13307851263742564996 0.86692148636257415628 0.00000000099999999999 
0.08415376704230183302 0.91584623195769809811 0.00000000099999999999 
0.09050006565140925052 0.90949993334859069449 0.00000000099999999999 
0.04723234324098234127 0.95276765575901756211 0.00000000099999999999 
0.08708593728415536805 0.91291406171584443818 0.00000000099999999999 
0.06768341502685532030 0.93231658397314465248 0.00000000099999999999 
0.08684776574367464308 0.91315223325632544071 0.00000000099999999999 
0.08614072539932265959 0.91385927360067731318 0.00000000099999999999 
0.08662403316821094823 0.91337596583178892740 0.00000000099999999999 
0.11049954432421649209 0.88950045467578342517 0.00000000099999999999 
0.11198261548524605924 0.88801738351475401068 0.00000000099999999999 
0.08424289666395633203 0.91575710233604368238 0.00000000099999999999 
0.08455292168518889484 0.91544707731481100854 0.00000000099999999999 
0.08479853968533059005 0.91520145931466945211 0.00000000099999999999 
0.09457598938192021687 0.90542400961807978366 0.00000000099999999999 
0.09796872236174890280 0.90203127663825111160 0.00000000099999999999 
0.06333580685869190374 0.93666419214130813842 0.00000000099999999999 
0.62561008272783080741 0.19067007518372938724 0.18371984208843988862 
0.64624524533218397071 0.16973117559848016622 0.18402357906933586307 
0.61545861600545481718 0.20191666665725069296 0.18262471733729446211 
0.52280564202530788176 0.26306233484366298159 0.21413202313102919216 
0.53447178945763362812 0.26529468155560376186 0.20023352898676269329 
0.51712323252505876248 0.27051269024972229849 0.21236407722521888353 
0.56955052559039598403 0.25778208263323826310 0.17266739177636575286 
0.48919993111075771308 0.29224697643100649991 0.21855309245823570374 
0.55223763124035707417 0.26006702117543389896 0.18769534758420913789 
0.48753948702874300158 0.29505146080290939326 0.21740905216834763292 
0.56602539469322232790 0.24208854792651676724 0.19188605738026093261 
0.52698794146752048206 0.26459428539072865627 0.20841777314175097269 
0.51759305351513618110 0.29750452713810787708 0.18490241934675596958 
0.59981641663906015705 0.22477354108664848731 0.17541004227429141116 
0.64000656038437886419 0.19882559287644693824 0.16116784673917428083 
0.00000000099999999998 0.88889895277228114789 0.11110104622771886651 
0.57566847649508356977 0.20487997614953226688 0.21945154735538413560 
0.62013665177811894136 0.19609360877570447546 0.18376973944617661094 
0.40271748016955621896 0.59728251883044380932 0.00000000100000000000 
0.46941376962197461920 0.53058622937802524255 0.00000000099999999999 
0.46264637141277015209 0.53735362758722982068 0.00000000099999999999 
0.47484539330777242316 0.52515460569222760512 0.00000000099999999999 
0.45276509165584433170 0.54723490734415558556 0.00000000099999999999 
0.37265332370106435400 0.62734667529893561877 0.00000000099999999999 
0.42916558166816098918 0.54088310093030200765 0.02995131740153706215 
0.39495555368907248051 0.58753569181381226638 0.01750875449711526352 
0.42148791007139635445 0.57851208892860350730 0.00000000100000000000 
0.38756648940423032990 0.59609067199239651469 0.01634283860337315888 
0.46012067427385727747 0.53987932472614263979 0.00000000099999999999 
0.39075279958402336922 0.58885398901957097806 0.02039321139640568048 
0.47074452585214443534 0.52925543250315798538 0.00000004164469759116 
0.43546600439260380044 0.56453399460739628335 0.00000000099999999999 
0.40581177538791463055 0.58534746329214648597 0.00884076131993888348 
0.35721490534745231615 0.63121681955673780706 0.01156827509580992362 
0.35712186777439314245 0.64287813122560688583 0.00000000100000000000 
0.37733380307695985056 0.61011420181292286280 0.01255199511011738205 
0.99999999799999994554 0.00000000099999999998 0.00000000099999999998 
0.97262107116323626155 0.02737892783676372163 0.00000000099999999998 
0.99999999799999994554 0.00000000099999999998 0.00000000099999999998 
0.99999999800000005656 0.00000000099999999998 0.00000000099999999998 
0.99838288965626054150 0.00161710934373943496 0.00000000099999999998 
0.99999999799999994554 0.00000000099999999998 0.00000000099999999998 
0.00000000099999999998 0.99999999800000005656 0.00000000099999999998 
0.00000000099999999998 0.99999999800000005656 0.00000000099999999998 
0.00000000099999999998 0.99999999800000005656 0.00000000099999999998 
0.00000000099999999999 0.99999999799999994554 0.00000000099999999999 
0.00000000099999999999 0.99999999800000005656 0.00000000099999999999 
0.00000000099999999998 0.99999999800000005656 0.00000000099999999998 
0.00000000099999999998 0.99999999800000005656 0.00000000099999999998 
0.02334675501178294296 0.97664447507681539928 0.00000876991140164602 
0.00000000099999999998 0.99999999800000005656 0.00000000099999999998 
0.99999999800000005656 0.00000000099999999998 0.00000000099999999998 
0.99999999799999994554 0.00000000099999999997 0.00000000099999999997 
0.99999999799999994554 0.00000000099999999997 0.00000000099999999997 
0.98158268622897781874 0.01841731277102217831 0.00000000099999999998 
0.99999999800000005656 0.00000000099999999998 0.00000000099999999998 
0.99999999799999994554 0.00000000099999999998 0.00000000099999999998 
0.99999999800000005656 0.00000000099999999998 0.00000000099999999998 
0.99999999799999994554 0.00000000099999999997 0.00000000099999999997 
0.99999999799999994554 0.00000000099999999998 0.00000000099999999998 
0.99999999799999994554 0.00000000099999999998 0.00000000099999999998 
0.00000000099999999999 0.00000000099999999999 0.99999999799999994554 
0.00000000099999999998 0.00000000099999999998 0.99999999799999994554 
0.00000000099999999997 0.00000000099999999997 0.99999999800000005656 
0.00000000099999999998 0.00000000099999999998 0.99999999799999994554 
0.00000000099999999997 0.00000000099999999997 0.99999999800000005656 
0.00000000099999999998 0.00000000099999999998 0.99999999800000005656 
0.00000000099999999999 0.00000000099999999999 0.99999999799999994554 
0.00000000099999999997 0.00000000099999999997 0.99999999799999994554 
0.00000000099999999998 0.00000000099999999998 0.99999999799999994554 
0.00000000099999999996 0.00000000099999999996 0.99999999799999994554 
0.75377525225980723800 0.24622474674019270702 0.00000000100000000000 
0.71455608919426716330 0.28544390980573269845 0.00000000099999999999 
0.76963012007555775540 0.23036987892444221737 0.00000000099999999999 
0.75742853712747215678 0.24257146187252781599 0.00000000099999999999 
0.76666344531497132575 0.23333655368502861926 0.00000000099999999999 
0.81808403572722909747 0.18191596327277076428 0.00000000099999999999 
0.81836464468766345615 0.18163535431233659989 0.00000000099999999999 
0.80310343920042370769 0.19689655979957626508 0.00000000099999999999 
0.81074226784077296770 0.18925773115922706058 0.00000000099999999999 
0.77000748723376488680 0.22999251176623511372 0.00000000099999999999 
0.77474074041441298721 0.22525925858558704107 0.00000000099999999999 
0.54185655481727990068 0.45814344418272007209 0.00000000100000000000 
0.74659517068399494644 0.25340482831600497082 0.00000000099999999999 
0.72641079827292820426 0.27358920072707182403 0.00000000099999999999 
0.78171866002623535685 0.21828133897376472694 0.00000000099999999999 
0.81414598940959892470 0.18585400959040110358 0.00000000100000000000 
0.92120242616323722018 0.04868773883932336899 0.03010983499743950104 
0.87360439161651226581 0.12608291218663580935 0.00031269619685191118 
0.89308478382625866576 0.06245509590960753032 0.04446012026413378310 
0.93397215989341431097 0.02849173071950679773 0.03753610938707883926 
0.97173297903763733441 0.00695501376869596573 0.02131200719366677099 
0.93441766723517594162 0.01636573248689953547 0.04921660027792446046 
0.55618608725413087868 0.39397472231155633571 0.04983919043431266072 
0.86279830049876060638 0.07207042634872901088 0.06513127315251042437 
0.94750356568248106370 0.00000166186985617051 0.05249477244766276307 
0.93989055047924097153 0.02005000827442370709 0.04005944124633538383 
0.94955193065284992926 0.00171291253065111986 0.04873515681649904369 
0.91813026803483066551 0.04235589183370658956 0.03951384013146285595 
0.91898725974228590019 0.03751051182993979383 0.04350222842777430599 
0.89317953510581937770 0.04906720811180514258 0.05775325678237539645 
0.88883646747760702844 0.05701684527906147881 0.05414668724333152744 
0.47004484306391813853 0.51628831859851187502 0.01366683833757005410 
0.89203570565044265628 0.05649130591982590849 0.05147298842973144217 
0.92818969379233751127 0.02590478878843198440 0.04590551741923058759 
0.00000000099999999999 0.98388141470770473784 0.01611858429229536677 
0.00000000099999999998 0.99999999800000005656 0.00000000099999999998 
0.00000000099999999999 0.87278378185535687717 0.12721621714464309560 
0.00000000099999999999 0.76230133604761529664 0.23769866295238467613 
0.00000000099999999999 0.75987141287509418763 0.24012858612490595167 
0.00000000099999999999 0.75258531593933519765 0.24741468306066477512 
0.00000000099999999999 0.75689139626782730996 0.24310860273217271832 
0.00000000099999999998 0.75310686700323536957 0.24689313199676465871 
0.03076157655138566857 0.96923842244861435624 0.00000000099999999999 
0.07497381743143707866 0.92502618156856297738 0.00000000099999999999 
