0.00000000099999999994 0.00000000099999999994 0.00000000099999999994 0.00000000099999999994 0.00000000099999999994 0.00000000099999999994 0.00000000099999999994 0.00000000099999999994 0.00000000099999999994 0.00000000099999999994 0.00000000099999999994 0.00000000099999999994 0.99999998600000006288 0.00000000099999999994 0.00000000099999999994 
0.00000000099999999987 0.00000000099999999987 0.00000000099999999987 0.00000000099999999987 0.00000000099999999987 0.00000000099999999987 0.00000000099999999987 0.00000000099999999987 0.00000000099999999987 0.00000000099999999987 0.00000000099999999987 0.00000000099999999987 0.99999998599999995186 0.00000000099999999987 0.00000000099999999987 
0.00000000099999999992 0.00000000099999999992 0.00000000099999999992 0.00000000099999999992 0.00000000099999999992 0.00000000099999999992 0.00000000099999999992 0.00000000099999999992 0.00000000099999999992 0.00000000099999999992 0.00000000099999999992 0.00000000099999999992 0.99999998599999995186 0.00000000099999999992 0.00000000099999999992 
0.00000000099999999986 0.00000000099999999986 0.00000000099999999986 0.00000000099999999986 0.00000000099999999986 0.00000000099999999986 0.00000000099999999986 0.00000000099999999986 0.00000000099999999986 0.00000000099999999986 0.00000000099999999986 0.00000000099999999986 0.99999998599999995186 0.00000000099999999986 0.00000000099999999986 
0.00000000099999999991 0.00000000099999999991 0.00000000099999999991 0.00000000099999999991 0.00000000099999999991 0.00000000099999999991 0.00000000099999999991 0.00000000099999999991 0.00000000099999999991 0.00000000099999999991 0.00000000099999999991 0.00000000099999999991 0.99999998599999995186 0.00000000099999999991 0.00000000099999999991 
0.00450975986405094658 0.00000000099999999998 0.00000000099999999998 0.00000000099999999998 0.00000000099999999998 0.00000000099999999998 0.00000000099999999998 0.00000000099999999998 0.00000000099999999998 0.03282053648273529356 0.00000000099999999998 0.00000000099999999998 0.96266969165321369939 0.00000000099999999998 0.00000000099999999998 
0.00000000099999999994 0.00000000099999999994 0.00000000099999999994 0.00000000099999999994 0.00000000099999999994 0.00000000099999999994 0.00000000099999999994 0.00000002229515471260 0.00000000099999999994 0.00000000099999999994 0.00000000099999999994 0.00000000099999999994 0.99999996470484520117 0.00000000099999999994 0.00000000099999999994 
0.00000000099999999997 0.00000000099999999997 0.02813490375201172303 0.00000000099999999997 0.00000000099999999997 0.00000000099999999997 0.00000000099999999997 0.06661944430063664047 0.00000000099999999997 0.01923932086272887865 0.00000000099999999997 0.00000000099999999997 0.84969471966098830684 0.03631160142363452220 0.00000000099999999997 
0.00000000099999999992 0.00000000099999999992 0.00000000099999999992 0.00000000099999999992 0.00000000099999999992 0.00000000099999999992 0.00000000099999999992 0.00000000099999999992 0.00000000099999999992 0.00000000099999999992 0.00000000099999999992 0.00000000099999999992 0.99999998599999995186 0.00000000099999999992 0.00000000099999999992 
0.00000000099999999997 0.00000000099999999997 0.02262057747393230248 0.00000000099999999997 0.00000000099999999997 0.00000000099999999997 0.00000000099999999997 0.05302453157578442683 0.00000000099999999997 0.02785592716559045362 0.00000000099999999997 0.00000000099999999997 0.89649895278469282633 0.00000000099999999997 0.00000000099999999997 
0.00000000099999999989 0.00000000099999999989 0.00000000099999999989 0.00000000099999999989 0.00000000099999999989 0.00000000099999999989 0.00000000099999999989 0.00000000099999999989 0.00000000099999999989 0.00000000099999999989 0.00000000099999999989 0.00000000099999999989 0.99999998600000006288 0.00000000099999999989 0.00000000099999999989 
0.00000000099999999991 0.00000000099999999991 0.00000000099999999991 0.00000000099999999991 0.00000000099999999991 0.00000000099999999991 0.00000000099999999991 0.00000000099999999991 0.00000000099999999991 0.00000000099999999991 0.00000000099999999991 0.00000000099999999991 0.99999998599999995186 0.00000000099999999991 0.00000000099999999991 
0.00000000099999999995 0.00000000099999999995 0.00710742906105720895 0.00000000099999999995 0.00000000099999999995 0.00000000099999999995 0.00000000099999999995 0.00000000099999999995 0.00000000099999999995 0.00000000099999999995 0.01377903838645568035 0.00000000099999999995 0.97911352055248701554 0.00000000099999999995 0.00000000099999999995 
0.00000000099999999985 0.00000000099999999985 0.00000000099999999985 0.00000000099999999985 0.00000000099999999985 0.00000000099999999985 0.00000000099999999985 0.00000000099999999985 0.99999998600000017390 0.00000000099999999985 0.00000000099999999985 0.00000000099999999985 0.00000000099999999985 0.00000000099999999985 0.00000000099999999985 
0.00000000099999999992 0.00000000099999999992 0.00000000099999999992 0.00000000099999999992 0.00000000099999999992 0.00000000099999999992 0.00000000099999999992 0.00000000099999999992 0.99999998600000017390 0.00000000099999999992 0.00000000099999999992 0.00000000099999999992 0.00000000099999999992 0.00000000099999999992 0.00000000099999999992 
0.00000000099999999994 0.00000000099999999994 0.00475770449519323946 0.00000000099999999994 0.00000000099999999994 0.01725625636013963446 0.00000000099999999994 0.00000000099999999994 0.97798602714466731367 0.00000000099999999994 0.00000000099999999994 0.00000000099999999994 0.00000000099999999994 0.00000000099999999994 0.00000000099999999994 
0.00000000099999999993 0.00000000099999999993 0.00000000099999999993 0.00000000099999999993 0.00000000099999999993 0.00000000099999999993 0.00000000099999999993 0.00000000099999999993 0.99999998600000017390 0.00000000099999999993 0.00000000099999999993 0.00000000099999999993 0.00000000099999999993 0.00000000099999999993 0.00000000099999999993 
0.00000000099999999992 0.00000000099999999992 0.00000000099999999992 0.00000000099999999992 0.00000000099999999992 0.00000000099999999992 0.00000000099999999992 0.00000000099999999992 0.99999998600000017390 0.00000000099999999992 0.00000000099999999992 0.00000000099999999992 0.00000000099999999992 0.00000000099999999992 0.00000000099999999992 
0.00000000099999999992 0.00000000099999999992 0.00000000099999999992 0.00000000099999999992 0.00000000099999999992 0.00000000099999999992 0.00000000099999999992 0.00000000099999999992 0.99999998600000006288 0.00000000099999999992 0.00000000099999999992 0.00000000099999999992 0.00000000099999999992 0.00000000099999999992 0.00000000099999999992 
0.00000000099999999989 0.00000000099999999989 0.00000000099999999989 0.00000000099999999989 0.00000000099999999989 0.00000000099999999989 0.00000000099999999989 0.00000000099999999989 0.99999998600000017390 0.00000000099999999989 0.00000000099999999989 0.00000000099999999989 0.00000000099999999989 0.00000000099999999989 0.00000000099999999989 
0.00000000099999999994 0.00000000099999999994 0.00240224396169757279 0.01890911660461110436 0.00000000099999999994 0.00000000099999999994 0.00000000099999999994 0.00000000099999999994 0.97868862743369144930 0.00000000099999999994 0.00000000099999999994 0.00000000099999999994 0.00000000099999999994 0.00000000099999999994 0.00000000099999999994 
0.00000000099999999991 0.00000000099999999991 0.00000000099999999991 0.00000000099999999991 0.00000000099999999991 0.00000000099999999991 0.11166503184818811489 0.00000000099999999991 0.88833495515181204460 0.00000000099999999991 0.00000000099999999991 0.00000000099999999991 0.00000000099999999991 0.00000000099999999991 0.00000000099999999991 
0.00000000099999999987 0.00000000099999999987 0.00000000099999999987 0.00000000099999999987 0.00000000099999999987 0.00000000099999999987 0.00000000099999999987 0.00000000099999999987 0.99999998600000006288 0.00000000099999999987 0.00000000099999999987 0.00000000099999999987 0.00000000099999999987 0.00000000099999999987 0.00000000099999999987 
0.00000000099999999996 0.00001100475993330992 0.00419979059467815146 0.00000000099999999996 0.00000000099999999996 0.00000000099999999996 0.07375732244002541904 0.00000000099999999996 0.90943995382133724359 0.01259191838402592273 0.00000000099999999996 0.00000000099999999996 0.00000000099999999996 0.00000000099999999996 0.00000000099999999996 
0.00000000099999999996 0.00000000099999999996 0.00000000099999999996 0.00000000099999999996 0.00000000099999999996 0.01416201602359839010 0.15158434775765708413 0.00000000099999999996 0.80723520222271982760 0.00000000099999999996 0.00000000099999999996 0.02701842299602487743 0.00000000099999999996 0.00000000099999999996 0.00000000099999999996 
0.00000000099999999993 0.00000000099999999993 0.00000000099999999993 0.00000000099999999993 0.00000000099999999993 0.00000000099999999993 0.00000000099999999993 0.00000000099999999993 0.99999998600000017390 0.00000000099999999993 0.00000000099999999993 0.00000000099999999993 0.00000000099999999993 0.00000000099999999993 0.00000000099999999993 
0.00000000099999999997 0.00000000099999999997 0.01876358448939805315 0.00000000099999999997 0.02044452508516562961 0.03184696250207089824 0.13638122082969245108 0.00000000099999999997 0.79256369709367313625 0.00000000099999999997 0.00000000099999999997 0.00000000099999999997 0.00000000099999999997 0.00000000099999999997 0.00000000099999999997 
0.00000000099999999993 0.00000000099999999993 0.00000000099999999993 0.00000000099999999993 0.00000000099999999993 0.00000000099999999993 0.01559831881118011951 0.00000000099999999993 0.98440166818881991162 0.00000000099999999993 0.00000000099999999993 0.00000000099999999993 0.00000000099999999993 0.00000000099999999993 0.00000000099999999993 
0.00000000099999999990 0.00000000099999999990 0.00000000099999999990 0.00000000099999999990 0.00000000099999999990 0.00000000099999999990 0.00000000099999999990 0.00000000099999999990 0.99999998600000006288 0.00000000099999999990 0.00000000099999999990 0.00000000099999999990 0.00000000099999999990 0.00000000099999999990 0.00000000099999999990 
0.00000000099999999994 0.00000000099999999994 0.00000000099999999994 0.00000000099999999994 0.00000000099999999994 0.00000000099999999994 0.03632546525179513458 0.00000000099999999994 0.00000000099999999994 0.00000000099999999994 0.00000000099999999994 0.00000000099999999994 0.00000000099999999994 0.00000000099999999994 0.96367452174820489308 
0.00000000099999999977 0.00000000099999999977 0.00000000099999999977 0.00000000099999999977 0.00000000099999999977 0.00000000099999999977 0.00000000099999999977 0.00000000099999999977 0.00000000099999999977 0.00000000099999999977 0.00000000099999999977 0.00000000099999999977 0.00000000099999999977 0.00000000099999999977 0.99999998600000006288 
0.00000000099999999992 0.00000000099999999992 0.00000000099999999992 0.00000000099999999992 0.00000000099999999992 0.00000000099999999992 0.00000000099999999992 0.00000000099999999992 0.00000000099999999992 0.00000000099999999992 0.00000000099999999992 0.02705771304318362394 0.00000000099999999992 0.00000000099999999992 0.97294227395681642800 
0.00000000099999999995 0.00000000099999999995 0.00000000099999999995 0.00000000099999999995 0.00000000099999999995 0.00000000099999999995 0.06561915976656043648 0.00000000099999999995 0.00000000099999999995 0.00000000099999999995 0.00000000099999999995 0.00000000099999999995 0.00000000099999999995 0.00000000099999999995 0.93438082723343962588 
0.00000000099999999992 0.00000000099999999992 0.00000000099999999992 0.00000000099999999992 0.00000000099999999992 0.00000000099999999992 0.00000000099999999992 0.00000000099999999992 0.00000000099999999992 0.02282638310446318333 0.00000000099999999992 0.00000000099999999992 0.00000000099999999992 0.00000000099999999992 0.97717360389553675759 
0.00000000099999999994 0.00000000099999999994 0.00000000099999999994 0.00000000099999999994 0.00000000099999999994 0.00000000099999999994 0.00000000099999999994 0.00000000099999999994 0.00000000099999999994 0.00000000099999999994 0.00000000099999999994 0.00000000099999999994 0.00000000099999999994 0.00000000099999999994 0.99999998600000006288 
0.00000000099999999977 0.00000000099999999977 0.00000000099999999977 0.00000000099999999977 0.00000000099999999977 0.00000000099999999977 0.00000000099999999977 0.00000000099999999977 0.00000000099999999977 0.00000000099999999977 0.00000000099999999977 0.00000000099999999977 0.00000000099999999977 0.00000000099999999977 0.99999998599999995186 
0.00000000099999999995 0.00000000099999999995 0.00000000099999999995 0.00000000099999999995 0.00000000099999999995 0.10222326001917181326 0.00000000099999999995 0.00000000099999999995 0.00000000099999999995 0.00000000099999999995 0.00000000099999999995 0.00000000099999999995 0.00000000099999999995 0.00000000099999999995 0.89777672698082811031 
0.00000000099999999994 0.00000000099999999994 0.00000000099999999994 0.00000000099999999994 0.00000000099999999994 0.03929722054588676017 0.25627852642941356676 0.00000000099999999994 0.02246602629044904334 0.00000000099999999994 0.00000000099999999994 0.07886906861799390656 0.00000000099999999994 0.00000000099999999994 0.60308914811625669028 
0.00000000099999999994 0.00000000099999999994 0.00000000099999999994 0.00000000099999999994 0.00000000099999999994 0.00000000099999999994 0.00000000099999999994 0.00000000099999999994 0.00000000099999999994 0.00000000099999999994 0.00000000099999999994 0.00000000099999999994 0.00000000099999999994 0.00000000099999999994 0.99999998599999995186 
0.00000000099999999983 0.00000000099999999983 0.00000000099999999983 0.00000000099999999983 0.00000000099999999983 0.00000000099999999983 0.99999998600000006288 0.00000000099999999983 0.00000000099999999983 0.00000000099999999983 0.00000000099999999983 0.00000000099999999983 0.00000000099999999983 0.00000000099999999983 0.00000000099999999983 
0.00000000099999999996 0.00000000099999999996 0.00000000099999999996 0.00000000099999999996 0.00000000099999999996 0.05907083151343309885 0.02501747444220142613 0.00000000099999999996 0.06526839595114916626 0.01844844137227483541 0.00000000099999999996 0.03048360012271802630 0.00000000099999999996 0.00000000099999999996 0.80171124759822343098 
0.00000000099999999989 0.00000000099999999989 0.00000000099999999989 0.00000000099999999989 0.00000000099999999989 0.00000000099999999989 0.00000000099999999989 0.00000000099999999989 0.00000000099999999989 0.00000000099999999989 0.00000000099999999989 0.00000000099999999989 0.00000000099999999989 0.00000000099999999989 0.99999998600000006288 
0.00000000099999999993 0.00000000099999999993 0.00000017138460604756 0.00000000099999999993 0.00000000099999999993 0.00000000099999999993 0.00000000099999999993 0.00000000099999999993 0.00000000099999999993 0.00000000099999999993 0.00000000099999999993 0.00000000099999999993 0.00000000099999999993 0.00000000099999999993 0.99999981561539397212 
0.00000000099999999993 0.00000000099999999993 0.00000000099999999993 0.00000000099999999993 0.00000000099999999993 0.00000000099999999993 0.00000000099999999993 0.00000000099999999993 0.00000000099999999993 0.00000000099999999993 0.00000000099999999993 0.00000000099999999993 0.00000000099999999993 0.00000000099999999993 0.99999998600000006288 
0.00000000099999999992 0.00000000099999999992 0.00000000099999999992 0.00000000099999999992 0.00000000099999999992 0.00000000099999999992 0.00000000099999999992 0.00000000099999999992 0.00000000099999999992 0.00000000099999999992 0.00000000099999999992 0.00000000099999999992 0.00000000099999999992 0.00000000099999999992 0.99999998599999995186 
0.00000000099999999994 0.00000000099999999994 0.00000000099999999994 0.00000000099999999994 0.00000000099999999994 0.00000000124992086221 0.03618632867830807315 0.00000000099999999994 0.00000000099999999994 0.00000000099999999994 0.00000000099999999994 0.00000000099999999994 0.00000000099999999994 0.00000000099999999994 0.96381365807177099558 
0.00000000099999999997 0.00000000099999999997 0.00000000099999999997 0.00000000099999999997 0.00000800344353267381 0.10578929380509792535 0.71774992415085225872 0.00000000099999999997 0.00000000099999999997 0.00000000099999999997 0.00888142848785466663 0.02784502514785531374 0.04679876033537717916 0.08894702424461131685 0.00398053338481871820 
0.08660654540899581644 0.00508475089782876692 0.00000000099999999999 0.00000000099999999999 0.07251290189308083611 0.04487562354791924807 0.03142072009271653504 0.30565325740809873301 0.00000000099999999999 0.33104066432153639310 0.00000000099999999999 0.02969823777187403577 0.09310729265794971676 0.00000000099999999999 0.00000000099999999999 
0.09520104579650197352 0.00000000099999999997 0.00000000099999999997 0.00000000099999999997 0.10547316083890470595 0.04309638184138999545 0.09057747409904268188 0.32758103844717612052 0.00000000099999999997 0.33807088997698470090 0.00000000099999999997 0.00000000099999999997 0.00000000099999999997 0.00000000099999999997 0.00000000099999999997 
0.10098863992442422277 0.01176815109157703342 0.00000000099999999997 0.00000000099999999997 0.11266225130928675391 0.07002928729431341648 0.00000000099999999997 0.35654432244027189913 0.00000000099999999997 0.34800733894012664260 0.00000000099999999997 0.00000000099999999997 0.00000000099999999997 0.00000000099999999997 0.00000000099999999997 
0.10181255507634638657 0.06436354477737203650 0.00000000099999999998 0.00000000099999999998 0.12859183454555214721 0.00000000099999999998 0.00537781223391119514 0.31184412284630785850 0.03148649938478129129 0.33163495254419961267 0.02488867159152954520 0.00000000099999999998 0.00000000099999999998 0.00000000099999999998 0.00000000099999999998 
0.09870285959877246607 0.00000000099999999997 0.00000000099999999997 0.00000000099999999997 0.12896277487203131051 0.07444071283471265232 0.00000000099999999997 0.35466637220410457410 0.05099496025791434850 0.29223231123246468099 0.00000000099999999997 0.00000000099999999997 0.00000000099999999997 0.00000000099999999997 0.00000000099999999997 
0.11953621529721072947 0.00000000099999999999 0.00000000099999999999 0.00000000099999999999 0.16201037105016236062 0.04040748795078440148 0.00000000099999999999 0.31341191677533702942 0.00000000099999999999 0.33588923835389239425 0.00501318752483974860 0.02373157504777346355 0.00000000099999999999 0.00000000099999999999 0.00000000099999999999 
0.08261913697427702985 0.00000000099999999997 0.00678047430899416780 0.00000000099999999997 0.07740620207695132760 0.07907036350280384485 0.00874637515046197168 0.29980366480569936583 0.00000000099999999997 0.33764231176353093344 0.02182653265375474397 0.00000000099999999997 0.08610493276352644554 0.00000000099999999997 0.00000000099999999997 
0.13601815075685694256 0.04495462957498345957 0.00856586965068550053 0.00000000099999999999 0.12694267533299180561 0.05933311921342511452 0.00000000099999999999 0.25871599193225153224 0.00000000099999999999 0.32823477955307106546 0.00000000099999999999 0.03723477698573458838 0.00000000099999999999 0.00000000099999999999 0.00000000099999999999 
0.12015895118106068029 0.04868852036511620018 0.00000000099999999998 0.00000000099999999998 0.13197765845007938812 0.00000000099999999998 0.00157992815017008121 0.29909958415247339669 0.07715039949997623547 0.32134495020112413544 0.00000000099999999998 0.00000000099999999998 0.00000000099999999998 0.00000000099999999998 0.00000000099999999998 
0.09560891277169711322 0.00000000099999999998 0.02082827844428908337 0.00000000099999999998 0.08784821496730929602 0.07266260291795191562 0.00000000099999999998 0.35203653400982981569 0.00000000099999999998 0.34527551907895043248 0.00000000099999999998 0.00000000099999999998 0.02573992980997229230 0.00000000099999999998 0.00000000099999999998 
0.00000000099999999994 0.00000000099999999994 0.00000000099999999994 0.00000000099999999994 0.00000000099999999994 0.00000000099999999994 0.39569968168050634327 0.00000000099999999994 0.00000000099999999994 0.00000000099999999994 0.00000000099999999994 0.00000000099999999994 0.00000000099999999994 0.01363615569304835878 0.59066415062644517242 
0.00987138938158675650 0.01655008849486274899 0.00000000099999999994 0.00000000099999999994 0.00000000099999999994 0.00253964012452931927 0.55030239835340766241 0.00000000099999999994 0.00000000099999999994 0.00000000099999999994 0.00000000099999999994 0.00000000099999999994 0.00000000099999999994 0.00009378730275212136 0.42064268734286164309 
0.00000000099999999990 0.00000000099999999990 0.00000000099999999990 0.00000000099999999990 0.00000000099999999990 0.00000000099999999990 0.47953620770633925696 0.00000000099999999990 0.00000000099999999990 0.00000000099999999990 0.00000000099999999990 0.00000000099999999990 0.00000000099999999990 0.00000000099999999990 0.52046377929366050008 
0.00000000099999999991 0.00000000099999999991 0.00000115596616012753 0.00000000099999999991 0.00000000099999999991 0.00000000099999999991 0.46295356823059813367 0.00000000099999999991 0.00000000099999999991 0.00000000099999999991 0.00000000099999999991 0.00000000099999999991 0.00000000099999999991 0.00000000099999999991 0.53704526380324169033 
0.00060942373309557816 0.02002168345454333198 0.00000000099999999996 0.00000000099999999996 0.00000000099999999996 0.00000000099999999996 0.54880318944870964959 0.00000000099999999996 0.00000000099999999996 0.00000035771174136153 0.04746584474269045784 0.00000000099999999996 0.00000000099999999996 0.00000000099999999996 0.38309949190921971374 
0.01847289865746767554 0.00347384739842962302 0.00000000099999999995 0.00000000099999999995 0.00000000099999999995 0.03950644203363940649 0.46215224338913268864 0.00000000099999999995 0.00000000099999999995 0.00000000099999999995 0.00000000099999999995 0.00000000099999999995 0.00000000099999999995 0.00000000099999999995 0.47639455852133083535 
0.00000000099999999990 0.00000000099999999990 0.00000000099999999990 0.00000000099999999990 0.00000000099999999990 0.00000000099999999990 0.45817673296366151492 0.00000000099999999990 0.00000000099999999990 0.00000000099999999990 0.00000000099999999990 0.00000000099999999990 0.00000000099999999990 0.00000000099999999990 0.54182325403633835315 
0.01138215752650452960 0.00000000099999999995 0.00000000099999999995 0.00000000099999999995 0.00000000099999999995 0.00000000099999999995 0.42796092443730038291 0.00000000099999999995 0.00000000099999999995 0.01589216177268758939 0.00000000099999999995 0.00000000099999999995 0.00000000099999999995 0.00000000099999999995 0.54476474526350726624 
0.00000000099999999992 0.00000000099999999992 0.00000000099999999992 0.00000000099999999992 0.00000000099999999992 0.00000000099999999992 0.79650348961825556682 0.00000000099999999992 0.00000000099999999992 0.00000000099999999992 0.00000000099999999992 0.00000000099999999992 0.00000000099999999992 0.00000000099999999992 0.20349649738174449554 
0.00000000099999999994 0.00000000099999999994 0.00000000099999999994 0.00000000099999999994 0.00000000099999999994 0.00000000099999999994 0.54295549554864119823 0.00000000099999999994 0.00000000099999999994 0.00429033466042617884 0.00000000099999999994 0.00000000099999999994 0.00000000099999999994 0.00000000099999999994 0.45275415779093264312 
0.02349536834202568467 0.05740322786004364158 0.00467986434887157458 0.00000000099999999998 0.05315845840413305906 0.00000000099999999998 0.06224800527695598801 0.00000000099999999998 0.00004295913551018741 0.01759626443907216092 0.02173632721030743092 0.12236508634359788417 0.61129326719386234412 0.02238927770492420491 0.00359189074069575422 
0.00000000099999999996 0.00000000099999999996 0.00656205217768126257 0.00000000099999999996 0.00000000099999999996 0.00000000099999999996 0.00000000099999999996 0.00000000099999999996 0.07058213991093909012 0.00000000099999999996 0.00000000099999999996 0.06395816227569789403 0.75832068355862536357 0.00000000099999999996 0.10057695207705641405 
0.01002100125687951405 0.02672396727959924084 0.03858230835910982093 0.00000000099999999999 0.05856606932601937654 0.01527082902772085478 0.01107874993145136801 0.00000000099999999999 0.22454725640090913985 0.02758427756558652980 0.00000000099999999999 0.14330792913381670828 0.38995181812473628247 0.00000000099999999999 0.05436578959417120993 
0.00000000099999999999 0.00983077402447372038 0.00000000099999999999 0.01748911345974649145 0.00000000099999999999 0.00480905320630568671 0.00000000099999999999 0.00000000099999999999 0.12479284405540930214 0.00000000099999999999 0.00000000099999999999 0.10339393446899512730 0.67586448012471234126 0.06381979266035733844 0.00000000099999999999 
0.00000000099999999997 0.33498573940246367808 0.00000000099999999997 0.00000000099999999997 0.02321812411041209931 0.09429560091837140001 0.19093894681674808411 0.00000000099999999997 0.00000000099999999997 0.04620540156863795628 0.00000000099999999997 0.07718642166881561906 0.00000000099999999997 0.00000000141362960135 0.23316975710092166518 
0.00000000099999999998 0.28083720648477955573 0.00000000099999999998 0.00000000099999999998 0.01165059642599086676 0.11629581118986641319 0.25098983068609231895 0.00000000099999999998 0.01243086621523478708 0.00000000099999999998 0.00000000099999999998 0.06498982373926721900 0.00000000099999999998 0.01938571942539313309 0.24342013883337579316 
0.00000000099999999997 0.25053012022577386686 0.00000000099999999997 0.00000000099999999997 0.00000000099999999997 0.13077623880494423925 0.29053685310701282685 0.00000000099999999997 0.06099146166315536771 0.00000000099999999997 0.00000000099999999997 0.09097951416986320428 0.00000000099999999997 0.01403048109174339503 0.16215532293750720139 
0.00000000099999999998 0.28305068501959229632 0.00214600111005754622 0.00000000099999999998 0.02542130764485825770 0.05313215201333566090 0.30560175714754062026 0.00000000099999999998 0.07885944295621635791 0.00000000099999999998 0.01060920271925615797 0.06598070776352248090 0.00000000099999999998 0.05085694949219064787 0.12434178913342990025 
0.00000000099999999997 0.37356660301626914977 0.00000000099999999997 0.00000000099999999997 0.00000000099999999997 0.08158377549530462791 0.27906979874843190759 0.00000000099999999997 0.01899190392296822710 0.00220840987884741036 0.00182762634929892784 0.06718719661833127965 0.00000000099999999997 0.04627847276510781149 0.12928620720544045652 
0.00000000099999999997 0.25204240772015668037 0.00000000099999999997 0.00000000099999999997 0.04560947862150793036 0.07961532773354440540 0.24630838482498362829 0.00000000099999999997 0.11986061516640646174 0.00001122853516754398 0.00000000099999999997 0.00538012988295032395 0.00000000099999999997 0.04127987249776621931 0.20989254901751669413 
0.00000000099999999975 0.00000000099999999975 0.00000000099999999975 0.00000000099999999975 0.00000000099999999975 0.00000000099999999975 0.00000000099999999975 0.00000000099999999975 0.00000000099999999975 0.00000000099999999975 0.00000000099999999975 0.00000000099999999975 0.00000000099999999975 0.99999998599999995186 0.00000000099999999975 
0.00000000099999999998 0.00000000099999999998 0.02850387550872914011 0.00000000099999999998 0.00000000099999999998 0.02211715673874879023 0.26143086208332372289 0.00000000099999999998 0.39090694530824876551 0.01013337464447857522 0.00000000099999999998 0.13496468234834238520 0.00000000099999999998 0.00000002849126128070 0.15194306787686745475 
0.00000000099999999998 0.00000000099999999998 0.00000000099999999998 0.00000000099999999998 0.00000000099999999998 0.05916929224498660572 0.16498603776076609106 0.00000000099999999998 0.33764742849377682443 0.00000000099999999998 0.03333483413667871764 0.15046317193059677297 0.11110567556091653640 0.00589910908770010199 0.13739444378457849050 
0.00000000099999999998 0.00000000099999999998 0.01212163710470760651 0.00000000099999999998 0.02615098373679324018 0.11506082308995248253 0.20346335893317657462 0.00000000099999999998 0.39970237273289255242 0.00000000099999999998 0.02322234262789036122 0.11910470180980278765 0.00000000099999999998 0.03462581523169333542 0.06654795873309100884 
0.03729769354455057112 0.00000000099999999998 0.00000000099999999998 0.00321131529803923973 0.00923008122622662359 0.15422769151996679193 0.17898786912360326040 0.00000000099999999998 0.38481634535534975372 0.00000000099999999998 0.00971476544397012996 0.10176003042634827744 0.00000000099999999998 0.04861520483422670375 0.07213899822771857595 
0.00000000099999999998 0.07811411580005030164 0.00000000099999999998 0.00748576185203378257 0.00000000099999999998 0.03454908866279543522 0.08053406565056246691 0.00000000099999999998 0.42777257499685805708 0.00000000099999999998 0.01234599114756140814 0.16559471499285458029 0.11747230201605161903 0.01614755839775193838 0.05998382148348052612 
0.00934010218065944170 0.07433290963802813289 0.00765533137407286603 0.00652653314363407355 0.00000000099999999999 0.10243604791566678081 0.09501607049288364470 0.00000000099999999999 0.50269059377081537487 0.00000000099999999999 0.00000000099999999999 0.04676880702322194772 0.00000000099999999999 0.02172809181558426478 0.13350550764543353544 
0.00000000099999999998 0.07739493244000031358 0.00000000099999999998 0.02098836598829332753 0.00000000099999999998 0.06951745638083650647 0.13303830896672066975 0.00000000099999999998 0.42789429322442695813 0.00000000099999999998 0.00868316616898044159 0.10921271976856222752 0.02640442787990541357 0.01380820906722616745 0.11305811511504784694 
0.00000000099999999998 0.08028504378111914197 0.00000000099999999998 0.00000000099999999998 0.05126471714020420373 0.04815879853316297476 0.11282028680493384754 0.00000000099999999998 0.37459805031326343094 0.02318248032329008751 0.03612393401795469666 0.10188226319288114230 0.06587494811044511400 0.02163908950992282643 0.08417038427282245994 
0.00000000099999999998 0.01911910830321195826 0.00000000099999999998 0.00000000099999999998 0.05992466239138236062 0.10972118370153309541 0.15655808220367481431 0.00000000099999999998 0.35658633431586139739 0.00000000099999999998 0.01214294554770537632 0.06528855740101864591 0.05715579731815126352 0.00876421261028878171 0.15473911120717229184 
0.00000000099999999998 0.07029766623962240002 0.00000000099999999998 0.00347084208382377520 0.00000000099999999998 0.00000000099999999998 0.21717994874130641669 0.00000000099999999998 0.44003930106531469191 0.00000000099999999998 0.00000000099999999998 0.12342990375853322982 0.03473906424940367832 0.00452766655939063761 0.10631560030260532590 
0.00639943184083871172 0.03986826397737760347 0.01210937834896183736 0.00948883272903963855 0.02655821452084452736 0.14253253085730085981 0.07021093546375359318 0.00000000099999999999 0.32687663909937669793 0.00000000099999999999 0.05133381952413209465 0.12246185882551383073 0.04307054270753679637 0.00000000099999999999 0.14908954910532373761 
0.00000000099999999999 0.04471838406131017907 0.00000000099999999999 0.00364119951045335051 0.00194992427154220844 0.08607861721927861920 0.15346527036485207995 0.00000000099999999999 0.42311205763208176167 0.02129631341342817091 0.03706570428545434559 0.08300949794387488256 0.02444584123366241174 0.03610796716694707892 0.08510921989711477120 
0.00000000099999999998 0.03434031980951025853 0.00000000099999999998 0.00000000099999999998 0.02869070556596712770 0.07765281913137511705 0.23935380981406131906 0.00000000099999999998 0.39949605833737589222 0.02996983789977162790 0.01978529629847455146 0.06731500488510397395 0.00000000099999999998 0.03405946063012889324 0.06933668262823113049 
0.00000000099999999996 0.08434859151665813348 0.00000000099999999996 0.00000000099999999996 0.03496974974455658441 0.00000000099999999996 0.00000000099999999996 0.00000000099999999996 0.57064442123936687246 0.00000000099999999996 0.00000000099999999996 0.15839835477047375933 0.11314593479800663656 0.03849293893093809482 0.00000000099999999996 
0.00000000099999999998 0.05109656899999438090 0.00000000099999999998 0.00000000099999999998 0.03327410858437591240 0.07710405757089455747 0.30853443471518560148 0.00000000099999999998 0.32558864037996054774 0.00000000099999999998 0.00908197888304394969 0.05116805040736662619 0.05866150253013574511 0.02736499221558862799 0.05812566071345401375 
0.01053865816623983549 0.02909310390439618504 0.04895844250142748072 0.00000000099999999993 0.00000000099999999993 0.03100103811793684244 0.56174983259813282555 0.00000000099999999993 0.00000000099999999993 0.31713132854912967629 0.00152758816273740024 0.00000000099999999993 0.00000000099999999993 0.00000000099999999993 0.00000000099999999993 
0.00000000099999999966 0.00000000099999999966 0.00000000099999999966 0.00000000099999999966 0.00000000099999999966 0.00000000099999999966 0.00000000099999999966 0.00000000099999999966 0.00000000099999999966 0.99999998600000006288 0.00000000099999999966 0.00000000099999999966 0.00000000099999999966 0.00000000099999999966 0.00000000099999999966 
0.00000000099999999962 0.00000000099999999962 0.00000000099999999962 0.00000000099999999962 0.00000000099999999962 0.00000000099999999962 0.00000000099999999962 0.00000000099999999962 0.00000000099999999962 0.99999998600000017390 0.00000000099999999962 0.00000000099999999962 0.00000000099999999962 0.00000000099999999962 0.00000000099999999962 
0.00000000099999999981 0.00000000099999999981 0.00000000099999999981 0.00000000099999999981 0.00000000099999999981 0.00000000099999999981 0.00000000099999999981 0.00000000099999999981 0.00000000099999999981 0.99999998600000017390 0.00000000099999999981 0.00000000099999999981 0.00000000099999999981 0.00000000099999999981 0.00000000099999999981 
0.00000000099999999967 0.00000000099999999967 0.00000000099999999967 0.00000000099999999967 0.00000000099999999967 0.00000000099999999967 0.00000000099999999967 0.00000000099999999967 0.00000000099999999967 0.99999998600000017390 0.00000000099999999967 0.00000000099999999967 0.00000000099999999967 0.00000000099999999967 0.00000000099999999967 
0.00000000099999999964 0.00000000099999999964 0.00000000099999999964 0.00000000099999999964 0.00000000099999999964 0.00000000099999999964 0.00000000099999999964 0.00000000099999999964 0.00000000099999999964 0.99999998600000006288 0.00000000099999999964 0.00000000099999999964 0.00000000099999999964 0.00000000099999999964 0.00000000099999999964 
0.00000000099999999982 0.00000000099999999982 0.00000000099999999982 0.00000000099999999982 0.00000000099999999982 0.00000000099999999982 0.00000000099999999982 0.00000000099999999982 0.00000000099999999982 0.99999998600000017390 0.00000000099999999982 0.00000000099999999982 0.00000000099999999982 0.00000000099999999982 0.00000000099999999982 
0.00000000099999999967 0.00000000099999999967 0.00000000099999999967 0.00000000099999999967 0.00000000099999999967 0.00000000099999999967 0.00000000099999999967 0.00000000099999999967 0.00000000099999999967 0.99999998600000017390 0.00000000099999999967 0.00000000099999999967 0.00000000099999999967 0.00000000099999999967 0.00000000099999999967 
0.00000000099999999991 0.00000000099999999991 0.02553024390940676625 0.00000000099999999991 0.00000000099999999991 0.00000000099999999991 0.17199292867833404497 0.00000000099999999991 0.00000000099999999991 0.80247681541225934776 0.00000000099999999991 0.00000000099999999991 0.00000000099999999991 0.00000000099999999991 0.00000000099999999991 
0.00000000099999999977 0.00000000099999999977 0.00000000099999999977 0.00000000099999999977 0.00000000099999999977 0.00000000099999999977 0.00000000099999999977 0.00000000099999999977 0.00000000099999999977 0.99999998600000017390 0.00000000099999999977 0.00000000099999999977 0.00000000099999999977 0.00000000099999999977 0.00000000099999999977 
0.01518344385344514748 0.01628447269087103175 0.00000000099999999998 0.01669760021566690095 0.00000000099999999998 0.04835544428240906578 0.33847655753428956826 0.00000000099999999998 0.00000000099999999998 0.00000000099999999998 0.00822708869333270594 0.00000000099999999998 0.00000000099999999998 0.00000000099999999998 0.55677538472998533425 
0.00000000099999999993 0.01381971838414695550 0.00000000099999999993 0.00594633851485264035 0.00000000099999999993 0.00000000099999999993 0.32741590871730630319 0.00000000099999999993 0.00000000099999999993 0.00000000099999999993 0.01729896919449933415 0.00000000099999999993 0.00000000099999999993 0.00000000099999999993 0.63551905518919449278 
0.00000004759034195921 0.07800259920669531943 0.00000000099999999998 0.00213348453240608379 0.00000000099999999998 0.00000000099999999998 0.77419454781003005372 0.00000000099999999998 0.07640519744964904825 0.06926411441087762522 0.00000000099999999998 0.00000000099999999998 0.00000000099999999998 0.00000000099999999998 0.00000000099999999998 
0.00000000099999999992 0.01941878995358553572 0.00000000099999999992 0.00000000099999999992 0.00000000099999999992 0.00000000099999999992 0.87039192615305605027 0.00000000099999999992 0.00000000099999999992 0.11018927189335864236 0.00000000099999999992 0.00000000099999999992 0.00000000099999999992 0.00000000099999999992 0.00000000099999999992 
0.04063112649829015571 0.01766592241097938998 0.00315762031522315214 0.00000000099999999997 0.00000000099999999997 0.00000000099999999997 0.78690728779400853643 0.00000000099999999997 0.02885199557773312704 0.09023567419612964213 0.03255036520763596175 0.00000000099999999997 0.00000000099999999997 0.00000000099999999997 0.00000000099999999997 
0.02443281328897617399 0.03293807056812256967 0.00000000099999999993 0.00000000099999999993 0.00000000099999999993 0.00000000099999999993 0.84770148944613443742 0.00000000099999999993 0.00000000099999999993 0.09492761569676687328 0.00000000099999999993 0.00000000099999999993 0.00000000099999999993 0.00000000099999999993 0.00000000099999999993 
0.00000000099999999990 0.02123328425819027282 0.00000000099999999990 0.00000000099999999990 0.00000000099999999990 0.00000000099999999990 0.97876670274180999076 0.00000000099999999990 0.00000000099999999990 0.00000000099999999990 0.00000000099999999990 0.00000000099999999990 0.00000000099999999990 0.00000000099999999990 0.00000000099999999990 
0.01375997459146747169 0.04015646152121991191 0.00000000099999999990 0.00000000099999999990 0.00000000099999999990 0.00000000099999999990 0.87493117480439697164 0.00000000099999999990 0.00000000099999999990 0.07115237808291577370 0.00000000099999999990 0.00000000099999999990 0.00000000099999999990 0.00000000099999999990 0.00000000099999999990 
0.00000000099999999995 0.04113750208853752394 0.00000000099999999995 0.00035174425264971194 0.00000000099999999995 0.00000000099999999995 0.95851074165881300360 0.00000000099999999995 0.00000000099999999995 0.00000000099999999995 0.00000000099999999995 0.00000000099999999995 0.00000000099999999995 0.00000000099999999995 0.00000000099999999995 
0.00000000099999999991 0.04342861158190691739 0.00000000099999999991 0.00000000099999999991 0.00000000099999999991 0.00000000099999999991 0.92659870566013635695 0.00000000099999999991 0.00000000099999999991 0.02997267075795683258 0.00000000099999999991 0.00000000099999999991 0.00000000099999999991 0.00000000099999999991 0.00000000099999999991 
0.02080974467190967181 0.00000000099999999988 0.00000000099999999988 0.00000000099999999988 0.00000000099999999988 0.00000000099999999988 0.91094841381807378777 0.00000000099999999988 0.00000000099999999988 0.06824182951001650510 0.00000000099999999988 0.00000000099999999988 0.00000000099999999988 0.00000000099999999988 0.00000000099999999988 
0.00000000099999999989 0.00000000099999999989 0.00000000099999999989 0.00000000099999999989 0.00000000099999999989 0.00000000099999999989 0.94402013731489742288 0.00000000099999999989 0.00000000099999999989 0.05597984968510260478 0.00000000099999999989 0.00000000099999999989 0.00000000099999999989 0.00000000099999999989 0.00000000099999999989 
