0.00000000099999999996 0.00000000099999999996 0.00000000099999999996 0.00000000099999999996 0.00000000099999999996 0.00000000099999999996 0.00000000099999999996 0.00000000099999999996 0.00000000099999999996 0.00000000099999999996 0.00000000099999999996 0.99999998899999997803 
0.00000000099999999990 0.00000000099999999990 0.00000000099999999990 0.00000000099999999990 0.00000000099999999990 0.00000000099999999990 0.00000000099999999990 0.00000000099999999990 0.00000000099999999990 0.00000000099999999990 0.00000000099999999990 0.99999998899999997803 
0.00000000099999999994 0.00000000099999999994 0.00000000099999999994 0.00000000099999999994 0.00000000099999999994 0.00000000099999999994 0.00000000099999999994 0.00000000099999999994 0.00000000099999999994 0.00000000099999999994 0.00000000099999999994 0.99999998900000008906 
0.00000000099999999989 0.00000000099999999989 0.00000000099999999989 0.00000000099999999989 0.00000000099999999989 0.00000000099999999989 0.00000000099999999989 0.00000000099999999989 0.00000000099999999989 0.00000000099999999989 0.00000000099999999989 0.99999998900000008906 
0.00000000099999999993 0.00000000099999999993 0.00000000099999999993 0.00000000099999999993 0.00000000099999999993 0.00000000099999999993 0.00000000099999999993 0.00000000099999999993 0.00000000099999999993 0.00000000099999999993 0.00000000099999999993 0.99999998899999997803 
0.00000000099999999998 0.00000000099999999998 0.00000000099999999998 0.00000000099999999998 0.00000000099999999998 0.00000000099999999998 0.00000000099999999998 0.00000000099999999998 0.00000000099999999998 0.03072104584428866914 0.00438078372122800187 0.96489816143448325914 
0.00000000099999999996 0.00000000099999999996 0.00000000099999999996 0.00000000099999999996 0.00000000099999999996 0.01211323745919102093 0.00000000099999999996 0.00000000099999999996 0.00000000099999999996 0.00000000099999999996 0.00000000099999999996 0.98788675254080893229 
0.04254709906410736320 0.00000000099999999998 0.00000000099999999998 0.00000000099999999998 0.02789057795196732067 0.07043295721132150633 0.00000000099999999998 0.00000000099999999998 0.00145130047428347338 0.02028951467566818961 0.00000000099999999998 0.83738854462265222001 
0.00000000099999999994 0.00000000099999999994 0.00000000099999999994 0.00000000099999999994 0.00000000099999999994 0.00000000099999999994 0.00000000099999999994 0.00000000099999999994 0.00000000099999999994 0.00000000099999999994 0.00000000099999999994 0.99999998900000008906 
0.00000000099999999998 0.00000000099999999998 0.00000000099999999998 0.00000000099999999998 0.02460085574058035532 0.05314434127841290850 0.00000000787383139795 0.00000000099999999998 0.00000000314749931078 0.02452315737212837354 0.00000000099999999998 0.89773162858754773641 
0.00000000099999999992 0.00000000099999999992 0.00000000099999999992 0.00000000099999999992 0.00000000099999999992 0.00000000099999999992 0.00000000099999999992 0.00000000099999999992 0.00000000099999999992 0.00000000099999999992 0.00000000099999999992 0.99999998900000008906 
0.00000000099999999994 0.00000000099999999994 0.00000000099999999994 0.00000000099999999994 0.00000000099999999994 0.00000000099999999994 0.00000000099999999994 0.00000000099999999994 0.00000000099999999994 0.00000000099999999994 0.00000000099999999994 0.99999998900000008906 
0.00000000099999999996 0.00000000099999999996 0.01073421590178276833 0.00000000099999999996 0.00766618412548131581 0.00000000099999999996 0.00000000099999999996 0.00000000099999999996 0.00000000099999999996 0.00000000099999999996 0.00000000099999999996 0.98159959097273585815 
0.00000000099999999997 0.60145730447973311250 0.00444360196085456013 0.00000000099999999997 0.02085019791758446761 0.00000000099999999997 0.26180519026684923034 0.08838855494015483705 0.00000000099999999997 0.02305514443482394385 0.00000000099999999997 0.00000000099999999997 
0.00000000099999999998 0.48741166935947910499 0.00000000099999999998 0.00000000099999999998 0.02412625296674370673 0.00000000099999999998 0.27568277780595873416 0.12996144221584585154 0.00000109543447371243 0.00000000099999999998 0.05534776534857230312 0.02746899186892655387 
0.00000000099999999998 0.50256298029884249878 0.00677363657294923968 0.00000000099999999998 0.02270019206469760589 0.00000000099999999998 0.33989762259645756037 0.12671820148642998216 0.00000000099999999998 0.00132357457390534436 0.00002378740671786072 0.00000000099999999998 
0.00000000099999999999 0.38526796213348973863 0.02910621850995625051 0.00000000099999999999 0.03672569408701994997 0.00000000099999999999 0.27350431399323771320 0.20937158785169604491 0.00000000099999999999 0.00894304399853761145 0.00033529439757723885 0.05674588102848523302 
0.00000000099999999997 0.52873316850026297331 0.00000000099999999997 0.00000000099999999997 0.00000646820257701226 0.00000000099999999997 0.31700044145392919370 0.12092056074960205736 0.00000000099999999997 0.00000283394044283373 0.01162802650952093550 0.02170849564366504961 
0.00000000099999999998 0.47152797931866918812 0.00000628090440471068 0.00000000099999999998 0.02834649464051987311 0.00000000099999999998 0.30531963325378430607 0.11328431771072258738 0.00000000099999999998 0.00134395532852121346 0.02089474992355560418 0.05927658491982234351 
0.00000000099999999998 0.46880850368293996988 0.06664427426110321184 0.00000000099999999998 0.01517613391496179173 0.00000000099999999998 0.28936665078267514994 0.12643209640133606930 0.00000000099999999998 0.00000000099999999998 0.00000000099999999998 0.03357233495698400128 
0.00000000099999999998 0.45435190748588544229 0.00000000099999999998 0.02379046072825242650 0.02697348997650968541 0.00000000099999999998 0.30360426055315964389 0.10866148018482854609 0.00214578802644354097 0.01098664894044078244 0.00000000099999999998 0.06948596010447991023 
0.00000000099999999998 0.41982907797748053591 0.00840805710249894166 0.00000000099999999998 0.01865718693173326267 0.00000000099999999998 0.42548623337596674920 0.07779089126019617106 0.00443954163200114930 0.00006594590258494845 0.00000000099999999998 0.04532306181753802121 
0.00000000099999999997 0.49734948764981656844 0.02361067890426566535 0.00000000099999999997 0.00928483042138853257 0.00000000099999999997 0.32066661317710692947 0.09584696977255623140 0.00000000099999999997 0.03395149514435734373 0.01928991993050867618 0.00000000099999999997 
0.00002389917509449867 0.40079178439150975333 0.01431125894963130619 0.00190920609094246134 0.00728822609433698882 0.00000000099999999999 0.31496129925692784024 0.14771610007259422526 0.00000000099999999999 0.03936471031155115707 0.00912920392907020685 0.06450430972834143850 
0.00793920158722191335 0.41583339716769246452 0.06137048554828142266 0.00000000099999999998 0.02097791252636637543 0.00000000099999999998 0.39372891594446340902 0.06907080242628750588 0.00000327099854411153 0.00000192214306587574 0.00000000099999999998 0.03107408865807690518 
0.00000000099999999998 0.44823616922077536007 0.04013270790879800570 0.00000000099999999998 0.00446310175882780064 0.00000000099999999998 0.31907178177254291729 0.10383645113816954153 0.00000007871639390731 0.02477945418566509725 0.03658508653040334901 0.02289516576842388212 
0.00000000099999999998 0.34430964058548452211 0.02212975811364201878 0.00000000099999999998 0.03679043852720392804 0.00000000099999999998 0.40494306146190744977 0.06006735182421640840 0.02133240873678378738 0.01832824079945094553 0.01619876042517652895 0.07590033652613413506 
0.00000000099999999998 0.43325080501319856996 0.05125740767493873473 0.00000000099999999998 0.00368700252896007278 0.00000000099999999998 0.31882718458927994387 0.15736131573279227291 0.00000008610539763407 0.00549669610329057805 0.03011949541122262153 0.00000000384091960180 
0.00000000099999999997 0.54257448464580637637 0.01477083336827751149 0.00000000099999999997 0.02255759253454973218 0.00000000099999999997 0.26488611288207813965 0.13795174753346584051 0.00000000099999999997 0.01725922303582256429 0.00000000099999999997 0.00000000099999999997 
0.00000000099999999996 0.43342893747505911728 0.00000000099999999996 0.00000000099999999996 0.00000000099999999996 0.00000000099999999996 0.55543326434559514571 0.00000000099999999996 0.00000000099999999996 0.00000000099999999996 0.01113778917934560644 0.00000000099999999996 
0.00000000099999999991 0.55144402362684508123 0.00000000099999999991 0.00000000099999999991 0.00000000099999999991 0.00000000099999999991 0.44855596637315514608 0.00000000099999999991 0.00000000099999999991 0.00000000099999999991 0.00000000099999999991 0.00000000099999999991 
0.00000000099999999997 0.50925378561028666891 0.04285023387137950474 0.00000035216926230471 0.00000000099999999997 0.00000000099999999997 0.44789558998340389673 0.00000000099999999997 0.00000003136566781444 0.00000000099999999997 0.00000000099999999997 0.00000000099999999997 
0.00000009622230169814 0.42324869347708310441 0.00708246774292957491 0.00000000099999999996 0.00000000099999999996 0.00000000099999999996 0.53372355756584066722 0.01210468445411668793 0.00000000099999999996 0.00000000099999999996 0.02384049453772817476 0.00000000099999999996 
0.00000000099999999994 0.43742898617744219170 0.02288456307197435022 0.00000000099999999994 0.00000000099999999994 0.00000000099999999994 0.50216319652836072240 0.00000000099999999994 0.00000000099999999994 0.03752324622222272255 0.00000000099999999994 0.00000000099999999994 
0.01497861269790781366 0.43793032130754611098 0.01087223220818174171 0.01160815629227053558 0.00056328159157743407 0.00000000099999999998 0.51358618293727109627 0.01046113633033817977 0.00000000099999999998 0.00000000099999999998 0.00000007263490701017 0.00000000099999999998 
0.00000000099999999991 0.55071824712597872153 0.00000000099999999991 0.00000000099999999991 0.00000000099999999991 0.00000000099999999991 0.44928174287402156128 0.00000000099999999991 0.00000000099999999991 0.00000000099999999991 0.00000000099999999991 0.00000000099999999991 
0.00000000099999999998 0.43192595602619643369 0.03090231865263921157 0.00380652024792675408 0.00000000099999999998 0.00000000099999999998 0.52869698991526381526 0.00000000099999999998 0.00382847412724644830 0.00083973503072742438 0.00000000099999999998 0.00000000099999999998 
0.00000000099999999995 0.37660461920917837064 0.00000000099999999995 0.00000000099999999995 0.00000000099999999995 0.00000000099999999995 0.61565223513415623380 0.00774313665666534652 0.00000000099999999995 0.00000000099999999995 0.00000000099999999995 0.00000000099999999995 
0.00000000099999999996 0.51928439448485175234 0.01849188064473971174 0.00000029599985164945 0.00000000099999999996 0.00000000099999999996 0.45037553980820993482 0.00057259961133225297 0.00000000099999999996 0.00000000099999999996 0.01127528345101493773 0.00000000099999999996 
0.00000000099999999983 0.00000000099999999983 0.00000000099999999983 0.00000000099999999983 0.00000000099999999983 0.00000000099999999983 0.99999998899999997803 0.00000000099999999983 0.00000000099999999983 0.00000000099999999983 0.00000000099999999983 0.00000000099999999983 
0.00000000099999999996 0.46660305135369839480 0.03994179619134934772 0.00000000099999999996 0.00000000099999999996 0.00000000099999999996 0.47018804928811896993 0.00000000099999999996 0.00000000099999999996 0.02326709516683340279 0.00000000099999999996 0.00000000099999999996 
0.00000000099999999993 0.47153000388190208225 0.00000008144992980268 0.00000000099999999993 0.00000000099999999993 0.00000000099999999993 0.52846990566816798296 0.00000000099999999993 0.00000000099999999993 0.00000000099999999993 0.00000000099999999993 0.00000000099999999993 
0.00000000099999999996 0.50515274147209576761 0.01295249880591054642 0.00000000099999999996 0.00849953709445151750 0.00000000099999999996 0.47339521462754247105 0.00000000099999999996 0.00000000099999999996 0.00000000099999999996 0.00000000099999999996 0.00000000099999999996 
0.00000000099999999997 0.46670319330891740783 0.03361603532080318507 0.00349753865896860984 0.01132605105060468902 0.00000000099999999997 0.46926686345875084916 0.00910797596556211370 0.00001420386128358880 0.00646813437510960695 0.00000000099999999997 0.00000000099999999997 
0.00000000099999999996 0.46187425454196429087 0.00000000099999999996 0.00000000099999999996 0.00369387348945014477 0.00000000099999999996 0.52121384122215519419 0.01321802274643046372 0.00000000099999999996 0.00000000099999999996 0.00000000099999999996 0.00000000099999999996 
0.00000000099999999996 0.41131701929866415490 0.01577195886293682181 0.00000000099999999996 0.00000000099999999996 0.00000000099999999996 0.57291097333491292076 0.00000000099999999996 0.00000000099999999996 0.00000004050348604190 0.00000000099999999996 0.00000000099999999996 
0.09377384968366353490 0.00539353024354781788 0.02502924111805516355 0.00000000099999999997 0.00000000099999999997 0.00000000099999999997 0.81213937441607864098 0.00000000099999999997 0.00000086975012903508 0.00000000099999999997 0.00000000099999999997 0.06366312878852603552 
0.00000000099999999999 0.02096956165152319071 0.00000000099999999999 0.00000000099999999999 0.00000000099999999999 0.30641452690292769745 0.05698202733039737372 0.01417387585458361986 0.08602134061883626170 0.33488440286015169756 0.08682652453150678518 0.09372773625007344012 
0.00000000099999999997 0.00000000099999999997 0.00000012428068114175 0.00000000099999999997 0.00000000099999999997 0.32460573136314091469 0.12049673078939129867 0.00000730176988684006 0.11889806910995096012 0.34327160138269130485 0.09272043630425746974 0.00000000099999999997 
0.00000000099999999997 0.00000000099999999997 0.00057965817619868090 0.00000000099999999997 0.00000000099999999997 0.35034683521402160133 0.03712748663372188868 0.03700358522309788595 0.13135925003676274248 0.34821642235038013924 0.09536675736581702589 0.00000000099999999997 
0.00000000099999999998 0.00000000099999999998 0.02525436348521414853 0.00000000099999999998 0.00000000099999999998 0.31198142644465215456 0.00016565236155759890 0.07977192326036995629 0.14290295340810124647 0.33642599342609247337 0.10349768261401225133 0.00000000099999999998 
0.00000000099999999998 0.00000000099999999998 0.00000000099999999998 0.00000000099999999998 0.00000000099999999998 0.35826777025070577487 0.05175138036007494863 0.03655308784248695320 0.15389911119605059753 0.29461374027613562721 0.10491490407454612255 0.00000000099999999998 
0.00000000099999999999 0.01369922582052997273 0.00860846477958275222 0.00000000099999999999 0.00000000560122335645 0.31489209486471486654 0.02212438614046377885 0.00000000099999999999 0.17799655042652565151 0.34125441093959474337 0.12142485742736476573 0.00000000099999999999 
0.00000000099999999998 0.00000000099999999998 0.03855810084400394105 0.00000000099999999998 0.00745946954221930834 0.30340443664449995298 0.05034050626338507778 0.01183524678131315892 0.09639632581974194592 0.34283400449337514404 0.08092949895561343809 0.06824240765584804747 
0.01329933127271181771 0.01853915868347520007 0.00000000099999999999 0.00000000099999999999 0.00743895974217589039 0.25992104072890737099 0.04485261552714722710 0.05353278222157745181 0.13790382584908666974 0.32871375051587831129 0.13579853245903988901 0.00000000099999999999 
0.00000000099999999999 0.00000000099999999999 0.00000000099999999999 0.00000000099999999999 0.00000000099999999999 0.30392861933685133558 0.01645854052830839076 0.07491483955245065163 0.15392903607069355343 0.32916675308551301971 0.12160220542618309369 0.00000000099999999999 
0.00000000099999999999 0.00000284672024657816 0.00000000099999999999 0.00000000099999999999 0.02054389861899190775 0.35096927162302837822 0.05324262743969425393 0.00000000099999999999 0.10089539896043388245 0.35105155947544502970 0.09526130989709043206 0.02803308326506947015 
0.02674578325906182621 0.19752904595690123912 0.00000015804482611437 0.00000000099999999997 0.00000000099999999997 0.00000000099999999997 0.76387490429734639097 0.00576862147632179519 0.00000000099999999997 0.00000000099999999997 0.00608148096554265213 0.00000000099999999997 
0.04405495192125475495 0.03727499599163244803 0.01586977618626743414 0.00000000099999999997 0.00000000099999999997 0.00000000099999999997 0.82772131289025807632 0.03774774721828865615 0.00000000099999999997 0.00000000442337617018 0.03733120636892251626 0.00000000099999999997 
0.00000000099999999995 0.12345545589904430295 0.00004634870810054168 0.00000000099999999995 0.00000000099999999995 0.00000000099999999995 0.84138016383228331208 0.03511802356057186492 0.00000000099999999995 0.00000000099999999995 0.00000000099999999995 0.00000000099999999995 
0.00000000099999999996 0.09142218284415509766 0.00000000099999999996 0.00000000099999999996 0.00944800557867745902 0.00000000099999999996 0.84077684643360528494 0.05835295714356231178 0.00000000099999999996 0.00000000099999999996 0.00000000099999999996 0.00000000099999999996 
0.01677262881308335882 0.05429831313844461771 0.07361127244864794361 0.00000000099999999998 0.00000000099999999998 0.00000000099999999998 0.77746357313875347206 0.06196767420159256939 0.00000000099999999998 0.01418086330903710508 0.00170566995044092577 0.00000000099999999998 
0.00000000979549484185 0.14570622495613641534 0.00000000099999999997 0.00146792283239292757 0.00000000099999999997 0.00000000099999999997 0.77506453806908481852 0.05248340540481775257 0.00000000099999999997 0.00310612292282943245 0.02217177101924401941 0.00000000099999999997 
0.01034020438121919724 0.12496468050585435305 0.00000000099999999995 0.00000000099999999995 0.00000000099999999995 0.00000000099999999995 0.86141815950850186834 0.00000000099999999995 0.00000000099999999995 0.00327694760442464976 0.00000000099999999995 0.00000000099999999995 
0.00000000099999999998 0.15205946888500482261 0.02112191726351553972 0.00415754433272423271 0.00000000099999999998 0.00000000099999999998 0.77956788893773731886 0.00752759916429561471 0.00000000099999999998 0.01156092165354481380 0.02400465476317760471 0.00000000099999999998 
0.00000000099999999996 0.00000000099999999996 0.00839075712363882530 0.00000000099999999996 0.00000000099999999996 0.00000000099999999996 0.96185561351892978621 0.02857448721321935795 0.00000000099999999996 0.00117913414421196082 0.00000000099999999996 0.00000000099999999996 
0.00000000099999999996 0.11483373390438011974 0.00000000099999999996 0.00000000099999999996 0.00000000099999999996 0.00000000099999999996 0.82042144560182495017 0.04465525890221013622 0.00000000099999999996 0.02008955359158476686 0.00000000099999999996 0.00000000099999999996 
0.03152145474389897450 0.14081432981983246777 0.02360610242358737731 0.00000000099999999998 0.00479695290051503163 0.00000000099999999998 0.04067226881946525707 0.05460327758521911490 0.06493460110718876632 0.02878509384184140332 0.02162872577177836486 0.58863719098667321994 
0.00000000099999999997 0.24617503994844922022 0.00000000099999999997 0.00000000099999999997 0.01385209886323005533 0.00000000099999999997 0.00000007482117023114 0.00000000099999999997 0.00000000099999999997 0.02017864286924724720 0.00000000099999999997 0.71979413649790313645 
0.00000000099999999999 0.25623776270614656569 0.02764683444790645359 0.00000000099999999999 0.04071534505135180476 0.00000000099999999999 0.10240018064366622486 0.04825887062092086566 0.05886453811294361377 0.03461311010182856890 0.01217521962498176874 0.41908813569025410439 
0.06917102401504347797 0.15520678730649384303 0.00000000099999999999 0.01780498618131396912 0.00061583151966636740 0.00000000099999999999 0.03274452157845645500 0.02927378991226080654 0.00000000099999999999 0.00000000099999999999 0.00000000099999999999 0.69518305448676498415 
0.00514454219444032863 0.19642995987764458321 0.00000000099999999997 0.00000000099999999997 0.00000000099999999997 0.00000000099999999997 0.37390333633623407117 0.35929549588693315831 0.02120706643190009913 0.04401959327284764301 0.00000000099999999997 0.00000000099999999997 
0.02711001992272995750 0.17697412942424178839 0.00000000099999999998 0.00000000099999999998 0.00000000099999999998 0.00000000099999999998 0.45694685455722200418 0.32228512793940083947 0.01666696004230905359 0.00001690211409644220 0.00000000099999999998 0.00000000099999999998 
0.02924534998847191578 0.17636129024206667615 0.00000000099999999997 0.00000000099999999997 0.00000000099999999997 0.00000000099999999997 0.47757316348187955901 0.28891401663233762243 0.02790617265524424767 0.00000000099999999997 0.00000000099999999997 0.00000000099999999997 
0.05200982403951344424 0.16489326582694102674 0.02269603483642345168 0.00000000099999999998 0.00674156106631677941 0.00000000099999999998 0.42639264215955507975 0.30317488792446817270 0.02374747015551659582 0.00034430999126531023 0.00000000099999999998 0.00000000099999999998 
0.05140142422623313057 0.13445179121764588848 0.01050504643291718873 0.00000000099999999996 0.00000000099999999996 0.00000000099999999996 0.40582239846728812571 0.38828128386893151491 0.00000000099999999996 0.00953804978698430568 0.00000000099999999996 0.00000000099999999996 
0.04066464160128497457 0.16824236858667077077 0.00000000099999999998 0.00000000099999999998 0.00000000099999999998 0.00000000099999999998 0.45147266790074919163 0.28646603650768942551 0.04640940438980245553 0.00674487386023693916 0.00000000215356617460 0.00000000099999999998 
0.99999998900000031110 0.00000000099999999980 0.00000000099999999980 0.00000000099999999980 0.00000000099999999980 0.00000000099999999980 0.00000000099999999980 0.00000000099999999980 0.00000000099999999980 0.00000000099999999980 0.00000000099999999980 0.00000000099999999980 
0.00381163788680423951 0.40797682447863770072 0.00891939453118237822 0.01017950844890293596 0.03490015333979479967 0.00000000099999999999 0.46629739154404076240 0.03685882183784747190 0.00000000099999999999 0.02706209499290496839 0.00399416993988479727 0.00000000099999999999 
0.01100742537862529034 0.38088587461980200066 0.07064269246002902181 0.00045937469363826371 0.00000000099999999998 0.00000000099999999998 0.36210959452727614627 0.04379058254275194212 0.00000000099999999998 0.00000000099999999998 0.00000000099999999998 0.13110445077787749590 
0.03556808197675776634 0.35597455331049376870 0.06038466171443589159 0.00000000099999999998 0.00941740503219915155 0.00000000099999999998 0.42736082303793077042 0.05024954061595097304 0.05021471822474612295 0.00085206196281392796 0.00000000099999999998 0.00997815112467179306 
0.05441327148856069107 0.33634267678194146312 0.05613961136534747348 0.00772223417755900452 0.00000000099999999999 0.00000000099999999999 0.45790090566121938176 0.01464627640425871999 0.02218703276465548019 0.00000000099999999999 0.05061165246696974068 0.00003633588948790806 
0.01852070969016378008 0.41380813480325429055 0.04001557162797731576 0.00551288806026825184 0.00000000099999999998 0.00000000099999999998 0.23092556453100354652 0.13034933060178086062 0.00000000099999999998 0.01075015136885824028 0.00000000099999999998 0.15011764531669363754 
0.02321775784461856465 0.35803640120184809792 0.02122122075833532406 0.00773027717812597732 0.01142905926323438404 0.00000000100000000000 0.37578848116334290230 0.15775600829333852326 0.00000000100000000000 0.00590999540094654021 0.01765017895758518723 0.02126061793862471169 
0.01160076792824633538 0.37849369154808487625 0.04701867250892621808 0.02076684363527617552 0.00000000099999999998 0.00000000099999999998 0.34724431915298581419 0.14075385061873668668 0.00000000099999999998 0.00000000099999999998 0.00000000099999999998 0.05412184960774393816 
0.01985071576512522501 0.34178666576740340810 0.06760967959457522825 0.00000000099999999998 0.00004667919555012444 0.00000000099999999998 0.26490370815802033455 0.12848497520527438209 0.05771973661060466471 0.04372880894350192338 0.00000000099999999998 0.07586902775994469605 
0.00890500096397101211 0.31564157212633198180 0.05146415982679612006 0.00000000099999999998 0.00000000099999999998 0.00000000099999999998 0.40435791467074466699 0.07878978824019082505 0.06249376516875883997 0.00000000099999999998 0.00673710260816297053 0.07161069239504365413 
0.01029639856695775332 0.37695258369801426523 0.00717217461144283551 0.00502699714645470953 0.00000000099999999999 0.00000000099999999999 0.39456535631275463372 0.12930097305321350265 0.00000030736857626475 0.00000000099999999999 0.00000000099999999999 0.07668520524258605475 
0.00000074787671176244 0.35153693127325574830 0.10035903263434141353 0.01048736655406248830 0.01633369656414295282 0.00000000099999999999 0.32968980462433444822 0.09010246224182751063 0.02857187119046798729 0.00000000099999999999 0.01259777721519405973 0.06032030782566148025 
0.02965146768419303289 0.35373038545422619272 0.07627152996192790302 0.00491561449587323267 0.00000149931092090019 0.00000000099999999999 0.35349138322916828781 0.10001887247791559077 0.00024986417547085332 0.02995044452737115337 0.00000004210937662989 0.05171889557355624500 
0.03631607957458028724 0.31053616531952671354 0.05073060803757336451 0.00000000099999999999 0.00064571156096435687 0.00000000099999999999 0.42943089767386954936 0.09459157614528128366 0.03233366535987572399 0.04541529232832858948 0.00000000099999999999 0.00000000099999999999 
0.03998052378135203561 0.44971886474321676186 0.00599296825249060611 0.00812867729307252540 0.00000000099999999998 0.00000000099999999998 0.07787839260125006824 0.20106832022568799090 0.03626677877964797764 0.01288627441537981699 0.00000000099999999998 0.16807919690790235068 
0.02167185659402089473 0.25571660225528825006 0.03544763280695144292 0.00000000099999999999 0.00001950127101521466 0.00000000099999999999 0.48220782046587423730 0.08962621905338288841 0.03046818379872339236 0.00291551861601993187 0.00000000099999999999 0.08192666213872380754 
0.00000000099999999994 0.00000000099999999994 0.00001211007471506289 0.00000000099999999994 0.05107042316896360373 0.00000000099999999994 0.58448625647272789418 0.02792663168595388434 0.00000000099999999994 0.32129654649065908512 0.01520802610698059922 0.00000000099999999994 
0.00000000099999999973 0.00000000099999999973 0.00000000099999999973 0.00000000099999999973 0.00000000099999999973 0.00000000099999999973 0.00000000099999999973 0.00000000099999999973 0.00000000099999999973 0.99999998900000008906 0.00000000099999999973 0.00000000099999999973 
0.00000000099999999970 0.00000000099999999970 0.00000000099999999970 0.00000000099999999970 0.00000000099999999970 0.00000000099999999970 0.00000000099999999970 0.00000000099999999970 0.00000000099999999970 0.99999998900000008906 0.00000000099999999970 0.00000000099999999970 
0.00000000099999999984 0.00000000099999999984 0.00000000099999999984 0.00000000099999999984 0.00000000099999999984 0.00000000099999999984 0.00000000099999999984 0.00000000099999999984 0.00000000099999999984 0.99999998899999997803 0.00000000099999999984 0.00000000099999999984 
0.00000000099999999973 0.00000000099999999973 0.00000000099999999973 0.00000000099999999973 0.00000000099999999973 0.00000000099999999973 0.00000000099999999973 0.00000000099999999973 0.00000000099999999973 0.99999998899999997803 0.00000000099999999973 0.00000000099999999973 
0.00000000099999999971 0.00000000099999999971 0.00000000099999999971 0.00000000099999999971 0.00000000099999999971 0.00000000099999999971 0.00000000099999999971 0.00000000099999999971 0.00000000099999999971 0.99999998899999997803 0.00000000099999999971 0.00000000099999999971 
0.00000000099999999985 0.00000000099999999985 0.00000000099999999985 0.00000000099999999985 0.00000000099999999985 0.00000000099999999985 0.00000000099999999985 0.00000000099999999985 0.00000000099999999985 0.99999998900000008906 0.00000000099999999985 0.00000000099999999985 
0.00000000099999999974 0.00000000099999999974 0.00000000099999999974 0.00000000099999999974 0.00000000099999999974 0.00000000099999999974 0.00000000099999999974 0.00000000099999999974 0.00000000099999999974 0.99999998900000008906 0.00000000099999999974 0.00000000099999999974 
0.00000000099999999992 0.00000000099999999992 0.00000000099999999992 0.00000000099999999992 0.02447575711369114060 0.00000000099999999992 0.17032996733423438895 0.00000000099999999992 0.00000000099999999992 0.80519426655207437804 0.00000000099999999992 0.00000000099999999992 
0.00000000099999999981 0.00000000099999999981 0.00000000099999999981 0.00000000099999999981 0.00000000099999999981 0.00000000099999999981 0.00000000099999999981 0.00000000099999999981 0.00000000099999999981 0.99999998899999997803 0.00000000099999999981 0.00000000099999999981 
0.00160900137413227755 0.22534781500316825031 0.03953467375679043522 0.01573660143814485657 0.00000000099999999998 0.00000000099999999998 0.65208328757547029397 0.04358067823869349322 0.00000000099999999998 0.00000000099999999998 0.02210793761360023077 0.00000000099999999998 
0.00000000099999999995 0.22453587521107334912 0.03675557038911091146 0.00454354917827919265 0.00000000099999999995 0.00000000099999999995 0.67032770426961274524 0.06383689567524253317 0.00000000099999999995 0.00000000099999999995 0.00000039927668114945 0.00000000099999999995 
0.00000000099999999998 0.00000000099999999998 0.00000000099999999998 0.00073680132603147703 0.00000000099999999998 0.00000000099999999998 0.79292642726858209024 0.07959067949729431435 0.00000229033980585046 0.09002702818085125958 0.00000000317371023290 0.03671676521372469609 
0.00000000099999999995 0.00000000099999999995 0.00000000099999999995 0.00000000099999999995 0.00000000099999999995 0.00000000099999999995 0.82171679447890000336 0.02571099664731308840 0.00000000099999999995 0.15257219987378700665 0.00000000099999999995 0.00000000099999999995 
0.00000000099999999998 0.00000000099999999998 0.02349091865682160704 0.00001047187720018918 0.00000000099999999998 0.00000000099999999998 0.78158218599957440809 0.02737702988836168347 0.00000000099999999998 0.12523450451282752693 0.04230488306521469621 0.00000000099999999998 
0.00000000099999999994 0.00000000099999999994 0.00000000099999999994 0.00000000099999999994 0.00000000099999999994 0.00000000099999999994 0.80907507598516714697 0.04081740155549610366 0.00000000099999999994 0.12116739949905810936 0.02894011496027841177 0.00000000099999999994 
0.00000000099999999993 0.00000000099999999993 0.00000000099999999993 0.00000000099999999993 0.00000000099999999993 0.00000000099999999993 0.92458614170250896791 0.03004119673705418769 0.00000000099999999993 0.02428296963031556857 0.02108968393012125575 0.00000000099999999993 
0.00000000099999999994 0.00000000099999999994 0.00000000099999999994 0.00000000099999999994 0.00000000099999999994 0.00000000099999999994 0.82404317469452181832 0.04265805726692340621 0.00000000099999999994 0.10551383267769652574 0.02778492736085811168 0.00000000099999999994 
0.00000000099999999997 0.00000000099999999997 0.00000000099999999997 0.00104825826316553650 0.00000000099999999997 0.00000000099999999997 0.92307711094763122972 0.04791122729531172714 0.00000000099999999997 0.02311375394732279390 0.00484964254656861278 0.00000000099999999997 
0.00000000099999999993 0.00000000099999999993 0.00000000099999999993 0.00000000099999999993 0.00000000099999999993 0.00000000099999999993 0.88255862016167319073 0.04562143124440296016 0.00000000099999999993 0.07181993959392381222 0.00000000099999999993 0.00000000099999999993 
0.00000000099999999991 0.00000000099999999991 0.00000000099999999991 0.00000000099999999991 0.00000000099999999991 0.00000000099999999991 0.86770558910223849480 0.00000000099999999991 0.00000000099999999991 0.10187398228909008702 0.03042041960867145067 0.00000000099999999991 
0.00000000099999999992 0.00000000099999999992 0.00000000099999999992 0.00000000099999999992 0.00000000099999999992 0.00000000099999999992 0.89409432755431272888 0.00000000099999999992 0.00000000099999999992 0.10590566244568740129 0.00000000099999999992 0.00000000099999999992 
0.00000000099999999993 0.00000000099999999993 0.00000000099999999993 0.00000000099999999993 0.00000000099999999993 0.00000000099999999993 0.91333506667047292815 0.00000000099999999993 0.00000000099999999993 0.04720014693985954274 0.03946477738966746446 0.00000000099999999993 
0.00000000099999999995 0.00000000099999999995 0.01228610282024156751 0.00000000099999999995 0.00000000099999999995 0.00000000099999999995 0.85305063251300783378 0.03996436747853238797 0.00000000099999999995 0.06369381950681260451 0.03100507068140559777 0.00000000099999999995 
0.00000000099999999994 0.00000000099999999994 0.00000000099999999994 0.00000000099999999994 0.00000000099999999994 0.00000000099999999994 0.90482822276888974500 0.00000000099999999994 0.00000000099999999994 0.09516099135824840349 0.00001077687286179762 0.00000000099999999994 
0.00000000099999999996 0.00000000099999999996 0.02010430879406955099 0.00000000099999999996 0.00000000099999999996 0.00000000099999999996 0.82413497133371693693 0.02437613173479037318 0.00000000099999999996 0.09408622428542730287 0.03729835685199583278 0.00000000099999999996 
0.00000000099999999994 0.00000000099999999994 0.00000000099999999994 0.00000000099999999994 0.00871914244043502443 0.00000000099999999994 0.87438204928032070562 0.04311149972786720158 0.00000000099999999994 0.05808333316149270203 0.01570396838988440125 0.00000000099999999994 
0.00000000099999999993 0.00000000099999999993 0.00000000099999999993 0.00000000099999999993 0.00000000099999999993 0.00000000099999999993 0.94731024458191814830 0.00000000099999999993 0.00000000099999999993 0.05268974541808182227 0.00000000099999999993 0.00000000099999999993 
0.00000000099999999996 0.00000000099999999996 0.00617869208560416997 0.00000000099999999996 0.00000000099999999996 0.00000000099999999996 0.93370951436272653368 0.00000000099999999996 0.00000000099999999996 0.06011178455166942686 0.00000000099999999996 0.00000000099999999996 
0.00000000099999999991 0.00000000099999999991 0.00000000099999999991 0.00000000099999999991 0.00000000099999999991 0.00000000099999999991 0.96277194041676528169 0.00000000099999999991 0.00000000099999999991 0.03722804958323478602 0.00000000099999999991 0.00000000099999999991 
0.00000000099999999994 0.00000000099999999994 0.00000000099999999994 0.00000000099999999994 0.00000000099999999994 0.00000000099999999994 0.83963360048995294704 0.00156289941815349162 0.00000000099999999994 0.15264315800409630763 0.00616033408779724512 0.00000000099999999994 
0.00000000099999999992 0.00000000099999999992 0.00000000099999999992 0.00000000099999999992 0.00000000099999999992 0.00000000099999999992 0.96269385658255046678 0.00000000099999999992 0.00000000099999999992 0.03730613341744953154 0.00000000099999999992 0.00000000099999999992 
0.00000000099999999996 0.00000000099999999996 0.00000000099999999996 0.00000000099999999996 0.00000000099999999996 0.00000000099999999996 0.95196967602361270977 0.00000000099999999996 0.00000000099999999996 0.04803031397638730243 0.00000000099999999996 0.00000000099999999996 
0.00000000099999999998 0.00000000099999999998 0.00000000099999999998 0.00003243693615746468 0.00965845327240730939 0.00000000099999999998 0.88247948461220915295 0.00011681472451332849 0.00000460107362289253 0.06892715091860564247 0.03878105346248422042 0.00000000099999999998 
0.99999998900000031110 0.00000000099999999984 0.00000000099999999984 0.00000000099999999984 0.00000000099999999984 0.00000000099999999984 0.00000000099999999984 0.00000000099999999984 0.00000000099999999984 0.00000000099999999984 0.00000000099999999984 0.00000000099999999984 
0.99999998900000031110 0.00000000099999999983 0.00000000099999999983 0.00000000099999999983 0.00000000099999999983 0.00000000099999999983 0.00000000099999999983 0.00000000099999999983 0.00000000099999999983 0.00000000099999999983 0.00000000099999999983 0.00000000099999999983 
0.00000000099999999992 0.00000000099999999992 0.00000000099999999992 0.00000000099999999992 0.00000000099999999992 0.00000000099999999992 0.00000000099999999992 0.00000000099999999992 0.00000000099999999992 0.56464334220006107135 0.00000000099999999992 0.43535664779993887841 
0.00000000099999999993 0.00000000099999999993 0.00000000099999999993 0.00000000099999999993 0.00000000099999999993 0.00000000099999999993 0.00000000099999999993 0.00000000099999999993 0.00000000099999999993 0.65549121710484237191 0.00000000099999999993 0.34450877289515774438 
0.00000000099999999992 0.00000000099999999992 0.00000000099999999992 0.00000000099999999992 0.00000000099999999992 0.00000000099999999992 0.00000000099999999992 0.00000000099999999992 0.00000000099999999992 0.57156399764389997920 0.00000000099999999992 0.42843599235609997056 
0.00000000099999999999 0.00000000099999999999 0.00577593566457663358 0.00000000099999999999 0.00000000099999999999 0.00000000099999999999 0.27659173201503017836 0.00000000099999999999 0.00000000799193287738 0.70932678603708609888 0.00031749315524822521 0.00798803913612603292 
0.00000000099999999992 0.00000000099999999992 0.00000000099999999992 0.00000000099999999992 0.00000000099999999992 0.00000000099999999992 0.00000000099999999992 0.00000000099999999992 0.00000000099999999992 0.65791272621937879617 0.00000000099999999992 0.34208726378062137563 
0.00000000099999999993 0.00000000099999999993 0.00000000099999999993 0.00000000099999999993 0.00000000099999999993 0.00000000099999999993 0.00000000099999999993 0.00000000099999999993 0.00000000099999999993 0.64634831734058562080 0.00000000099999999993 0.35365167265941443997 
0.00000000099999999994 0.00000000099999999994 0.00000000099999999994 0.00000000099999999994 0.00000000099999999994 0.00000000099999999994 0.00000000099999999994 0.00000000099999999994 0.00000000099999999994 0.61455044795512736577 0.00000000099999999994 0.38544954204487280602 
0.00000000099999999997 0.00000000099999999997 0.00000000099999999997 0.01018635512158028514 0.00410250265297865905 0.00000000099999999997 0.00000000099999999997 0.00000000099999999997 0.00000000099999999997 0.44027750870249343640 0.00000000099999999997 0.54543362552294749612 
0.00000000099999999993 0.00000000099999999993 0.00000000099999999993 0.00000000099999999993 0.00000000099999999993 0.00000000099999999993 0.00000000099999999993 0.00000000099999999993 0.00000000099999999993 0.62626277544475517089 0.00000000099999999993 0.37373721455524477886 
0.00000000099999999991 0.00000000099999999991 0.00000000099999999991 0.00000000099999999991 0.00000000099999999991 0.00000000099999999991 0.00000000099999999991 0.00000000099999999991 0.00000000099999999991 0.67055815397621498786 0.00000000099999999991 0.32944183602378512843 
0.00000000099999999994 0.00000000099999999994 0.00000000099999999994 0.00000000099999999994 0.00000000099999999994 0.00000000099999999994 0.00000000099999999994 0.00000000099999999994 0.00000000099999999994 0.56752737617405513149 0.00000000099999999994 0.43247261382594498480 
0.00000000099999999991 0.00000000099999999991 0.00000000099999999991 0.00000000099999999991 0.00000000099999999991 0.00000000099999999991 0.00000000099999999991 0.00000000099999999991 0.00000000099999999991 0.57011750897585222742 0.00000000099999999991 0.42988248102414794438 
0.00000000099999999999 0.06048034542690628595 0.00000000099999999999 0.00323849897661700409 0.03479020344183296476 0.00000000099999999999 0.08348774184952083288 0.00794863411695538244 0.08953628349286649191 0.11364033817883373301 0.00167167387664920357 0.60520627763981815761 
0.00000000099999999997 0.41927901934878941681 0.04235011810302708596 0.00000000099999999997 0.00000000099999999997 0.00000000099999999997 0.37418456314707065902 0.09524691414425487390 0.00000000099999999997 0.04275899985073587650 0.02618037940612190015 0.00000000099999999997 
0.00767567708566097451 0.43747303950090393743 0.08200240490668653237 0.00000000099999999998 0.00000000099999999998 0.00000000099999999998 0.27167397156607758779 0.15138845901618236400 0.00000000099999999998 0.01286089040758350670 0.03692555251690507467 0.00000000099999999998 
