0.00000000099999999996 0.00000000099999999996 0.00000000099999999996 0.00000000099999999996 0.00000000099999999996 0.00000000099999999996 0.00000000099999999996 0.00000000099999999996 0.99999998800000000632 0.00000000099999999996 0.00000000099999999996 0.00000000099999999996 0.00000000099999999996 
0.00000000099999999990 0.00000000099999999990 0.00000000099999999990 0.00000000099999999990 0.00000000099999999990 0.00000000099999999990 0.00000000099999999990 0.00000000099999999990 0.99999998800000011734 0.00000000099999999990 0.00000000099999999990 0.00000000099999999990 0.00000000099999999990 
0.00000000099999999994 0.00000000099999999994 0.00000000099999999994 0.00000000099999999994 0.00000000099999999994 0.00000000099999999994 0.00000000099999999994 0.00000000099999999994 0.99999998800000000632 0.00000000099999999994 0.00000000099999999994 0.00000000099999999994 0.00000000099999999994 
0.00000000099999999989 0.00000000099999999989 0.00000000099999999989 0.00000000099999999989 0.00000000099999999989 0.00000000099999999989 0.00000000099999999989 0.00000000099999999989 0.99999998800000000632 0.00000000099999999989 0.00000000099999999989 0.00000000099999999989 0.00000000099999999989 
0.00000000099999999993 0.00000000099999999993 0.00000000099999999993 0.00000000099999999993 0.00000000099999999993 0.00000000099999999993 0.00000000099999999993 0.00000000099999999993 0.99999998800000011734 0.00000000099999999993 0.00000000099999999993 0.00000000099999999993 0.00000000099999999993 
0.00000000099999999998 0.00360589014547303775 0.00000000099999999998 0.03907109717876320470 0.00000000099999999998 0.00000000099999999998 0.00000000099999999998 0.00000000099999999998 0.95732300267576375674 0.00000000099999999998 0.00000000099999999998 0.00000000099999999998 0.00000000099999999998 
0.00000000099999999996 0.00000000099999999996 0.01305413573743660106 0.00000000099999999996 0.00000000099999999996 0.00000000099999999996 0.00000000099999999996 0.00000000099999999996 0.98694585326256345503 0.00000000099999999996 0.00000000099999999996 0.00000000099999999996 0.00000000099999999996 
0.02827134606518479781 0.00000000099999999998 0.06986269530134278649 0.02522824667269994020 0.00000000913430084873 0.00000000099999999998 0.00000000099999999998 0.00000000099999999998 0.83637233670454924628 0.00000000099999999998 0.00000000099999999998 0.00000000099999999998 0.04026535912192237554 
0.00000000099999999994 0.00000000099999999994 0.00000000099999999994 0.00000000099999999994 0.00000000099999999994 0.00000000099999999994 0.00000000099999999994 0.00000000099999999994 0.99999998800000011734 0.00000000099999999994 0.00000000099999999994 0.00000000099999999994 0.00000000099999999994 
0.02568635579678083328 0.00000000099999999997 0.05478183593949650237 0.03020677307474171902 0.00000000099999999997 0.00000000099999999997 0.00000000099999999997 0.00000000099999999997 0.88932502618898090496 0.00000000099999999997 0.00000000099999999997 0.00000000099999999997 0.00000000099999999997 
0.00000000099999999991 0.00000000099999999991 0.00000000099999999991 0.00000000099999999991 0.00000000099999999991 0.00000000099999999991 0.00000000099999999991 0.00000000099999999991 0.99999998800000011734 0.00000000099999999991 0.00000000099999999991 0.00000000099999999991 0.00000000099999999991 
0.00000000099999999993 0.00000000099999999993 0.00000000099999999993 0.00000000099999999993 0.00000000099999999993 0.00000000099999999993 0.00000000099999999993 0.00000000099999999993 0.99999998800000011734 0.00000000099999999993 0.00000000099999999993 0.00000000099999999993 0.00000000099999999993 
0.01020047612049590317 0.00000000099999999996 0.00000000099999999996 0.00000000099999999996 0.00000000099999999996 0.01385579842613837362 0.00000000099999999996 0.00000000099999999996 0.97594371545336566776 0.00000000099999999996 0.00000000099999999996 0.00000000099999999996 0.00000000099999999996 
0.00000000099999999987 0.00000000099999999987 0.00000000099999999987 0.00000000099999999987 0.00000000099999999987 0.00000000099999999987 0.99999998800000000632 0.00000000099999999987 0.00000000099999999987 0.00000000099999999987 0.00000000099999999987 0.00000000099999999987 0.00000000099999999987 
0.00000000099999999993 0.00000000099999999993 0.00000000099999999993 0.00000000099999999993 0.00000000099999999993 0.00000000099999999993 0.99999998800000000632 0.00000000099999999993 0.00000000099999999993 0.00000000099999999993 0.00000000099999999993 0.00000000099999999993 0.00000000099999999993 
0.00718681080012421869 0.00000000099999999994 0.00000000099999999994 0.00000000099999999994 0.00000000099999999994 0.00000000099999999994 0.99281317819987602302 0.00000000099999999994 0.00000000099999999994 0.00000000099999999994 0.00000000099999999994 0.00000000099999999994 0.00000000099999999994 
0.00000000099999999994 0.00000000099999999994 0.00000000099999999994 0.00000000099999999994 0.00000000099999999994 0.00000000099999999994 0.99999998800000000632 0.00000000099999999994 0.00000000099999999994 0.00000000099999999994 0.00000000099999999994 0.00000000099999999994 0.00000000099999999994 
0.00000000099999999993 0.00000000099999999993 0.00000000099999999993 0.00000000099999999993 0.00000000099999999993 0.00000000099999999993 0.99999998800000011734 0.00000000099999999993 0.00000000099999999993 0.00000000099999999993 0.00000000099999999993 0.00000000099999999993 0.00000000099999999993 
0.00000000099999999993 0.00000000099999999993 0.00000000099999999993 0.00000000099999999993 0.00000000099999999993 0.00000000099999999993 0.99999998800000000632 0.00000000099999999993 0.00000000099999999993 0.00000000099999999993 0.00000000099999999993 0.00000000099999999993 0.00000000099999999993 
0.00000000099999999991 0.00000000099999999991 0.00000000099999999991 0.00000000099999999991 0.00000000099999999991 0.00000000099999999991 0.99999998800000000632 0.00000000099999999991 0.00000000099999999991 0.00000000099999999991 0.00000000099999999991 0.00000000099999999991 0.00000000099999999991 
0.00384366336197928052 0.00000000099999999995 0.00000000099999999995 0.00000000099999999995 0.00000000099999999995 0.00000000099999999995 0.97743158416349784634 0.00000000099999999995 0.00000000099999999995 0.00000000099999999995 0.01872474247452301371 0.00000000099999999995 0.00000000099999999995 
0.00000000099999999992 0.00000000099999999992 0.00000000099999999992 0.00000000099999999992 0.00000000099999999992 0.00000000099999999992 0.88693204188279894939 0.00000000099999999992 0.00000000099999999992 0.11306794711720107027 0.00000000099999999992 0.00000000099999999992 0.00000000099999999992 
0.00000000099999999988 0.00000000099999999988 0.00000000099999999988 0.00000000099999999988 0.00000000099999999988 0.00000000099999999988 0.99999998800000011734 0.00000000099999999988 0.00000000099999999988 0.00000000099999999988 0.00000000099999999988 0.00000000099999999988 0.00000000099999999988 
0.00423878141707265035 0.00000000099999999996 0.00000000099999999996 0.01557977428369365647 0.00000000099999999996 0.00000000099999999996 0.92332242606550374298 0.00000000099999999996 0.00000000099999999996 0.05685900923373002347 0.00000000099999999996 0.00000000099999999996 0.00000000099999999996 
0.00000000099999999996 0.00000000099999999996 0.00000000099999999996 0.00000000099999999996 0.00000000099999999996 0.00000000099999999996 0.82085642468565578334 0.02670378994301229880 0.00000000099999999996 0.15243977537133177047 0.00000000099999999996 0.00000000099999999996 0.00000000099999999996 
0.00000000099999999994 0.00000000099999999994 0.00000000099999999994 0.00000000099999999994 0.00000000099999999994 0.00000000099999999994 0.99999998800000000632 0.00000000099999999994 0.00000000099999999994 0.00000000099999999994 0.00000000099999999994 0.00000000099999999994 0.00000000099999999994 
0.01735513665376068118 0.00000000099999999997 0.00000000099999999997 0.00000000099999999997 0.02472080762669389212 0.00000000099999999997 0.78383676936114266010 0.00000000099999999997 0.00000000099999999997 0.17408727735840276440 0.00000000099999999997 0.00000000099999999997 0.00000000099999999997 
0.00000000099999999993 0.00000000099999999993 0.00000000099999999993 0.00000000099999999993 0.00000000099999999993 0.00000000099999999993 0.99999881467029627657 0.00000000099999999993 0.00000000099999999993 0.00000117432970370227 0.00000000099999999993 0.00000000099999999993 0.00000000099999999993 
0.00000000099999999991 0.00000000099999999991 0.00000000099999999991 0.00000000099999999991 0.00000000099999999991 0.00000000099999999991 0.99999998800000011734 0.00000000099999999991 0.00000000099999999991 0.00000000099999999991 0.00000000099999999991 0.00000000099999999991 0.00000000099999999991 
0.00000000099999999994 0.00000000099999999994 0.00000000099999999994 0.00000000099999999994 0.00000000099999999994 0.00000000099999999994 0.00000000099999999994 0.46127722248960678630 0.00000000099999999994 0.53872276651039308071 0.00000000099999999994 0.00000000099999999994 0.00000000099999999994 
0.00000000099999999988 0.00000000099999999988 0.00000000099999999988 0.00000000099999999988 0.00000000099999999988 0.00000000099999999988 0.00000000099999999988 0.60065353357164064096 0.00000000099999999988 0.39934645542835933707 0.00000000099999999988 0.00000000099999999988 0.00000000099999999988 
0.00000000099999999994 0.00000000099999999994 0.00000000099999999994 0.00000000099999999994 0.00000000099999999994 0.02482117302751389240 0.00000000099999999994 0.54506637956874959272 0.00000000099999999994 0.43011243740373650279 0.00000000099999999994 0.00000000099999999994 0.00000000099999999994 
0.00000000099999999995 0.01825765332738634242 0.00000000099999999995 0.00000000099999999995 0.00000000099999999995 0.00399662910203098503 0.00000000099999999995 0.45527081154701781740 0.00000000099999999995 0.51773932408820988460 0.00000000099999999995 0.00473557393535503721 0.00000000099999999995 
0.00000000099999999993 0.00000000099999999993 0.00000000099999999993 0.04250021621645866388 0.00000000099999999993 0.00634858836554192188 0.00000000099999999993 0.45951119632224901590 0.00000000099999999993 0.49163999009575032328 0.00000000099999999993 0.00000000099999999993 0.00000000099999999993 
0.00110394705843879556 0.00000000099999999997 0.00000000099999999997 0.00000000099999999997 0.00000000099999999997 0.00000000099999999997 0.00000000099999999997 0.47687892293021211243 0.00000000099999999997 0.51066958089393932330 0.00000000099999999997 0.01134754011740978299 0.00000000099999999997 
0.00000000099999999988 0.00000000099999999988 0.00000000099999999988 0.00000000099999999988 0.00000000099999999988 0.00000000099999999988 0.00000000099999999988 0.59956337940252557583 0.00000000099999999988 0.40043660959747429118 0.00000000099999999988 0.00000000099999999988 0.00000000099999999988 
0.00000000099999999997 0.00000000099999999997 0.00000000099999999997 0.00000000099999999997 0.00573016524740226334 0.03482714863130755012 0.00000000099999999997 0.44273380972276993317 0.00000000099999999997 0.51437640550130281358 0.00233246289721742101 0.00000000099999999997 0.00000000099999999997 
0.00000000099999999994 0.00000000099999999994 0.00000000099999999994 0.00000000099999999994 0.00000000099999999994 0.00000000099999999994 0.00000000099999999994 0.38281740466770391995 0.00000000099999999994 0.59990313724749921853 0.00000000099999999994 0.01727944808479679739 0.00000000099999999994 
0.00000000099999999996 0.01457359592981898738 0.00000000099999999996 0.00000000099999999996 0.00000000099999999996 0.01074738629911213550 0.00000000099999999996 0.51722606958910921637 0.00000000099999999996 0.45123979924568968780 0.00000000099999999996 0.00621314093626990516 0.00000000099999999996 
0.00000000099999999982 0.00000000099999999982 0.00000000099999999982 0.00000000099999999982 0.00000000099999999982 0.00000000099999999982 0.00000000099999999982 0.00000000099999999982 0.00000000099999999982 0.99999998800000011734 0.00000000099999999982 0.00000000099999999982 0.00000000099999999982 
0.00000000099999999996 0.00000000099999999996 0.00000000099999999996 0.03331432784423262600 0.00000000099999999996 0.03910393039036980101 0.00149574455731452441 0.46710409786205292493 0.00000000099999999996 0.45898189134603017969 0.00000000099999999996 0.00000000099999999996 0.00000000099999999996 
0.00000000099999999992 0.00000000099999999992 0.00000000099999999992 0.00000000099999999992 0.00000000099999999992 0.00000000099999999992 0.00000000099999999992 0.48797590864139678279 0.00000000099999999992 0.51202408035860325075 0.00000000099999999992 0.00000000099999999992 0.00000000099999999992 
0.01193227934812879538 0.00000000099999999996 0.00000000099999999996 0.00000000099999999996 0.00000000099999999996 0.00914619576977344223 0.00000000099999999996 0.50941617081357348784 0.00000000099999999996 0.46950534506852431571 0.00000000099999999996 0.00000000099999999996 0.00000000099999999996 
0.00511708731701799625 0.00000000099999999996 0.00000000099999999996 0.00608767168303301839 0.00000000099999999996 0.02190367485934811148 0.00000000099999999996 0.49215453652306917487 0.00000000099999999996 0.46403779396663291656 0.00000000099999999996 0.01069922865089875316 0.00000000099999999996 
0.00458175507641364697 0.00000000099999999995 0.00000000099999999995 0.00000000099999999995 0.00000000099999999995 0.00000000099999999995 0.00000000099999999995 0.48170432857061268317 0.00000000099999999995 0.51371390635297375926 0.00000000099999999995 0.00000000099999999995 0.00000000099999999995 
0.00000000099999999995 0.00000000099999999995 0.00000000099999999995 0.00000000099999999995 0.00000000099999999995 0.01479884721107293209 0.00000000099999999995 0.42311121848016081115 0.00000000099999999995 0.56208992430876625335 0.00000000099999999995 0.00000000099999999995 0.00000000099999999995 
0.00000000099999999997 0.00000000099999999997 0.00000000099999999997 0.00000000099999999997 0.00000000099999999997 0.02430009398958180369 0.00000000099999999997 0.01602110284358817041 0.06053083097213950853 0.80702862837403621654 0.00000000099999999997 0.00000000099999999997 0.09211933582065437442 
0.00000000099999999999 0.08591643291005873762 0.30616936575230474515 0.33600557728320229467 0.08129577793800568664 0.00000000099999999999 0.04065764069321180924 0.01293377843576910997 0.08833294521650739139 0.04291646654877435962 0.00000000099999999999 0.00577201122216577153 0.00000000099999999999 
0.00000000099999999997 0.09401485753735025486 0.32532995247523865956 0.34450019052508862316 0.11615628685994401625 0.00000000099999999997 0.00000000099999999997 0.00000000099999999997 0.00000000099999999997 0.11999870460237840875 0.00000000099999999997 0.00000000099999999997 0.00000000099999999997 
0.00000000099999999997 0.09594895397019274907 0.35116788354520522830 0.34906776395160388216 0.12830825431814130155 0.00010225254965676323 0.00000000099999999997 0.00000000099999999997 0.00000000099999999997 0.03810513270034621147 0.00000000099999999997 0.03729975296485408404 0.00000000099999999997 
0.00000000099999999998 0.10047399363056366828 0.30952713438321144412 0.33529513995663851045 0.13204402876846546566 0.02026902399166253740 0.03831044948561915242 0.00000000099999999998 0.00000000099999999998 0.00000000099999999998 0.00000000099999999998 0.06408022378383927686 0.00000000099999999998 
0.00000000099999999998 0.10240851014435990718 0.35224630840731097070 0.29289661836969482778 0.13372667770822160849 0.00000000099999999998 0.09485472680579135063 0.00000000099999999998 0.00000000099999999998 0.01583828007347335559 0.00000000099999999998 0.00802887249114796371 0.00000000099999999998 
0.00000000099999999999 0.12065522111360514612 0.31207171176366882426 0.34097667354158028852 0.16578949734654102599 0.00731075549493086577 0.00000000099999999999 0.03778817408667980993 0.00000000099999999999 0.01540796065299417268 0.00000000099999999999 0.00000000099999999999 0.00000000099999999999 
0.00648115253388267289 0.08104291248621034449 0.30212128035508711843 0.34139327223292986746 0.09291650952143371001 0.03465471321901634344 0.04075071800793198668 0.00000000099999999997 0.06014509001664396226 0.03882227569292379110 0.00000000099999999997 0.00167207293394005781 0.00000000099999999997 
0.00857459065172571332 0.13501948230215291002 0.25904312860328942980 0.33054275998457549601 0.13478686887653718030 0.00000000099999999999 0.00000000099999999999 0.02080695845727743160 0.00000000099999999999 0.04504683886374135499 0.00000000099999999999 0.05154260753687151669 0.01463676072382901101 
0.00000000099999999998 0.11998264276934651751 0.29835461986412642466 0.32414703105744152589 0.13598790155348772224 0.00000000099999999998 0.07343843756115180088 0.00000000099999999998 0.00000000099999999998 0.00000000099999999998 0.00000000099999999998 0.04808936019444610271 0.00000000099999999998 
0.01966334029584124177 0.09462076720224581183 0.35059589868730867135 0.34881425893320311404 0.09678652700050272006 0.00000000099999999999 0.01344985987329370448 0.00000000099999999999 0.02648048498268894616 0.04958885802491584671 0.00000000099999999999 0.00000000099999999999 0.00000000099999999999 
0.00000000099999999996 0.00183914078384344280 0.00000000099999999996 0.00000000099999999996 0.00000000099999999996 0.00000000099999999996 0.00000000099999999996 0.24509754085738563734 0.00000000099999999996 0.74583619803032585871 0.00000000099999999996 0.00000007775309255976 0.00722703457535254275 
0.00000000099999999996 0.03446745434393087837 0.00000000099999999996 0.00000000099999999996 0.00000000099999999996 0.00976066148419603777 0.00000000099999999996 0.08317880488724742338 0.00000000099999999996 0.80868989054416429152 0.00000000099999999996 0.03572712923544289071 0.02817605250501834316 
0.00000000099999999994 0.00000000099999999994 0.00000000099999999994 0.00000000099999999994 0.00000000099999999994 0.00000000099999999994 0.00000000099999999994 0.15792571186708159736 0.00000000099999999994 0.80443280637184300108 0.00000000099999999994 0.03764147176107533743 0.00000000099999999994 
0.00563488429555496478 0.00000000099999999995 0.00000000099999999995 0.00000000099999999995 0.00000000099999999995 0.00000000099999999995 0.00000000099999999995 0.13075916354245675777 0.00000000099999999995 0.80405752853957390691 0.00000000099999999995 0.05954841462241454442 0.00000000099999999995 
0.00000000099999999998 0.00312927325849078229 0.00000000099999999998 0.01335376355565244012 0.00000000099999999998 0.06739148718583924669 0.00000000099999999998 0.08282064772647736162 0.00000000099999999998 0.75714160585644996182 0.00000000099999999998 0.06334797582662850257 0.01281524059046172843 
0.00000000099999999997 0.02248968768719070491 0.00000000099999999997 0.00600939898760690337 0.00000000099999999997 0.00000000099999999997 0.00000000099999999997 0.15582680889309999395 0.00000000099999999997 0.75913903514090008695 0.00288841837993594102 0.05364664391126633403 0.00000000099999999997 
0.00000000099999999993 0.00000000099999999993 0.00000000099999999993 0.00000000099999999993 0.00000000099999999993 0.00000000099999999993 0.00000000099999999993 0.17001886191275994431 0.00000000099999999993 0.82998112708724003372 0.00000000099999999993 0.00000000099999999993 0.00000000099999999993 
0.00000000099999999997 0.02716107434381412680 0.00000000099999999997 0.01076485889673233810 0.00000000099999999997 0.01852239509310638077 0.00000000099999999997 0.16685627149930487567 0.00000000099999999997 0.76329475048318506936 0.00593427155495930558 0.00746637212889788258 0.00000000099999999997 
0.00000000099999999996 0.00000000099999999996 0.00000000099999999996 0.00000000099999999996 0.00000000099999999996 0.00860366521555307531 0.00000000099999999996 0.00000000099999999996 0.00000000099999999996 0.94955265473238581464 0.00000000099999999996 0.04184367005206118817 0.00000000099999999996 
0.00000000099999999995 0.00000000099999999995 0.00000000099999999995 0.02028672012506580261 0.00000000099999999995 0.00000000099999999995 0.00000000099999999995 0.14379074026130322927 0.00000000099999999995 0.79739246605249836097 0.00000000099999999995 0.03853006456113253902 0.00000000099999999995 
0.00337859088281447983 0.02436473659598146005 0.00000000099999999998 0.02730323883705168542 0.06385622452922395942 0.02335264774285622860 0.02441601072970323721 0.10959249480099221563 0.59916407080587974487 0.04193021686066555898 0.00000000099999999998 0.05399285724997458791 0.02864890896485702484 
0.01258677590691056891 0.00000000099999999997 0.00000000099999999997 0.01093786817124559919 0.00000000099999999997 0.00000000099999999997 0.09897825057155788808 0.14352834507201930880 0.73396875227826674504 0.00000000099999999997 0.00000000099999999997 0.00000000099999999997 0.00000000099999999997 
0.03864510448150654948 0.01312647109047800423 0.00000000099999999999 0.02937277400086900359 0.05560799538411521220 0.00552620535002078337 0.24768956678137218907 0.13987796614778921778 0.41347391184783272022 0.03222039280096700153 0.00000000099999999999 0.02445960911504932098 0.00000000099999999999 
0.00000000099999999999 0.00000000099999999999 0.00000000099999999999 0.00000000099999999999 0.00000000099999999999 0.00000000099999999999 0.13384393233651900590 0.06552916983569620490 0.69900384083755162656 0.00207140341559105710 0.01726270513250681773 0.01286534833432583132 0.06942359410780936380 
0.00000000099999999997 0.00000000099999999997 0.00000000099999999997 0.04617971369375173385 0.02803042465816378212 0.00000000099999999997 0.00000000099999999997 0.19497847070400703418 0.00000000099999999997 0.37177521234423988039 0.00000000099999999997 0.35903616821685047089 0.00000000338298726027 
0.00000000099999999998 0.00000000099999999998 0.00000000099999999998 0.00000000099999999998 0.01553592402172372655 0.00000000099999999998 0.00003004794176494786 0.20319934396651206931 0.00000000099999999998 0.45333306294050251806 0.00000000099999999998 0.31650927481097773653 0.01139233931851893998 
0.00000000099999999997 0.00000000099999999997 0.00000000099999999997 0.00000000099999999997 0.01471190959555536415 0.00000000099999999997 0.05285346467853108132 0.16722819625158968915 0.00000000099999999997 0.45931722317972084602 0.00000000099999999997 0.28162124964085766265 0.02426794965374540550 
0.00461531619272876215 0.00000000099999999998 0.00000000099999999998 0.00000000099999999998 0.02603847513314831719 0.01804249316150816074 0.08825002892622713091 0.12108206821612294002 0.00000000099999999998 0.40021043237287451388 0.00000000099999999998 0.29051692122617295277 0.05124425977121729869 
0.00000000099999999997 0.00000000099999999997 0.00000000099999999997 0.00812892207120625467 0.00000000099999999997 0.01009142140975595632 0.01442057540484149164 0.13095716028096746064 0.00000000099999999997 0.40232737995899853223 0.00000000099999999997 0.38735520737378370537 0.04671932750044661270 
0.00000000099999999998 0.00000000099999999998 0.00000000099999999998 0.00355389324282949504 0.04509709450842918493 0.00000000099999999998 0.11922084221829606920 0.11078140577464275218 0.00000000099999999998 0.41304902199313880962 0.00000000099999999998 0.26945645550526575729 0.03884128075739794878 
0.00000000099999999978 0.00000000099999999978 0.00000000099999999978 0.00000000099999999978 0.00000000099999999978 0.00000000099999999978 0.00000000099999999978 0.00000000099999999978 0.00000000099999999978 0.00000000099999999978 0.00000000099999999978 0.00000000099999999978 0.99999998800000000632 
0.02880085207680224690 0.00000000099999999999 0.00000000099999999999 0.01329004669329738458 0.00000000099999999999 0.00000000099999999999 0.41046773955586796090 0.19257135508113890077 0.00000000099999999999 0.35172282013118816302 0.00000000099999999999 0.00000000099999999999 0.00314717946170540953 
0.00000000099999999998 0.00000000099999999998 0.00000000099999999998 0.00000000099999999998 0.00000000099999999998 0.04980484014131571213 0.34823729577082840336 0.19421670270530350111 0.12425115892482900548 0.26929589408206150436 0.00000000099999999998 0.00000392080510582782 0.01419018157055619740 
0.00975402271390703179 0.00000000099999999998 0.00000000099999999998 0.00000000099999999998 0.04447154124688793703 0.04429768127013638396 0.42442496418149322501 0.12318567589121466599 0.00000004341135005870 0.31095161988775660289 0.00000000099999999998 0.00000000099999999998 0.04291444639725423837 
0.00000000099999999998 0.03699903760961464200 0.00000000099999999998 0.00000000099999999998 0.02227934315865362155 0.02599185417818973554 0.41166084784585443845 0.11596341459523122619 0.00000000099999999998 0.32632105770424796320 0.00401935996748684944 0.00000000099999999998 0.05676507994072161473 
0.00000000099999999998 0.00000000099999999998 0.00000000099999999998 0.00000000099999999998 0.00000000099999999998 0.02161673865341704609 0.43418169308453535837 0.17151111200184118721 0.14156164610506480339 0.12436819106805199753 0.00601651150219363433 0.07841959453206134856 0.02232450805283454215 
0.00778495568660919103 0.01701177050710458646 0.00000000099999999999 0.00000000099999999999 0.00000000099999999999 0.00000000099999999999 0.51424667392399214805 0.11101342957689315505 0.00000000099999999999 0.23394662956568770817 0.00742189685267003428 0.08484997572922493847 0.02372466315781821683 
0.00000000099999999998 0.00000000099999999998 0.00000000099999999998 0.00000000099999999998 0.00000000099999999998 0.02140958422911838979 0.43859056179616617843 0.14880668117217338287 0.04145237057469813163 0.23111993598706084829 0.02108081044150860936 0.08355290242970338233 0.01398714836957112330 
0.00000000099999999998 0.00000000099999999998 0.00000000099999999998 0.02670067004855748716 0.05406172880460857061 0.05164028966756987332 0.38126640227468561184 0.13403259711762471884 0.06769240916747251702 0.17555332748850663305 0.00000000099999999998 0.08372140790155165047 0.02533116352942306124 
0.00000000099999999998 0.00177080056765365661 0.00000000099999999998 0.00000000099999999998 0.05969540847396290900 0.03407492629375242360 0.37151936113882039203 0.13341652840104864519 0.05525412328656231081 0.30816368097914859092 0.00000000099999999998 0.02647940221500857255 0.00962576464404241681 
0.00000000099999999998 0.00000000099999999998 0.00000000099999999998 0.00000000099999999998 0.00000000099999999998 0.00000000099999999998 0.43380099986221987152 0.15577284828239792991 0.05642360839408706863 0.26464375938998946358 0.00369915030506134121 0.07409170257945636717 0.01156792518678804137 
0.01196610097728892548 0.00642358615319624932 0.00000000099999999999 0.00000000099999999999 0.02761852337550727357 0.08546265091311315565 0.34950059693103746605 0.16771314629404546204 0.05730358599979630541 0.23144617529966596270 0.01125462334588551820 0.04562344440510015392 0.00568756430536349923 
0.00000000099999999999 0.00000000099999999999 0.00000000099999999999 0.02095945767517617617 0.00000000099999999999 0.05439262143674647443 0.42673161301819118041 0.11712850631934358658 0.04217814340351808133 0.25264371282001385488 0.00268799661655022299 0.04743843579665806692 0.03583950891380249110 
0.00000000099999999998 0.00000000099999999998 0.00000000099999999998 0.03240928418290737328 0.03088664908216883637 0.02472458632967032902 0.40365004625323969156 0.10329910478909540283 0.00000000099999999998 0.32837425063493647093 0.00000000099999999998 0.03876174094793995162 0.03789433278004206151 
0.00000000099999999997 0.00000000099999999997 0.00000000099999999997 0.00000000099999999997 0.03661771895117112846 0.00000000099999999997 0.57700025637276530777 0.11112711056150492706 0.14400804169506289942 0.00000000099999999997 0.00000000099999999997 0.08312926450569718684 0.04811760091379856802 
0.00000000099999999998 0.00000000099999999998 0.00000000099999999998 0.00000000099999999998 0.03841112788556094032 0.01846954818810109603 0.33486925701783548659 0.06871977609670439080 0.06363393442181446147 0.39451354022968021518 0.00000000099999999998 0.05207629061361365025 0.02930652054668971343 
0.04882495217274583632 0.01686970670212712201 0.00000000099999999993 0.32193153394053242167 0.00000000099999999993 0.00000000099999999993 0.00000000099999999993 0.00000000099999999993 0.00000000099999999993 0.58491309207017849747 0.00000000099999999993 0.02746070711441595674 0.00000000099999999993 
0.00000000099999999970 0.00000000099999999970 0.00000000099999999970 0.99999998800000022836 0.00000000099999999970 0.00000000099999999970 0.00000000099999999970 0.00000000099999999970 0.00000000099999999970 0.00000000099999999970 0.00000000099999999970 0.00000000099999999970 0.00000000099999999970 
0.00000000099999999967 0.00000000099999999967 0.00000000099999999967 0.99999998800000011734 0.00000000099999999967 0.00000000099999999967 0.00000000099999999967 0.00000000099999999967 0.00000000099999999967 0.00000000099999999967 0.00000000099999999967 0.00000000099999999967 0.00000000099999999967 
0.00000000099999999983 0.00000000099999999983 0.00000000099999999983 0.99999998800000011734 0.00000000099999999983 0.00000000099999999983 0.00000000099999999983 0.00000000099999999983 0.00000000099999999983 0.00000000099999999983 0.00000000099999999983 0.00000000099999999983 0.00000000099999999983 
0.00000000099999999971 0.00000000099999999971 0.00000000099999999971 0.99999998800000022836 0.00000000099999999971 0.00000000099999999971 0.00000000099999999971 0.00000000099999999971 0.00000000099999999971 0.00000000099999999971 0.00000000099999999971 0.00000000099999999971 0.00000000099999999971 
0.00000000099999999969 0.00000000099999999969 0.00000000099999999969 0.99999998800000011734 0.00000000099999999969 0.00000000099999999969 0.00000000099999999969 0.00000000099999999969 0.00000000099999999969 0.00000000099999999969 0.00000000099999999969 0.00000000099999999969 0.00000000099999999969 
0.00000000099999999984 0.00000000099999999984 0.00000000099999999984 0.99999998800000011734 0.00000000099999999984 0.00000000099999999984 0.00000000099999999984 0.00000000099999999984 0.00000000099999999984 0.00000000099999999984 0.00000000099999999984 0.00000000099999999984 0.00000000099999999984 
0.00000000099999999971 0.00000000099999999971 0.00000000099999999971 0.99999998800000022836 0.00000000099999999971 0.00000000099999999971 0.00000000099999999971 0.00000000099999999971 0.00000000099999999971 0.00000000099999999971 0.00000000099999999971 0.00000000099999999971 0.00000000099999999971 
0.02461033344580542542 0.00000000099999999991 0.00000000099999999991 0.80492067954791646223 0.00000000099999999991 0.00000000099999999991 0.00000000099999999991 0.00000000099999999991 0.00000000099999999991 0.17046897700627824945 0.00000000099999999991 0.00000000099999999991 0.00000000099999999991 
0.00000000099999999980 0.00000000099999999980 0.00000000099999999980 0.99999998800000022836 0.00000000099999999980 0.00000000099999999980 0.00000000099999999980 0.00000000099999999980 0.00000000099999999980 0.00000000099999999980 0.00000000099999999980 0.00000000099999999980 0.00000000099999999980 
0.00000000099999999998 0.01847734407746462124 0.00000000099999999998 0.00000000099999999998 0.00000000099999999998 0.03774099837599750179 0.00000000099999999998 0.23557498918336886029 0.00000000099999999998 0.64258770479518501073 0.01855848778655691533 0.04706046878142702838 0.00000000099999999998 
0.00000000099999999995 0.00000000099999999995 0.00000000099999999995 0.00000000099999999995 0.00000000099999999995 0.03214061323529251307 0.00000000099999999995 0.23625351232277791436 0.00000000099999999995 0.64781958481110879511 0.00555529221450073822 0.07823098941632007641 0.00000000099999999995 
0.00000000099999999998 0.00000000099999999998 0.00000000099999999998 0.09020658639503938148 0.00000000099999999998 0.00000000099999999998 0.06263943143918949963 0.00000000099999999998 0.00866085860639607789 0.76435856467639951006 0.00240836951335765721 0.07172618236961790517 0.00000000099999999998 
0.00000000099999999994 0.00000000099999999994 0.00000000099999999994 0.14870021699712007712 0.00000000099999999994 0.00000000099999999994 0.00000000099999999994 0.00000000099999999994 0.00000000099999999994 0.82686556819424827935 0.00000000099999999994 0.02443420480863163144 0.00000000099999999994 
0.00000000099999999998 0.04490763796428001026 0.00000000099999999998 0.12282563703597600135 0.00000000099999999998 0.02386193089392887184 0.00927102964930947258 0.00000000099999999998 0.00000000099999999998 0.77650819650080216139 0.00000000099999999998 0.02262556095570344636 0.00000000099999999998 
0.00000000099999999994 0.02939830528377664065 0.00000000099999999994 0.12011766052314602760 0.00000000099999999994 0.00000000099999999994 0.00000000099999999994 0.00000000099999999994 0.00000000099999999994 0.80671916280952815637 0.00000000099999999994 0.04376486238354916625 0.00000000099999999994 
0.00000000099999999992 0.02209102969212007467 0.00000000099999999992 0.02359241390984390466 0.00000000099999999992 0.00000000099999999992 0.00000000099999999992 0.00000000099999999992 0.00000000099999999992 0.92080513997130353232 0.00000000099999999992 0.03351140742673246187 0.00000000099999999992 
0.00000000099999999993 0.02710430243359917765 0.00000000099999999993 0.10386251984956647310 0.00000000099999999993 0.00000000099999999993 0.00000000099999999993 0.00000000099999999993 0.00000000099999999993 0.82229424725552713316 0.00000000099999999993 0.04673892146130733533 0.00000000099999999993 
0.00000000099999999997 0.00375066487490589590 0.00000000099999999997 0.02129130144273180467 0.00000000099999999997 0.00000000099999999997 0.00000000099999999997 0.00000000099999999997 0.00000000099999999997 0.92605570542990500726 0.00105784930394689871 0.04784447094851027038 0.00000000099999999997 
0.00000000099999999993 0.00000000099999999993 0.00000000099999999993 0.07022855557932373982 0.00000000099999999993 0.00000000099999999993 0.00000000099999999993 0.00000000099999999993 0.00000000099999999993 0.88182247860388407457 0.00000000099999999993 0.04794895581679223945 0.00000000099999999993 
0.00000000099999999990 0.03179258751839722508 0.00000000099999999990 0.10250674820412666866 0.00000000099999999990 0.00000000099999999990 0.00000000099999999990 0.00000000099999999990 0.00000000099999999990 0.86570065427747611153 0.00000000099999999990 0.00000000099999999990 0.00000000099999999990 
0.00000000099999999992 0.00000000099999999992 0.00000000099999999992 0.10320309415873002434 0.00000000099999999992 0.00000000099999999992 0.00000000099999999992 0.00000000099999999992 0.00000000099999999992 0.89679689484126989818 0.00000000099999999992 0.00000000099999999992 0.00000000099999999992 
0.00000000099999999993 0.04276849836272159783 0.00000000099999999993 0.04609048123201622826 0.00000000099999999993 0.00000000099999999993 0.00000000099999999993 0.00000000099999999993 0.00000000099999999993 0.91114101040526229713 0.00000000099999999993 0.00000000099999999993 0.00000000099999999993 
0.00000000099999999994 0.03133898233001642525 0.00000000099999999994 0.06265251089341980495 0.00000000099999999994 0.00867342350241588275 0.00000000099999999994 0.00000000099999999994 0.00000000099999999994 0.85651707667063015084 0.00000000099999999994 0.04081799860351772308 0.00000000099999999994 
0.00000000099999999993 0.00000000099999999993 0.00000000099999999993 0.09427423386973339536 0.00000000099999999993 0.00000000099999999993 0.00000000099999999993 0.00000000099999999993 0.00000000099999999993 0.90572575513026665206 0.00000000099999999993 0.00000000099999999993 0.00000000099999999993 
0.00000000099999999996 0.03596676236791938874 0.00000000099999999996 0.09309379471706630271 0.00000000099999999996 0.02109119356008948981 0.00000000099999999996 0.00000000099999999996 0.00000000099999999996 0.82360023078235677918 0.00000000099999999996 0.02624801057256810621 0.00000000099999999996 
0.00807910235879426633 0.01786703120952073953 0.00000000099999999993 0.05571257380773575463 0.00000000099999999993 0.00000000099999999993 0.00000000099999999993 0.00000000099999999993 0.00000000099999999993 0.87337775002752238152 0.00000000099999999993 0.04496353459642681016 0.00000000099999999993 
0.00000000099999999993 0.00000000099999999993 0.00000000099999999993 0.05219960561010929950 0.00000000099999999993 0.00000000099999999993 0.00000000099999999993 0.00000000099999999993 0.00000000099999999993 0.94780038338989081037 0.00000000099999999993 0.00000000099999999993 0.00000000099999999993 
0.00000000099999999995 0.00000000099999999995 0.00000000099999999995 0.06156397416820550555 0.00000000099999999995 0.00659630874274642117 0.00000000099999999995 0.00000000099999999995 0.00000000099999999995 0.93183970708904817482 0.00000000099999999995 0.00000000099999999995 0.00000000099999999995 
0.00000000099999999991 0.00000000099999999991 0.00000000099999999991 0.03732086307064036435 0.00000000099999999991 0.00000000099999999991 0.00000000099999999991 0.00000000099999999991 0.00000000099999999991 0.96267912592935955818 0.00000000099999999991 0.00000000099999999991 0.00000000099999999991 
0.00000000099999999994 0.00625788125180085954 0.00000000099999999994 0.15237668128427964143 0.00000000099999999994 0.00000000099999999994 0.00000000099999999994 0.00000000099999999994 0.00000000099999999994 0.83484029009377613839 0.00000000099999999994 0.00652513837014338273 0.00000000099999999994 
0.00000000099999999991 0.00000000099999999991 0.00000000099999999991 0.03829212756241340276 0.00000000099999999991 0.00000000099999999991 0.00000000099999999991 0.00000000099999999991 0.00000000099999999991 0.96170786143758668629 0.00000000099999999991 0.00000000099999999991 0.00000000099999999991 
0.00000000099999999995 0.00000000099999999995 0.00000000099999999995 0.04714041848907720572 0.00000000099999999995 0.00000000099999999995 0.00000000099999999995 0.00844163414479861055 0.00000000099999999995 0.94441793736612422716 0.00000000099999999995 0.00000000099999999995 0.00000000099999999995 
0.00913969134201545255 0.03879868114021776254 0.00000000099999999998 0.06898866808084896940 0.00000000099999999998 0.00000000099999999998 0.00000000099999999998 0.00000000099999999998 0.00000000099999999998 0.88306988691421495208 0.00000000099999999998 0.00000306452270288695 0.00000000099999999998 
0.00000000099999999982 0.00000000099999999982 0.00000000099999999982 0.00000000099999999982 0.00000000099999999982 0.00000000099999999982 0.00000000099999999982 0.00000000099999999982 0.00000000099999999982 0.00000000099999999982 0.00000000099999999982 0.00000000099999999982 0.99999998799999989529 
0.00000000099999999982 0.00000000099999999982 0.00000000099999999982 0.00000000099999999982 0.00000000099999999982 0.00000000099999999982 0.00000000099999999982 0.00000000099999999982 0.00000000099999999982 0.00000000099999999982 0.00000000099999999982 0.00000000099999999982 0.99999998799999989529 
0.00000000099999999992 0.00000000099999999992 0.00000000099999999992 0.56945838579382335176 0.00000000099999999992 0.00000000099999999992 0.00000000099999999992 0.00000000099999999992 0.43054160320617695934 0.00000000099999999992 0.00000000099999999992 0.00000000099999999992 0.00000000099999999992 
0.00000000099999999992 0.00000000099999999992 0.00000000099999999992 0.66009032110478838007 0.00000000099999999992 0.00000000099999999992 0.00000000099999999992 0.00000000099999999992 0.33990966789521165348 0.00000000099999999992 0.00000000099999999992 0.00000000099999999992 0.00000000099999999992 
0.00000000099999999991 0.00000000099999999991 0.00000000099999999991 0.57642576413001977986 0.00000000099999999991 0.00000000099999999991 0.00000000099999999991 0.00000000099999999991 0.42357422486998053124 0.00000000099999999991 0.00000000099999999991 0.00000000099999999991 0.00000000099999999991 
0.00000000099999999998 0.00000000099999999998 0.00000000099999999998 0.70923165120081532731 0.00000000099999999998 0.00292530254444636892 0.02440219331518928003 0.00000000099999999998 0.00000000099999999998 0.26344084393954925183 0.00000000099999999998 0.00000000099999999998 0.00000000099999999998 
