0.03828039989437576063 0.00000000099999999998 0.09721940728441580415 0.00000000099999999998 0.00000000099999999998 0.73942800150659748759 0.00000000099999999998 0.11454313832308661569 0.00000000099999999998 0.01052904799152442825 
0.05597986540837426167 0.00000000099999999997 0.08434661941058513301 0.00000000099999999997 0.00000000099999999997 0.79010580546820519121 0.00000000099999999997 0.06956770371283559073 0.00000000099999999997 0.00000000099999999997 
0.03992575588804925940 0.00000000099999999998 0.08585014473737435925 0.00000000099999999998 0.00000000099999999998 0.74403455346793567760 0.00271875369785112451 0.11293074245183937210 0.00000000099999999998 0.01454004575695012728 
0.01534538676827076377 0.00000000099999999998 0.10494478158489220498 0.00000000099999999998 0.00000000099999999998 0.77766616410858424580 0.00000000099999999998 0.10204366153825285279 0.00000000099999999998 0.00000000099999999998 
0.04602448713027328109 0.00000000099999999997 0.09407285691141965833 0.00000000099999999997 0.00000000099999999997 0.76255266097301688255 0.00771750479938588391 0.08715609659124533282 0.00000000099999999997 0.00247638959465902239 
0.09057833852013891240 0.00000000099999999999 0.10392312102023688880 0.00000000099999999999 0.00000000099999999999 0.71022327836777843224 0.00112602142872640708 0.09374357201823881047 0.00000000099999999999 0.00040566464488059806 
0.02396225670161513874 0.00000000099999999999 0.13443627872906488419 0.00000000099999999999 0.00000000099999999999 0.69573273435293647715 0.00000000099999999999 0.14586872421638347186 0.00000000099999999999 0.00000000099999999999 
0.06682362545928546838 0.00000000099999999999 0.15656931774106019883 0.00000000099999999999 0.04086416847947631215 0.61098990364611915904 0.00000000099999999999 0.11877220263647608745 0.00000000099999999999 0.00598077803758281269 
0.01434576471859803914 0.00000000099999999999 0.09879524795599073372 0.00000000099999999999 0.00000000099999999999 0.78303523945925745942 0.01415595669121255326 0.08966778617494111647 0.00000000099999999999 0.00000000099999999999 
0.08217731533410800593 0.00000000099999999998 0.14166057967247439042 0.00000000099999999998 0.00000000099999999998 0.63173264176744803322 0.00000000099999999998 0.12789746483890360174 0.00000000099999999998 0.01653199338706610663 
0.06769806389192874196 0.00000000099999999998 0.09247030499107997126 0.00000000099999999998 0.00000000099999999998 0.75798467463158758495 0.00176152323363749745 0.08008542825176634405 0.00000000099999999998 0.00000000099999999998 
0.05446361500757747331 0.00000000099999999999 0.13402914901381882129 0.00000000099999999999 0.00000000099999999999 0.68673416459481917418 0.03082867896332962959 0.08523415089121305632 0.00000000099999999999 0.00871023752924184047 
0.04928800100685246099 0.00000000099999999998 0.08350088487271602189 0.00013972441104433855 0.00000000099999999998 0.73829096659946857883 0.00000000099999999998 0.12070816688487732982 0.00000000099999999998 0.00807225222504122548 
0.00000000099999999999 0.39951325596899983639 0.00000000099999999999 0.02011214668483370799 0.00000000099999999999 0.42058664929778977193 0.00458032653428919016 0.00000000099999999999 0.15520761651408729320 0.00000000099999999999 
0.00000000099999999997 0.37350268577588358054 0.00000000099999999997 0.00294571405142880511 0.00000000099999999997 0.40692955830754035107 0.04354063161600083692 0.00000001429333229493 0.17308139195581401237 0.00000000099999999997 
0.00000000099999999998 0.44501954397261178631 0.00000000099999999998 0.01691819375411635420 0.00000000099999999998 0.37020814981948801936 0.00000008306257437117 0.00000000099999999998 0.16785402439120941653 0.00000000099999999998 
0.00182959751013158809 0.36599815171267469083 0.00000000099999999999 0.03168830036419830604 0.00000000099999999999 0.34476643949516067034 0.00000007034746694499 0.00692770944799834393 0.24878972812236932466 0.00000000099999999999 
0.00000000099999999997 0.39663379638306711650 0.00000000099999999997 0.00000262765381551992 0.00000000099999999997 0.43499391523352542999 0.00005438129585635469 0.00000000099999999997 0.16831527443373542341 0.00000000099999999997 
0.00019563792515703746 0.38597402749534043265 0.00000000099999999998 0.02390026676343732712 0.00000000099999999998 0.41974174371852207566 0.01669296368586781557 0.00000000099999999998 0.15349535641167516564 0.00000000099999999998 
0.00000000099999999997 0.38053298803322832544 0.00000000099999999997 0.07162669695026520345 0.00000000099999999997 0.38785531131623723899 0.00000000099999999997 0.00000000099999999997 0.15998499770026913813 0.00000000099999999997 
0.00000000099999999998 0.41948437351285666752 0.00000000099999999998 0.00000000099999999998 0.00000000099999999998 0.38339974900888823539 0.00000000099999999998 0.02204749703928161192 0.15488537852520209426 0.02018299691377151150 
0.00000000099999999998 0.50086390527467106182 0.00000000099999999998 0.02244007138265850798 0.00611978043449777631 0.36129044222794204355 0.00000000099999999998 0.00407311356108658231 0.10521268311914398763 0.00000000099999999998 
0.00841390076296928517 0.43403625911971521756 0.00000000099999999997 0.02871809147452698482 0.00000000099999999997 0.36121632504786460593 0.01711869132693461318 0.00000000099999999997 0.15049672826798915493 0.00000000099999999997 
0.02377818452409667313 0.40612773223761916563 0.00000000099999999999 0.02141985624484483985 0.00000000099999999999 0.35111645426126958380 0.00378532494871017039 0.00000000099999999999 0.19192223283713327753 0.00185021194632632204 
0.00000000099999999998 0.46107579646490970404 0.00000000099999999998 0.06400346497673674306 0.01176195762779100838 0.32867972458222000087 0.00000000099999999998 0.01724503833786782125 0.11723401401047479908 0.00000000099999999998 
0.00957671547998515879 0.42402944123564739742 0.00000000099999999998 0.04385465868092505021 0.00000000099999999998 0.36664172570385972216 0.02066591128510475439 0.00000000099999999998 0.13523154361447775607 0.00000000099999999998 
0.01384549912815502028 0.47978374587332195400 0.00000000099999999998 0.02741809960225517415 0.00000000099999999998 0.34555944446098901812 0.01251953988887362541 0.03545937389674731766 0.08541429414965799605 0.00000000099999999998 
0.00000000099999999998 0.39053498093286947990 0.00000000099999999998 0.04756516307467198446 0.00000000099999999998 0.34660638613645666783 0.01963010336667044345 0.00000000099999999998 0.19566336148933113903 0.00000000099999999998 
0.00000000099999999997 0.37814429134722959969 0.00000000099999999997 0.03569866170761298169 0.00000000099999999997 0.41284688084544840514 0.00000000099999999997 0.00000000099999999997 0.17331016009970889868 0.00000000099999999997 
0.00000000099999999997 0.71071835734109789495 0.00000000099999999997 0.00000000099999999997 0.00000000099999999997 0.28041739986862102008 0.00000000099999999997 0.00000000099999999997 0.00807920410835093715 0.00078503268193028791 
0.00000000099999999995 0.68286535017811822446 0.00000000099999999995 0.00000000099999999995 0.02575109714310639189 0.29138354567877566836 0.00000000099999999995 0.00000000099999999995 0.00000000099999999995 0.00000000099999999995 
0.00000000099999999998 0.59639645596086865442 0.00000000099999999998 0.06711563780136635404 0.00240265443000155796 0.33144264474483825511 0.00000000099999999998 0.00019946630526672572 0.00169100196262038436 0.00075213579503817074 
0.00000000099999999997 0.64620919054251524383 0.00000000099999999997 0.02918905878177757013 0.02094542481653758476 0.24170096651693523393 0.02092921742654827930 0.00000000099999999997 0.04102613791568634344 0.00000000099999999997 
0.01448461715295681386 0.66951771723296871208 0.00000000099999999996 0.03743085805454558074 0.00000074413873160400 0.27856605834293424184 0.00000000099999999996 0.00000000099999999996 0.00000000107786314795 0.00000000099999999996 
0.00000000099999999999 0.65271078444888896986 0.00000000099999999999 0.02096718262952752820 0.03928504425346666940 0.24901134100180524755 0.00005079967642870137 0.00000000099999999999 0.02896896295705490842 0.00900588203282807684 
0.00000000099999999995 0.68371825228936455865 0.00000000099999999995 0.00000000099999999995 0.02622882019858994301 0.29005292051204561998 0.00000000099999999995 0.00000000099999999995 0.00000000099999999995 0.00000000099999999995 
0.00000000099999999998 0.64713400085423333774 0.00000000099999999998 0.04868592983833053972 0.00776968993270455571 0.28835809502830156426 0.00000000099999999998 0.00000000099999999998 0.00207537214203414944 0.00597690820439605516 
0.00000000099999999997 0.73155361800710649867 0.00000000099999999997 0.01049500992741645225 0.01386358571491498951 0.20188952333909787606 0.00000000099999999997 0.00000000099999999997 0.04219825801146435268 0.00000000099999999997 
0.00000000099999999998 0.60748749283250302877 0.00000000099999999998 0.03208790090048886656 0.00000000099999999998 0.31769553117137444564 0.00249639260460659488 0.00000000099999999998 0.03821999871362342927 0.00201267977740358624 
0.00000000099999999986 0.99999999100000014352 0.00000000099999999986 0.00000000099999999986 0.00000000099999999986 0.00000000099999999986 0.00000000099999999986 0.00000000099999999986 0.00000000099999999986 0.00000000099999999986 
0.00668128136314972455 0.61305677587048190702 0.00000000099999999997 0.05567489586154435177 0.01292541020729695740 0.27570068557158727840 0.00000000099999999997 0.00000000099999999997 0.03596094712593974480 0.00000000099999999997 
0.00000000099999999995 0.68296192263535526745 0.00000000099999999995 0.02803391948926738445 0.00000002785132699513 0.28900412402405056822 0.00000000099999999995 0.00000000099999999995 0.00000000099999999995 0.00000000099999999995 
0.00000000099999999997 0.64638455034010244837 0.00000000099999999997 0.03605959798860721571 0.02917987940955217227 0.28288226247524411727 0.00000000099999999997 0.00000000099999999997 0.00549370478649420600 0.00000000099999999997 
0.00000000099999999998 0.62220432059316610474 0.00000000099999999998 0.05021405791549455461 0.00000000099999999998 0.27719729510597607147 0.00000000099999999998 0.01026262077851581786 0.03884178146241812346 0.00127992014442950583 
0.00000000099999999997 0.66162010163722462242 0.00000000099999999997 0.00100981970845181665 0.00000000099999999997 0.30071365281299478056 0.00000000099999999997 0.00000000099999999997 0.03665641984132880782 0.00000000099999999997 
0.00000000099999999997 0.71787466947052813726 0.00000000099999999997 0.03203972204532889306 0.01645031658073554254 0.22608979615951077524 0.00000000099999999997 0.00000000099999999997 0.00754549074389674820 0.00000000099999999997 
0.01106063662537733715 0.80900559111208381058 0.00000000099999999998 0.02293670226333658149 0.07980101103827152986 0.07719605396093101590 0.00000000099999999998 0.00000000099999999998 0.00000000099999999998 0.00000000099999999998 
0.33844828809725985286 0.07164996904674397760 0.31922331166411466175 0.00000000099999999999 0.00000000099999999999 0.12783383550581597921 0.09216528397178741505 0.02965852464795478566 0.02102078406632345436 0.00000000099999999999 
0.34721568059723012523 0.15036740802908052372 0.35363255239686097742 0.01074066094453591386 0.00000000099999999999 0.00000000099999999999 0.10561270408727722880 0.02064468448522080793 0.01178630645979460330 0.00000000099999999999 
0.35439925648006082026 0.04505720225059256512 0.38039484986956995094 0.01915951082707934711 0.00000000099999999999 0.00000000099999999999 0.11234885467613142662 0.03525905497414943968 0.05338126792241636165 0.00000000099999999999 
0.32505065098098062659 0.03081250515302911414 0.34521028475417392389 0.04092583823127839832 0.00000000100000000000 0.00151170529968015083 0.12663062187131873815 0.03618755188961367969 0.09298606804983623741 0.00068477277008924654 
0.28827740783102434596 0.08214159454732879173 0.38462728990304462240 0.00356767428155122229 0.00000000100000000000 0.01336165203173287838 0.11964355406182707042 0.05025249778559202907 0.04994313477975195065 0.00818519377814698815 
0.33925414303087991774 0.03169408751815966374 0.32407382870789147589 0.01931835775268900268 0.00000000100000000000 0.07272243268059470911 0.12954151861923102196 0.07501783745678178295 0.00000000100000000000 0.00837779223377242005 
0.34375869426863464584 0.04972608531180579272 0.31605570817553169105 0.04059960611772554795 0.00000000099999999998 0.08363877478572503965 0.09196611231572035527 0.05653217926869656684 0.01772283775616033397 0.00000000099999999998 
0.31519762651103033768 0.06337899199901649017 0.26207632040287331954 0.00000000100000000000 0.01840417963882250846 0.06243054143244236576 0.14644186611583892565 0.07029036788099117528 0.06178009333951868520 0.00000001167946623475 
0.32695320506907132874 0.03009697161216101299 0.31515301935386214049 0.00000005552586193771 0.00000000100000000000 0.05479857551684345907 0.13145009137167437685 0.05222714312853929397 0.07909632088843943087 0.01022461653354696243 
0.35416861587961934177 0.06739382561565356033 0.36053445051213645067 0.00000000099999999999 0.00000000099999999999 0.04501640628248972792 0.10404255479833139642 0.06884414291176965683 0.00000000099999999999 0.00000000099999999999 
0.00000000099999999997 0.82422325033479670875 0.00000000099999999997 0.00000000099999999997 0.03701239337652108274 0.11094952008303965441 0.00619881820070737957 0.00000000099999999997 0.02161601300493541308 0.00000000099999999997 
0.00000000099999999997 0.86486895411471220729 0.00000000099999999997 0.01436847720894274261 0.04801821522759324584 0.00000000099999999997 0.02996034364960402374 0.00000000099999999997 0.04278400479914778315 0.00000000099999999997 
0.00000000099999999996 0.91918987426821185949 0.00000000099999999996 0.00647204216634124190 0.02165862164653959560 0.00000000099999999996 0.00000000099999999996 0.00000000099999999996 0.05267945591890756118 0.00000000099999999996 
0.00000000099999999998 0.92776604313942934166 0.00000000099999999998 0.00000000099999999998 0.00000000099999999998 0.00000000099999999998 0.00000000099999999998 0.00000000099999999998 0.07223394886057091235 0.00000000099999999998 
0.00820315596002801385 0.82005673166400927521 0.00000000099999999999 0.07333222101429369422 0.02303911339140487721 0.00000000099999999999 0.00724392308926507817 0.00000000099999999999 0.06812485088099894115 0.00000000099999999999 
0.00000041764758283577 0.84259853831772202337 0.00000000099999999998 0.00000000099999999998 0.01673167300644243932 0.03672449757478495752 0.02438256203132071337 0.00000000099999999998 0.07438035354903588248 0.00518195487311122038 
0.00263362371721292173 0.95551847327069561189 0.00000000099999999997 0.00157838303385312673 0.02152314632345126919 0.01874636865478710585 0.00000000099999999997 0.00000000099999999997 0.00000000099999999997 0.00000000099999999997 
0.00256544662650765639 0.84053070795549933436 0.00000000099999999998 0.02459978945372063089 0.00000019972823495859 0.07765705614072278273 0.03373195810388284616 0.00000000099999999998 0.01494627556084299203 0.00596856443058885102 
0.00430063901330137669 0.97009100081471755228 0.00000000099999999996 0.00000000137991374572 0.00000000099999999996 0.00000000099999999996 0.00000000099999999996 0.00000000099999999996 0.02560835279206732581 0.00000000099999999996 
0.01965546985467096081 0.86689571816500010648 0.00000000099999999997 0.00000000099999999997 0.00294186022298966029 0.04280101688846857377 0.00000000099999999997 0.00000000099999999997 0.06770592986887079279 0.00000000099999999997 
0.07506996699984691546 0.03299484318598918525 0.00000000099999999999 0.02082192555448109453 0.03428211532064069644 0.63305461714951472008 0.02788842849980918345 0.11059737350941510614 0.05530387124561191720 0.00998685753469116637 
0.06993740462642787648 0.01067129111362921830 0.00000000099999999999 0.00000000099999999999 0.00000000099999999999 0.80926673472556731603 0.00000000099999999999 0.10955671610647080283 0.00000000099999999999 0.00056784842790485112 
0.06749682518748746640 0.13474011947765268671 0.00000000099999999999 0.03336071595159140202 0.00000003331645918918 0.59119145691799246389 0.00791887238586326883 0.10257730880785984051 0.06271466595509377073 0.00000000099999999999 
0.04617989796229839822 0.04149002678952114914 0.03340959310643475122 0.00000000100000000000 0.06552806128468105507 0.69641819310536978715 0.00000000100000000000 0.07538036996946706481 0.02278959038644074939 0.01880426539578726464 
0.02883525633255601406 0.44383190495168312051 0.00000000099999999997 0.00000000099999999997 0.01433841567119624634 0.13509508901285927074 0.00000000099999999997 0.00000000099999999997 0.37789932903170514455 0.00000000099999999997 
0.00000000099999999998 0.51009443579244462263 0.00000000099999999998 0.00126903654231115375 0.03977926967823759707 0.11222104868149236634 0.00000000099999999998 0.00000000099999999998 0.33663620430551444151 0.00000000099999999998 
0.00000000099999999997 0.53104930215651535708 0.00000000099999999997 0.00000000099999999997 0.03571792226754734456 0.12872519028619408554 0.00000000099999999997 0.00000000099999999997 0.30450757928974331312 0.00000000099999999997 
0.00000000099999999998 0.47180281516148236953 0.00000000099999999998 0.02373130877452393761 0.06061985571164733855 0.11716717651945647571 0.00000000099999999998 0.00558978190350492132 0.32108905792938480239 0.00000000099999999998 
0.00000003765882230825 0.44706648503569634823 0.00000000099999999997 0.01051663616024047301 0.05817421028000528682 0.08267800030900980535 0.00000000099999999997 0.00000000099999999997 0.40156462655622593427 0.00000000099999999997 
0.00000000099999999999 0.51360996383911194929 0.00000000099999999999 0.00000000099999999999 0.05750119376082086370 0.10879195553155077136 0.00170034197982523003 0.01348875969840757950 0.30423392222024436826 0.00067385997003947329 
0.00000000099999999984 0.00000000099999999984 0.00000000099999999984 0.00000000099999999984 0.99999999100000014352 0.00000000099999999984 0.00000000099999999984 0.00000000099999999984 0.00000000099999999984 0.00000000099999999984 
0.00768886516123402138 0.56066388658750998530 0.00000000099999999999 0.02548571514307212960 0.01560855450603743956 0.29488488996086426042 0.00451748872604043530 0.01294644299797996327 0.07281933606936384640 0.00538481984789810405 
0.00000000099999999998 0.43351929580334208625 0.00000000099999999998 0.07710543337338020276 0.01333470034540656067 0.40693797183033564302 0.00000000099999999998 0.00000000099999999998 0.06829042483198947966 0.00081216981554605089 
0.00000000099999999998 0.48986294844735378540 0.00000000099999999998 0.06747383497514976292 0.03811275019319228241 0.29760484659009128761 0.00000000099999999998 0.03031355119576233104 0.07663206459845046947 0.00000000099999999998 
0.00000000099999999999 0.51759131072190478484 0.00000000099999999999 0.06122652935974767091 0.05224159666295107723 0.27609187692847064755 0.04216236054747921069 0.00000000099999999999 0.04272105555388040765 0.00796526722556627036 
0.00446202021271318531 0.30753068484145412720 0.00000000099999999998 0.04895009547964782048 0.02046017559373554395 0.45813946229101054630 0.00000000099999999998 0.00000000099999999998 0.15543665343216808705 0.00502090514927092894 
0.00000000100000000000 0.44894284531632577817 0.00000000100000000000 0.03068501720617114806 0.02181084820104634697 0.29391376756576054197 0.00220618525680473703 0.00000000100000000000 0.19584002568624614415 0.00660130776764538373 
0.00000000099999999998 0.41277337862375174105 0.00000000099999999998 0.05061643460852757737 0.01551720844577683667 0.33347733205594121131 0.00000000099999999998 0.00000000099999999998 0.16993391857099546249 0.01768172369500718710 
0.03628253795480985977 0.32147156550563743549 0.00000000099999999999 0.06909242613586631665 0.02276883425807676997 0.34049361131741406883 0.00000000099999999999 0.04652332692647370010 0.16336769490172181607 0.00000000099999999999 
0.00000000099999999999 0.47353430701276860715 0.00000000099999999999 0.05765072215759226015 0.01109068021255217758 0.35426654743682217674 0.00528941860909563390 0.00000000099999999999 0.09816832057116903210 0.00000000099999999999 
0.00000000099999999999 0.46482311073497722953 0.00000000099999999999 0.01337470951034139960 0.01635105853905433060 0.34238852215578463589 0.00000000099999999999 0.00000000099999999999 0.15881222585673424041 0.00425036920310816954 
0.00000000099999999999 0.39918946947596689601 0.00000000099999999999 0.11306068908334161727 0.00886426516078422239 0.32978260635442047111 0.01017934257542938911 0.00509158748342294909 0.12267416586414502111 0.01115787200248939334 
0.01475887377600384673 0.42447160789182547536 0.00000000099999999999 0.08623654812697520433 0.03263316107587633380 0.31002837449207698572 0.00000000099999999999 0.00000000099999999999 0.12807912973798524225 0.00379230189925692813 
0.03264791040483094181 0.49755849400140883532 0.00000000099999999999 0.05492442796450293374 0.03708472309607088041 0.24750484197584421420 0.00000000099999999999 0.01049225646773626654 0.11978734308960600763 0.00000000099999999999 
0.01104767390604498994 0.16098440907266595157 0.00000000099999999999 0.01512837801089537450 0.03692818942687971229 0.53653549832758096194 0.00000000099999999999 0.00000000099999999999 0.22700625732322973760 0.01236959093270318007 
0.00000062086866605420 0.53385263983298247847 0.00000000099999999999 0.04173226725760557226 0.02067039015035240443 0.27196738065417486174 0.00000000099999999999 0.02525039319435503846 0.10652630504186368088 0.00000000099999999999 
0.33358682999597366603 0.60515985154413454161 0.00000000099999999995 0.00032625883827341033 0.00000000099999999995 0.00000000099999999995 0.01652619695755516704 0.01545333591314603482 0.02894752275091734203 0.00000000099999999995 
0.99999999100000025454 0.00000000099999999978 0.00000000099999999978 0.00000000099999999978 0.00000000099999999978 0.00000000099999999978 0.00000000099999999978 0.00000000099999999978 0.00000000099999999978 0.00000000099999999978 
0.99999999100000025454 0.00000000099999999976 0.00000000099999999976 0.00000000099999999976 0.00000000099999999976 0.00000000099999999976 0.00000000099999999976 0.00000000099999999976 0.00000000099999999976 0.00000000099999999976 
0.99999999100000014352 0.00000000099999999987 0.00000000099999999987 0.00000000099999999987 0.00000000099999999987 0.00000000099999999987 0.00000000099999999987 0.00000000099999999987 0.00000000099999999987 0.00000000099999999987 
0.99999999100000025454 0.00000000099999999979 0.00000000099999999979 0.00000000099999999979 0.00000000099999999979 0.00000000099999999979 0.00000000099999999979 0.00000000099999999979 0.00000000099999999979 0.00000000099999999979 
0.99999999100000025454 0.00000000099999999977 0.00000000099999999977 0.00000000099999999977 0.00000000099999999977 0.00000000099999999977 0.00000000099999999977 0.00000000099999999977 0.00000000099999999977 0.00000000099999999977 
0.99999999100000014352 0.00000000099999999987 0.00000000099999999987 0.00000000099999999987 0.00000000099999999987 0.00000000099999999987 0.00000000099999999987 0.00000000099999999987 0.00000000099999999987 0.00000000099999999987 
0.99999999100000025454 0.00000000099999999979 0.00000000099999999979 0.00000000099999999979 0.00000000099999999979 0.00000000099999999979 0.00000000099999999979 0.00000000099999999979 0.00000000099999999979 0.00000000099999999979 
0.81862144180265195015 0.18137855019734830386 0.00000000099999999993 0.00000000099999999993 0.00000000099999999993 0.00000000099999999993 0.00000000099999999993 0.00000000099999999993 0.00000000099999999993 0.00000000099999999993 
0.99999999100000014352 0.00000000099999999985 0.00000000099999999985 0.00000000099999999985 0.00000000099999999985 0.00000000099999999985 0.00000000099999999985 0.00000000099999999985 0.00000000099999999985 0.00000000099999999985 
0.00000000099999999998 0.70900951588735816600 0.00000000099999999998 0.04235038379775690753 0.01489893660701787671 0.13652809868033874419 0.02196144976458673861 0.00000000099999999998 0.06093638930197568804 0.01431522296096572958 
0.00000000099999999996 0.75413068634715674232 0.00000000099999999996 0.04420994992363141279 0.00000000099999999996 0.11517792743800105149 0.00000000099999999996 0.00000000099999999996 0.08157708244086768479 0.00490434885034328038 
0.10073280516671488660 0.78577932405459138820 0.00000000099999999999 0.00000000099999999999 0.00000000099999999999 0.02308740122637919362 0.00000000099999999999 0.00000000099999999999 0.08632976243763244850 0.00407070211468222101 
0.17241162861705752740 0.80262366497092063611 0.00000000099999999996 0.00000000099999999996 0.00000000099999999996 0.00000000099999999996 0.00000000099999999996 0.00000000099999999996 0.02496469941202197201 0.00000000099999999996 
0.13471123327613557241 0.77820908463400395583 0.00000000099999999998 0.02275307453612374770 0.00000000099999999998 0.00000000099999999998 0.04176697794743917946 0.00000000099999999998 0.02255962460629774152 0.00000000099999999998 
0.13810535046984648289 0.78702176099779319607 0.00000000099999999995 0.00000000099999999995 0.00000000099999999995 0.00000000099999999995 0.03052576685128918083 0.00000000099999999995 0.04434711568107136542 0.00000000099999999995 
0.02527826004058607648 0.91319561888562272856 0.00000000099999999994 0.00000000099999999994 0.00000000099999999994 0.00000000099999999994 0.02488421643236751746 0.00000000099999999994 0.03664189864142380904 0.00000000099999999994 
0.12439956984753521019 0.80009963700830077915 0.00000000099999999996 0.00000000099999999996 0.00000000099999999996 0.00000000099999999996 0.02767831910859290534 0.00000000099999999996 0.04782246803557122644 0.00000000099999999996 
0.03865708078358730260 0.90029288206692403840 0.00000000099999999998 0.00000000099999999998 0.00000000099999999998 0.00000000099999999998 0.01192061210391347562 0.00000000099999999998 0.04526672523901566908 0.00386269480655963967 
0.08413512004867139404 0.87006498305899215850 0.00000000099999999995 0.00000000099999999995 0.00000000099999999995 0.00000000099999999995 0.00000000099999999995 0.00000000099999999995 0.04579988989233656216 0.00000000099999999995 
0.10562713185124576742 0.85593759030840377289 0.00000000099999999993 0.00000000099999999993 0.00000000099999999993 0.00000000099999999993 0.03843527084035064378 0.00000000099999999993 0.00000000099999999993 0.00000000099999999993 
0.12108985360041805979 0.87890514093901006554 0.00000000099999999994 0.00000000099999999994 0.00000000099999999994 0.00000000099999999994 0.00000499846057218640 0.00000000099999999994 0.00000000099999999994 0.00000000099999999994 
0.04834283090231858426 0.90937433681887869241 0.00000000099999999994 0.00000000099999999994 0.00000000099999999994 0.00000000099999999994 0.04228282527880277558 0.00000000099999999994 0.00000000099999999994 0.00000000099999999994 
0.07079146960213622553 0.84719800261360023175 0.00000000099999999996 0.01183388848100927829 0.00000000099999999996 0.00000000099999999996 0.03147195782741051689 0.00000000099999999996 0.03870467647584365650 0.00000000099999999996 
0.11002006332406295830 0.88997510695444670414 0.00000000099999999995 0.00000000099999999995 0.00000000099999999995 0.00000000099999999995 0.00000482272149045031 0.00000000099999999995 0.00000000099999999995 0.00000000099999999995 
0.10714990746412191014 0.80863294569421684255 0.00000000099999999997 0.01843353189687385943 0.00000000099999999997 0.00000000099999999997 0.04021194840789424352 0.00000000099999999997 0.02557166153689326843 0.00000000099999999997 
0.08399941632760961341 0.84694798319358088889 0.00000000099999999995 0.00000000099999999995 0.00000000099999999995 0.00000000099999999995 0.02122281898849394388 0.00000000099999999995 0.04782977549031584147 0.00000000099999999995 
0.06545403925338787177 0.93454595274661222959 0.00000000099999999995 0.00000000099999999995 0.00000000099999999995 0.00000000099999999995 0.00000000099999999995 0.00000000099999999995 0.00000000099999999995 0.00000000099999999995 
0.07870633257763474944 0.90833110373841552398 0.00000000099999999997 0.01296255668394974414 0.00000000099999999997 0.00000000099999999997 0.00000000099999999997 0.00000000099999999997 0.00000000099999999997 0.00000000099999999997 
0.07108459266388640618 0.92891539933611377844 0.00000000099999999993 0.00000000099999999993 0.00000000099999999993 0.00000000099999999993 0.00000000099999999993 0.00000000099999999993 0.00000000099999999993 0.00000000099999999993 
0.15571215070986460516 0.83677027777367285477 0.00000000099999999995 0.00000000099999999995 0.00000000099999999995 0.00000000099999999995 0.00700475654706512584 0.00000000099999999995 0.00051280896939767239 0.00000000099999999995 
0.06042844374376900307 0.93957154825623123706 0.00000000099999999994 0.00000000099999999994 0.00000000099999999994 0.00000000099999999994 0.00000000099999999994 0.00000000099999999994 0.00000000099999999994 0.00000000099999999994 
0.05978849115009057108 0.94021150084990945395 0.00000000099999999996 0.00000000099999999996 0.00000000099999999996 0.00000000099999999996 0.00000000099999999996 0.00000000099999999996 0.00000000099999999996 0.00000000099999999996 
0.07294166674840021902 0.86930480422033384880 0.00000000099999999998 0.00000000099999999998 0.00000000099999999998 0.00000000099999999998 0.03534754911000805716 0.02221552662500983141 0.00007121398745037116 0.00011923530879776369 
0.00000000099999999986 0.00000000099999999986 0.00000000099999999986 0.00000000099999999986 0.99999999100000014352 0.00000000099999999986 0.00000000099999999986 0.00000000099999999986 0.00000000099999999986 0.00000000099999999986 
0.00000000099999999986 0.00000000099999999986 0.00000000099999999986 0.00000000099999999986 0.99999999100000003249 0.00000000099999999986 0.00000000099999999986 0.00000000099999999986 0.00000000099999999986 0.00000000099999999986 
0.67281373567903834942 0.00000000099999999995 0.00000000099999999995 0.00000000099999999995 0.00000000099999999995 0.32718625632096176581 0.00000000099999999995 0.00000000099999999995 0.00000000099999999995 0.00000000099999999995 
0.74505267651810025420 0.00000000099999999995 0.00000000099999999995 0.00000000099999999995 0.00000000099999999995 0.25494731548189991654 0.00000000099999999995 0.00000000099999999995 0.00000000099999999995 0.00000000099999999995 
0.68957639875039034028 0.00000000099999999995 0.00000000099999999995 0.00000000099999999995 0.00000000099999999995 0.31042359324960988598 0.00000000099999999995 0.00000000099999999995 0.00000000099999999995 0.00000000099999999995 
0.72202837601591618455 0.27496457135834889707 0.00000000099999999998 0.00133317091704394410 0.00000000099999999998 0.00000000099999999998 0.00167387570869111492 0.00000000099999999998 0.00000000099999999998 0.00000000099999999998 
0.77322805417768925018 0.00000000099999999995 0.00000000099999999995 0.00000000099999999995 0.00000000099999999995 0.22677193782231092056 0.00000000099999999995 0.00000000099999999995 0.00000000099999999995 0.00000000099999999995 
0.74697761057247469285 0.00000000099999999995 0.00000000099999999995 0.00000000099999999995 0.00000000099999999995 0.25302238142752553340 0.00000000099999999995 0.00000000099999999995 0.00000000099999999995 0.00000000099999999995 
0.72092065291484108691 0.00000000099999999997 0.00000000099999999997 0.00000000099999999997 0.00000000099999999997 0.27613771335801079454 0.00000000099999999997 0.00000000099999999997 0.00000000099999999997 0.00294162672714825104 
0.53911366148798911535 0.00000000099999999998 0.00591819438436388002 0.00000000099999999998 0.00000000099999999998 0.42008711628873479649 0.00000000099999999998 0.02643200519108746330 0.00000000099999999998 0.00844901764782490620 
0.73098597662735986802 0.00000000099999999996 0.00000000099999999996 0.00000000099999999996 0.00000000099999999996 0.26901401537264035824 0.00000000099999999996 0.00000000099999999996 0.00000000099999999996 0.00000000099999999996 
0.78164711657268226563 0.00000000099999999994 0.00000000099999999994 0.00000000099999999994 0.00000000099999999994 0.21835287542731782184 0.00000000099999999994 0.00000000099999999994 0.00000000099999999994 0.00000000099999999994 
0.66686241225519304887 0.00000000099999999996 0.00000000099999999996 0.00000000099999999996 0.00000000099999999996 0.33313757974480706636 0.00000000099999999996 0.00000000099999999996 0.00000000099999999996 0.00000000099999999996 
0.68286658117975240767 0.00000000099999999994 0.00000000099999999994 0.00000000099999999994 0.00000000099999999994 0.31713341082024776307 0.00000000099999999994 0.00000000099999999994 0.00000000099999999994 0.00000000099999999994 
0.15909498737230637344 0.07021501397558874147 0.04302466232789191325 0.00000058776135339245 0.00073104549810727791 0.55964801675449193930 0.00000228453955558257 0.15317403409701321748 0.00985129476760466388 0.00425807290608707072 
0.01896391197109906571 0.47249175344706395574 0.00000000099999999997 0.04798618345603630070 0.00000000099999999997 0.30285234917096542917 0.02177769162411210060 0.00000000099999999997 0.13592810633072319182 0.00000000099999999997 
0.00000000099999999998 0.35907895069944811839 0.00000000099999999998 0.09465849982149075748 0.00913564172492449186 0.31637382157707227837 0.03327311569138784869 0.00000000099999999998 0.18747996648567638589 0.00000000099999999998 
0.02869309485969319742 0.38305540297453216647 0.00000000099999999998 0.08149043670915019633 0.00262429622819937728 0.35942922958277895296 0.00000000099999999998 0.00000000099999999998 0.14470753564564603488 0.00000000099999999998 
0.00000000099999999998 0.31397126332499908363 0.00000000099999999998 0.09558154138655637622 0.00000000099999999998 0.36925452486846227496 0.03473541701432354689 0.00000000099999999998 0.18413608633267619652 0.00232116307298245493 
0.00000000099999999997 0.35817865631584616670 0.00000000099999999997 0.11761123024154741812 0.01324645511712056745 0.35562983120260238667 0.02338817303059838315 0.00000000099999999997 0.13194565009228498287 0.00000000099999999997 
0.00000000099999999998 0.35583481538751782214 0.00000000099999999998 0.08748811608663217831 0.01832111646809303496 0.37497695533462677142 0.00000000099999999998 0.00000000099999999998 0.16337899172313019580 0.00000000099999999998 
0.00000000099999999997 0.40615525420774012400 0.00000000099999999997 0.07172241758886266361 0.00000000099999999997 0.39095119936233235780 0.00000000099999999997 0.00000000099999999997 0.13117112284106494102 0.00000000099999999997 
0.01136152584561088766 0.31138760696807193940 0.00000000099999999997 0.10746433619024337025 0.00000000099999999997 0.42228188151886647539 0.00000000099999999997 0.00000000099999999997 0.14750464447720718075 0.00000000099999999997 
0.00982840705806835996 0.29889942768780747295 0.00000000099999999996 0.09154498505546404541 0.00000000099999999996 0.43233456536835535022 0.00000000099999999996 0.00000000099999999996 0.16739260983030457286 0.00000000099999999996 
0.00606707303917539825 0.38671825334861187340 0.00000000099999999998 0.07078027343401749327 0.01470279988100048514 0.35820453293144915996 0.00000000099999999998 0.00000000099999999998 0.16352706336574540646 0.00000000099999999998 
0.00000000099999999998 0.36509093499739880828 0.00000000099999999998 0.06371643056250431147 0.00068280327740095838 0.35162629945576484580 0.05457970415440481504 0.00000000099999999998 0.16430382355252615145 0.00000000099999999998 
0.00000000099999999998 0.31398579900903017537 0.00000000099999999998 0.07282865154595132007 0.02003165211533716045 0.34246217956505115021 0.01551373129036291536 0.00000000099999999998 0.23517798247426727198 0.00000000099999999998 
0.00901215123017132941 0.36266401887732957476 0.00000000099999999998 0.07725651245712786275 0.00000000099999999998 0.40626761762911484110 0.00141664923367208827 0.00000000099999999998 0.14338304657258427177 0.00000000099999999998 
0.00052149978675741207 0.38342325759579826139 0.00000000099999999998 0.07451773752367824022 0.00000000099999999998 0.35483904328602983158 0.00000000099999999998 0.00000000099999999998 0.18669845680773616836 0.00000000099999999998 
0.00000000099999999996 0.32378982648097354158 0.00000000099999999996 0.07006865533711935379 0.00000000099999999996 0.41823228942693635446 0.00000000099999999996 0.01097905537716646965 0.17693016837780423112 0.00000000099999999996 
0.00000000099999999998 0.38305036213774662501 0.00000000099999999998 0.06318857976476642546 0.00000000099999999998 0.37429369000126483380 0.00000000099999999998 0.00000000099999999998 0.17946736209622196623 0.00000000099999999998 
0.01514291318945907086 0.36864870465144305989 0.00000000099999999997 0.04674725408878506461 0.00002551874484241935 0.39842484080826334747 0.00000000099999999997 0.00000000099999999997 0.17101076451720698124 0.00000000099999999997 
0.03392926127377017542 0.30924149028518305160 0.00000000099999999998 0.08518574660727910863 0.02863369602053312743 0.40622765187299886280 0.00504678516523891091 0.00000000099999999998 0.13173536577499680988 0.00000000099999999998 
0.00000000099999999998 0.34606870941008788245 0.00000000099999999998 0.07470710237418771993 0.00000000099999999998 0.41832835357152520217 0.00000000099999999998 0.00000000099999999998 0.15413276091465333284 0.00676306872954567529 
0.00000000099999999997 0.33967793425902276239 0.00000000099999999997 0.10427860090564217144 0.01055571367228169861 0.38010822500484764408 0.01806633109780910254 0.00000000099999999997 0.14731319106039661437 0.00000000099999999997 
0.00000000099999999988 0.00000000099999999988 0.00000000099999999988 0.00000000099999999988 0.99999999100000003249 0.00000000099999999988 0.00000000099999999988 0.00000000099999999988 0.00000000099999999988 0.00000000099999999988 
0.00802063372694405280 0.93670410880374854745 0.00000000099999999997 0.00000000099999999997 0.03326984520798956929 0.00000000099999999997 0.02200540626131805913 0.00000000099999999997 0.00000000099999999997 0.00000000099999999997 
0.00000000099999999997 0.91897817549064486631 0.00000000099999999997 0.00000000099999999997 0.06683960392996271538 0.00000000099999999997 0.01418221357939258853 0.00000000099999999997 0.00000000099999999997 0.00000000099999999997 
0.00000000099999999996 0.96229724895441737242 0.00000000099999999996 0.00000000099999999996 0.00539273827214498732 0.03231000577343778185 0.00000000099999999996 0.00000000099999999996 0.00000000099999999996 0.00000000099999999996 
0.02991103530196699556 0.92060330947529056544 0.00000000099999999996 0.00000000099999999996 0.04948564822274251207 0.00000000099999999996 0.00000000099999999996 0.00000000099999999996 0.00000000099999999996 0.00000000099999999996 
0.00000000099999999991 0.99999999100000014352 0.00000000099999999991 0.00000000099999999991 0.00000000099999999991 0.00000000099999999991 0.00000000099999999991 0.00000000099999999991 0.00000000099999999991 0.00000000099999999991 
0.01524731350822218327 0.92944810554334611474 0.00000000099999999997 0.01898031380527362769 0.02282125076134820449 0.00000000099999999997 0.01350301138180991754 0.00000000099999999997 0.00000000099999999997 0.00000000099999999997 
0.00000000099999999982 0.99999999100000014352 0.00000000099999999982 0.00000000099999999982 0.00000000099999999982 0.00000000099999999982 0.00000000099999999982 0.00000000099999999982 0.00000000099999999982 0.00000000099999999982 
0.00000000099999999992 0.98334806035256028256 0.00000000099999999992 0.00000000099999999992 0.01665193164743978410 0.00000000099999999992 0.00000000099999999992 0.00000000099999999992 0.00000000099999999992 0.00000000099999999992 
0.00000000099999999995 0.98043769293983396018 0.00000000099999999995 0.00000000099999999995 0.01956229906016629036 0.00000000099999999995 0.00000000099999999995 0.00000000099999999995 0.00000000099999999995 0.00000000099999999995 
0.00000000099999999997 0.93676897497037447948 0.00000000099999999997 0.00000000099999999997 0.05264843746568310251 0.00236623147665077083 0.00000000099999999997 0.00000000099999999997 0.00000000099999999997 0.00821635008729185677 
