0.74732259170272019588 0.21649386978991602692 0.03618353850736372168 
0.74197772936915895592 0.21904553014478930772 0.03897674048605169472 
0.76216079852382445647 0.20920731321778035516 0.02863188825839503918 
0.74906979280389152098 0.22245350660787857611 0.02847670058823003128 
0.75074416441149216528 0.24102125431956397672 0.00823458126894384412 
0.69696790595388768974 0.23406231765436111281 0.06896977639175122521 
0.73698777947478888439 0.22704529711306287165 0.03596692341214825783 
0.68582468424851206201 0.27667258714703085731 0.03750272860445710149 
0.71665953141758687028 0.21166057495933610078 0.07167989362307704282 
0.65173632754591215299 0.26633616398552550919 0.08192750846856250435 
0.72239294943001575167 0.23848846916148244701 0.03911858140850198173 
0.67564859013254985332 0.27398719163545343092 0.05036421823199672271 
0.76168053855916395545 0.21000920579874104988 0.02831025564209507100 
0.38519038779342518186 0.00000000099999999999 0.61480961120657484642 
0.38273518270952516795 0.00000000100000000000 0.61726481629047491584 
0.34283362795107202858 0.00000000099999999999 0.65716637104892783317 
0.33261472720867779618 0.00000000099999999999 0.66738527179132223210 
0.37242694287888611360 0.00000000099999999999 0.62757305612111369264 
0.38913376576990987843 0.00614232697870911292 0.60472390725138103207 
0.37633868657467506313 0.00000000099999999999 0.62366131242532496515 
0.40407227749115237625 0.00000000099999999999 0.59592772150884765203 
0.35573581829479977712 0.00000000099999999999 0.64426418070520030668 
0.33366354502131018167 0.00000000099999999999 0.66633645397868968008 
0.34099759584946542912 0.00000000100000000000 0.65900240315053471019 
0.34259459441296336024 0.00000000099999999999 0.65740540458703655702 
0.35063296161113544080 0.00000000100000000000 0.64936703738886458748 
0.35797929053240717945 0.00000000100000000000 0.64202070846759262679 
0.30907685491661329724 0.00000000100000000000 0.69092314408338673104 
0.37903874280831667543 0.00000000099999999999 0.62096125619168340837 
0.29264388831864823759 0.00000000099999999999 0.70735611068135184620 
0.32854530968997536222 0.00000000099999999998 0.67145468931002472157 
0.33720288871117143348 0.00000000099999999999 0.66279711028882859480 
0.25955716410328405486 0.00000000099999999999 0.74044283489671591791 
0.28298184164329492907 0.00000000099999999998 0.71701815735670493268 
0.31440196937386311049 0.00000000099999999999 0.68559802962613680677 
0.32793235496680250840 0.00000000099999999998 0.67206764403319751988 
0.31755012330685850053 0.00000000099999999999 0.68244987569314152775 
0.22159815903566482120 0.00000000099999999999 0.77840183996433531810 
0.31946520492339436359 0.00000000099999999999 0.68053479407660566469 
0.00000000099999999997 0.00000000099999999997 0.99999999800000005656 
0.29043264013597247519 0.00000000099999999999 0.70956735886402755309 
0.30317276035845769355 0.00000000099999999999 0.69682723864154227922 
0.34431312177274997488 0.00000000099999999999 0.65568687722725005340 
0.29391083176121518550 0.00000000099999999999 0.70608916723878467625 
0.30720245999716994101 0.00000000099999999999 0.69279753900283014278 
0.25408685052456181364 0.00000000099999999999 0.74591314847543810362 
0.18085611587548264256 0.00000000100000000000 0.81914388312451735796 
0.05691678173722463513 0.48260851717980707276 0.46047470108296822966 
0.00000000099999999999 0.50269557415847743176 0.49730442484152254101 
0.00000000100000000000 0.54145266795416091554 0.45854733104583911274 
0.00000000100000000000 0.50252294131141406197 0.49747705768858596631 
0.00000028032127618750 0.53522108833571147013 0.46477863134301239390 
0.07229658186215863480 0.48852286592916660535 0.43918055220867485700 
0.00000100941059738780 0.48888900918918021254 0.51110998140022234626 
0.05088146267837841824 0.42954474613941151517 0.51957379118221014291 
0.03330468101867089387 0.48411559516837332495 0.48257972381295582975 
0.00000000100000000000 0.53486816149793714459 0.46513183750206293920 
0.15519281174840934834 0.00000000099999999998 0.84480718725159065219 
0.08322798637776936126 0.00000000099999999999 0.91677201262223062539 
0.06991792486875139656 0.00000000099999999999 0.93008207413124865948 
0.06055617951519625536 0.00000000099999999999 0.93944381948480382150 
0.06718826995811248703 0.00000000099999999999 0.93281172904188747186 
0.08905025204506729353 0.00000000099999999999 0.91094974695493269312 
0.11009849168520050022 0.00000000099999999999 0.88990150731479944479 
0.13212433024975567264 0.00000000099999999999 0.86787566875024435564 
0.00000000099999999998 0.00000000099999999998 0.99999999800000005656 
0.06645821682282218590 0.00000000099999999999 0.93354178217717775912 
0.69800831375614535990 0.05533774407984502763 0.24665394216400959859 
0.80183043367043194127 0.06691205523960931656 0.13125751108995881156 
0.60353093680485303540 0.04807003428287872498 0.34839902891226837145 
0.77930508788298358258 0.10511379834932718658 0.11558111376768927248 
0.15199616135691004781 0.00000000099999999999 0.84800383764308995271 
0.15956972810606645519 0.00000000099999999999 0.84043027089393351758 
0.17533233221360733367 0.00000000099999999999 0.82466766678639269461 
0.20985471819108886260 0.00000000099999999999 0.79014528080891111017 
0.16108645133239238301 0.00000000099999999999 0.83891354766760772854 
0.19976793181718899284 0.00000000099999999999 0.80023206718281103544 
0.99999999800000005656 0.00000000099999999997 0.00000000099999999997 
0.32265789668609223817 0.00000000100000000000 0.67734210231390779011 
0.42040465357655337764 0.00000000100000000000 0.57959534542344659513 
0.36049949234188966019 0.00000000100000000000 0.63950050665811031259 
0.35600713853760607153 0.00000000100000000000 0.64399286046239379022 
0.47692754693978195446 0.00000000099999999999 0.52307245206021790729 
0.30836642381778561761 0.00293095161880254371 0.68870262456341180268 
0.37064029036384826821 0.00000000099999999999 0.62935970863615176007 
0.39238306708721198968 0.00551323999782166608 0.60210369291496634858 
0.35409260583952117951 0.00000000100000000000 0.64590739316047884877 
0.35435473747565832126 0.00000000100000000000 0.64564526152434165152 
0.36441859677199095469 0.00000000100000000000 0.63558140222800918462 
0.35703559578873422797 0.00000000099999999999 0.64296440321126580031 
0.30017649968808979288 0.00000000099999999999 0.69982349931191023540 
0.54796934650566742064 0.00000000100000000000 0.45203065249433255213 
0.31160479242749389295 0.00000000100000000000 0.68839520657250596880 
0.00000000099999999999 0.00000000099999999999 0.99999999800000005656 
0.00000000099999999998 0.15748916206994839628 0.84251083693005157649 
0.00000000099999999998 0.10073822851965334724 0.89926177048034661166 
0.00000000099999999999 0.13404700150011530924 0.86595299749988463578 
0.00000000099999999998 0.09072087818740005860 0.90927912081259987254 
0.00000000099999999998 0.12557047073159902095 0.87442952826840103508 
0.00000000099999999999 0.12282641346359358947 0.87717358553640645269 
0.00000000099999999998 0.14838505718090613805 0.85161494181909391799 
0.00000000099999999999 0.10084577110131015543 0.89915422789868981734 
0.00000000099999999998 0.15400646875484225173 0.84599353024515777655 
0.18768366698489480360 0.00000000099999999999 0.81231633201510511366 
0.14415589153170998982 0.00000000099999999998 0.85584410746829009398 
0.03682272009983929284 0.00766576588091892261 0.95551151401924183659 
0.00000000099999999999 0.01025101778066393396 0.98974898121933607698 
0.00000000100000000000 0.01986535666515504978 0.98013464233484504096 
0.00000000099999999999 0.01971411139197574644 0.98028588760802437552 
0.00000000099999999998 0.00000000099999999998 0.99999999799999994554 
0.00000000099999999999 0.01727651776017364443 0.98272348123982633528 
0.00068649413890072681 0.00000000100000000000 0.99931350486109915554 
0.00000000099999999999 0.00000000099999999999 0.99999999800000005656 
0.00000000099999999998 0.00000000099999999998 0.99999999800000005656 
0.00000000099999999998 0.00000000099999999998 0.99999999800000005656 
0.00000000099999999999 0.00000000099999999999 0.99999999799999994554 
0.00000000099999999999 0.00000000099999999999 0.99999999800000005656 
0.00000000099999999999 0.00718411284045957204 0.99281588615954041721 
0.00000000099999999999 0.00000000099999999999 0.99999999800000005656 
0.00000000099999999999 0.00002740121364024597 0.99997259778635971816 
0.00000000099999999999 0.00000000099999999999 0.99999999799999994554 
0.00000000100000000000 0.00998222586681318975 0.99001777313318695128 
0.00000000099999999998 0.00000000099999999998 0.99999999799999994554 
0.00000000099999999999 0.00000000099999999999 0.99999999800000005656 
0.00000000099999999999 0.00313154250449356646 0.99686845649550637205 
0.00000017737189052184 0.00025542343618084845 0.99974439919192858994 
0.00660971971232928324 0.00000000100000000000 0.99339027928767076325 
0.99999999799999994554 0.00000000099999999998 0.00000000099999999998 
0.99999999799999994554 0.00000000099999999997 0.00000000099999999997 
0.22742316081195781963 0.25436320034223586228 0.51821363884580629033 
0.20882289011413146529 0.22846593766242059842 0.56271117222344790854 
0.23469475870320349875 0.27571894643359678989 0.48958629486319965585 
0.00002544272107727290 0.15889709560275142031 0.84107746167617125632 
0.12516385928052614629 0.26686846948753545350 0.60796767123193851123 
0.17696205053121902284 0.24786118542265073161 0.57517676404613027330 
0.19660098178646151501 0.23332286614883698816 0.57007615206470152458 
0.33635790757316030852 0.22899708519249262206 0.43464500723434718044 
0.20581482391491254247 0.22895640786709622883 0.56522876821799128422 
0.13099861126439066306 0.24950769001226510979 0.61949369872334425491 
0.23697763977831615145 0.23064934370882084202 0.53237301651286306203 
0.20400413248864507354 0.28882697290092207432 0.50716889461043279663 
0.56580645246995431297 0.15353210193131050509 0.28066144559873512643 
0.29219772496754314872 0.00000000100000000000 0.70780227403245676854 
0.31172236049159512961 0.00000000099999999999 0.68827763850840473214 
0.35325856077397538302 0.00000000100000000000 0.64674143822602447873 
0.36070807507228308531 0.00000000099999999999 0.63929192392771683195 
0.36681415829672014972 0.00000000099999999999 0.63318584070327976754 
0.39253113387906735099 0.00000000099999999999 0.60746886512093256627 
0.36549849396749728436 0.00000000100000000000 0.63450150503250268841 
0.38945058594072401448 0.00000000099999999999 0.61054941305927601380 
0.39699041483368463501 0.00000000100000000000 0.60300958416631533776 
0.37634010058607930693 0.00000000099999999999 0.62365989841392066584 
0.34863743643139577522 0.00000000100000000000 0.65136256256860425307 
0.35478130611458624788 0.00000000099999999999 0.64521869288541378040 
0.39568094504204986972 0.00000000100000000000 0.60431905395795004754 
0.34479173263925827486 0.00000000099999999999 0.65520826636074169791 
0.40868162455642198516 0.00000000099999999999 0.59131837444357793210 
0.35851046070180808689 0.00000000100000000000 0.64148953829819188588 
0.38434199609309949164 0.00000000099999999999 0.61565800290690053664 
0.42561357567771812560 0.00000000099999999999 0.57438642332228184717 
0.42535314585562289391 0.00000000099999999999 0.57464685314437702335 
0.39504730233739571155 0.00000000099999999999 0.60495269666260431674 
0.99999999799999994554 0.00000000099999999998 0.00000000099999999998 
0.05063671492769334509 0.00000000099999999999 0.94936328407230663462 
0.09020337521448301699 0.00000000100000000000 0.90979662378551695578 
0.06051875186759914788 0.00000000099999999999 0.93948124713240088735 
0.07274234099547517707 0.00000000099999999999 0.92725765800452486509 
0.00000189642217131641 0.00000000099999999998 0.99999810257782861811 
0.04151762250496605217 0.00000000099999999999 0.95848237649503387203 
0.00000000099999999996 0.00000000099999999996 0.99999999799999994554 
0.03247465512914126523 0.00000000099999999998 0.96752534387085875611 
0.03979955789882866357 0.00000000099999999999 0.96020044110117130920 
0.11080628284781880721 0.00000000099999999998 0.88919371615218123495 
0.00000001519128136710 0.00000000099999999998 0.99999998380871868431 
0.08761028449214425251 0.00000000099999999999 0.91238971450785577577 
0.03282254819010644448 0.00000000099999999999 0.96717745080989359074 
0.00000000099999999999 0.00000000099999999999 0.99999999800000005656 
0.00000000099999999996 0.00000000099999999996 0.99999999799999994554 
0.00000000099999999999 0.00000000099999999999 0.99999999800000005656 
0.01598678154663825055 0.00000000099999999999 0.98401321745336178815 
0.00000000099999999999 0.00000000099999999999 0.99999999800000005656 
0.00000000099999999998 0.00000000099999999998 0.99999999800000005656 
0.05732497503641548198 0.00000000099999999999 0.94267502396358460182 
0.14069946889553672231 0.00000000099999999999 0.85930053010446316719 
0.00288104184251450519 0.00000000099999999999 0.99711895715748555258 
0.01411150425827887092 0.00000000099999999999 0.98588849474172124410 
0.00000000099999999998 0.00000000099999999998 0.99999999799999994554 
0.04325773698574807147 0.00000000099999999999 0.95674226201425194294 
0.00000000099999999998 0.00000000099999999998 0.99999999799999994554 
0.00000000099999999998 0.00000000099999999998 0.99999999799999994554 
0.01427695477258894043 0.00000000099999999999 0.98572304422741097163 
0.00000000099999999998 0.00000000099999999998 0.99999999799999994554 
0.00178151775563631398 0.00000000099999999999 0.99821848124436374228 
0.00011910789394135491 0.00000000100000000000 0.99988089110605871124 
0.00001665419150336993 0.00000000099999999999 0.99998334480849671024 
0.00000000099999999998 0.00000000099999999998 0.99999999800000005656 
0.00000000235824932117 0.00000000099999999999 0.99999999664175065472 
0.01818880823679084463 0.00000000100000000000 0.98181119076320921835 
0.05287713660597354037 0.00000000099999999999 0.94712286239402643240 
0.00002439864831095161 0.00000000099999999999 0.99997560035168897574 
0.00000000099999999998 0.00000000099999999998 0.99999999799999994554 
0.00000000099999999999 0.00000000099999999999 0.99999999799999994554 
0.00900641684438079244 0.00000000159270599322 0.99099358156291317279 
0.00000000099999999999 0.18862814624477319825 0.81137185275522683003 
0.00000000099999999999 0.27746778811181960211 0.72253221088818042617 
0.00000000099999999999 0.22157218999311298346 0.77842780900688712808 
0.00000000099999999999 0.19745345086153306968 0.80254654813846693084 
0.00000000099999999999 0.23643646474521209933 0.76356353425478784569 
0.00000000099999999999 0.18430292532836800579 0.81569707367163202250 
0.00000000099999999999 0.19844635418596115461 0.80155364481403879040 
0.00000000099999999999 0.24590854821148874776 0.75409145078851136379 
0.00000000100000000000 0.19837413659663791221 0.80162586240336219934 
0.00000000099999999999 0.22285104169386368844 0.77714895730613620106 
0.00000000099999999999 0.19541341501181733187 0.80458658398818272417 
0.00000000099999999999 0.21582066545039402250 0.78417933354960600578 
0.00000000099999999999 0.21472524801499223712 0.78527475098500776340 
0.00000000099999999999 0.24971544766570119567 0.75028455133429872159 
0.00000000099999999999 0.22422202052475109779 0.77577797847524898600 
0.00000000099999999999 0.20957310078635740802 0.79042689821364253699 
0.00000000099999999999 0.23066191426372426032 0.76933808473627562918 
0.00000000099999999999 0.21129610734174061881 0.78870389165825938171 
0.00000000099999999999 0.22792277069109417864 0.77207722830890579413 
0.00000000099999999999 0.22148249734151656543 0.77851750165848332408 
0.00000000099999999999 0.22260470020362863042 0.77739529879637137011 
0.99999999800000005656 0.00000000099999999998 0.00000000099999999998 
0.30809197611469840705 0.18472965806045663073 0.50717836582484498997 
0.00000000099999999999 0.07674113647876572297 0.92325886252123434694 
0.00000000100000000000 0.01349981218257213442 0.98650018681742779325 
0.00000000099999999999 0.06653403592601521421 0.93346596307398488346 
0.00000000099999999999 0.08563673000966544324 0.91436326899033459892 
0.00000000099999999998 0.16350052861852196195 0.83649947038147798306 
0.00000000099999999998 0.13220505678137228767 0.86779494221862762959 
0.00000000099999999997 0.00000000099999999997 0.99999999799999994554 
0.00000000099999999998 0.00000000099999999998 0.99999999800000005656 
0.00000000099999999997 0.00000000099999999997 0.99999999799999994554 
0.00000000099999999998 0.00000000099999999998 0.99999999799999994554 
0.00000000099999999997 0.00000000099999999997 0.99999999800000005656 
0.00000000099999999998 0.00000000099999999998 0.99999999799999994554 
0.00000000099999999997 0.00000000099999999997 0.99999999799999994554 
0.00000000099999999998 0.00000000099999999998 0.99999999799999994554 
0.00000000099999999997 0.99999999799999994554 0.00000000099999999997 
0.00000000099999999995 0.99999999800000005656 0.00000000099999999995 
0.00000000099999999997 0.99999999800000005656 0.00000000099999999997 
0.00000000099999999998 0.99999999800000005656 0.00000000099999999998 
0.00000000099999999995 0.99999999800000005656 0.00000000099999999995 
0.00000000099999999998 0.99999999800000005656 0.00000000099999999998 
0.00000000099999999997 0.99999999799999994554 0.00000000099999999997 
0.00000000099999999997 0.99999999799999994554 0.00000000099999999997 
0.00000000099999999996 0.99999999799999994554 0.00000000099999999996 
0.00000000099999999996 0.99999999800000005656 0.00000000099999999996 
0.21428095388250428810 0.00000000099999999999 0.78571904511749579569 
0.23286262846496741385 0.00000000099999999999 0.76713737053503261443 
0.18271942411533165229 0.00000000099999999999 0.81728057488466843150 
0.22905910721224831406 0.00000000099999999999 0.77094089178775171423 
0.21470527278725409781 0.00000000099999999999 0.78529472621274587496 
0.23067904183959009323 0.00000000099999999999 0.76932095716041004607 
0.25109184294200109777 0.00000000099999999999 0.74890815605799887500 
0.22070585914199331024 0.00000000099999999999 0.77929413985800666254 
0.20923874343882356563 0.00000000099999999999 0.79076125556117649040 
0.19042292021928608481 0.00000000099999999999 0.80957707878071394347 
0.21194214596304838949 0.00000000099999999999 0.78805785303695152777 
0.27527284457835332621 0.00000000099999999999 0.72472715442164670208 
0.24033526495605544993 0.00000000099999999999 0.75966473404394452285 
0.17562557121050137443 0.00000000099999999999 0.82437442778949865385 
0.21907513951994300738 0.00000000099999999999 0.78092485948005685437 
0.16457988891320576852 0.00000000099999999999 0.83542011008679417650 
0.00000000099999999998 0.00000000099999999998 0.99999999800000005656 
0.00017019752728462926 0.00000000099999999999 0.99982980147271527382 
0.00006685831548860498 0.00000000099999999999 0.99993314068451133458 
0.00226971888401082678 0.00000000099999999999 0.99773028011598907661 
0.03107979847448579316 0.00000000100000000000 0.96892020052551419695 
0.03072624819685401340 0.00000000099999999999 0.96927375080314603917 
0.05005424489453157849 0.00000000099999999999 0.94994575410546833183 
0.00000000099999999998 0.00000000099999999998 0.99999999800000005656 
0.00000000099999999998 0.00000000099999999998 0.99999999800000005656 
0.00000000099999999999 0.00000000099999999999 0.99999999800000005656 
0.00329105457747609024 0.00000000099999999999 0.99670894442252377932 
0.06600337015260049345 0.00000000099999999999 0.93399662884739953483 
0.00760258447965214777 0.00000000099999999999 0.99239741452034779812 
0.07271314465704810381 0.00000000099999999998 0.92728685434295188283 
0.06206500548951875834 0.00000000099999999999 0.93793499351048115198 
0.03723261336162178581 0.00000000099999999998 0.96276738563837827023 
0.02833505919332993811 0.00000000099999999998 0.97166493980667001384 
0.05413372302197302921 0.00000000099999999998 0.94586627597802697132 
0.04723094443061517933 0.00000000099999999999 0.95276905456938487671 
0.04598520382915108340 0.00000000099999999998 0.95401479517084886162 
0.00395649584736772978 0.00000000099999999999 0.99604350315263223692 
0.11258452273472424610 0.00000000099999999998 0.88741547626527561565 
0.07578952354773929589 0.00000000099999999999 0.92421047545226064912 
0.03644785393115533567 0.00000000099999999998 0.96355214506884456771 
0.07821184287581121886 0.00000000099999999999 0.92178815612418885106 
0.01426409317742285965 0.00000000099999999999 0.98573590582257708537 
0.06676129798494416512 0.00000000099999999998 0.93323870101505579377 
0.03523247686576001098 0.00000000099999999998 0.96476752213423999649 
0.05178872753477081065 0.00000000099999999999 0.94821127146522932172 
0.00000000099999999998 0.00000000099999999998 0.99999999800000005656 
0.00000000099999999998 0.00000000099999999998 0.99999999800000005656 
0.00000000099999999997 0.00000000099999999997 0.99999999799999994554 
0.00000000099999999998 0.00000000099999999998 0.99999999799999994554 
0.00000000099999999997 0.00000000099999999997 0.99999999800000005656 
0.00000000099999999998 0.00000000099999999998 0.99999999800000005656 
0.00000000099999999997 0.00000000099999999997 0.99999999799999994554 
0.00000000099999999998 0.00000000099999999998 0.99999999800000005656 
0.00000000099999999998 0.00000000099999999998 0.99999999800000005656 
0.00000000099999999997 0.00000000099999999997 0.99999999800000005656 
0.00000000099999999998 0.00000000099999999998 0.99999999800000005656 
0.00000000099999999997 0.00000000099999999997 0.99999999799999994554 
0.00000000099999999998 0.00000000099999999998 0.99999999800000005656 
0.00000000099999999997 0.00000000099999999997 0.99999999799999994554 
0.04262008165608355270 0.00000000099999999999 0.95737991734391636456 
0.05470917861911002433 0.00000000099999999999 0.94529082038088996232 
0.02888800670272723831 0.00000000099999999999 0.97111199229727285243 
0.08389851373929468892 0.00000000099999999999 0.91610148526070533936 
0.03649404492677230105 0.00000000099999999999 0.96350595407322758845 
0.05843279752587015458 0.00000000099999999999 0.94156720147412975574 
0.07041490900043917422 0.00457465903936330083 0.92501043196019760995 
0.04965296903440659382 0.00000000099999999999 0.95034702996559339283 
0.04567280139514914850 0.00000000099999999999 0.95432719760485085203 
0.03633081171190259695 0.00000000100000000000 0.96366918728809725092 
0.84855907425573595670 0.04361606583264955594 0.10782485991161457062 
0.80597466609064893905 0.05147147473135305074 0.14255385917799806572 
0.81645724426288857067 0.01388504511932593666 0.16965771061778542328 
0.87296506875279655802 0.00000000100000000000 0.12703493024720344251 
0.78536106374343328529 0.04515651934186287741 0.16948241691470375403 
0.81109480014262758107 0.05292790070381753198 0.13597729915355494246 
0.91255943223736235570 0.06530933965847265932 0.02213122810416497804 
0.88714437632452380900 0.04689812870168118264 0.06595749497379499449 
0.77069671885930979283 0.01691183416869773692 0.21239144697199252576 
0.77823235996910278267 0.02016533392633640051 0.20160230610456092437 
0.99999999800000005656 0.00000000099999999998 0.00000000099999999998 
0.12728503851187192297 0.00000000099999999999 0.87271496048812813306 
0.09448461836878600806 0.00000000099999999998 0.90551538063121395083 
0.10189624364953435431 0.00000000099999999999 0.89810375535046560458 
0.15849242081627723522 0.00000000099999999999 0.84150757818372268204 
0.10967019788732432217 0.00000000099999999999 0.89032980111267578938 
0.12042624077526178916 0.00000000099999999999 0.87957375822473815585 
0.07294652701730819366 0.00000000099999999999 0.92705347198269183462 
0.10917804657360680176 0.00000000099999999999 0.89082195242639317101 
0.09469104052558034723 0.00000000099999999999 0.90530895847441961166 
0.11380951471366154704 0.00000000099999999999 0.88619048428633850900 
0.11184044640642291923 0.00000000099999999999 0.88815955259357715068 
0.11532249094867912109 0.00000000099999999998 0.88467750805132083780 
0.13595031430354984070 0.00000000099999999999 0.86404968469645015983 
0.13554274700398366571 0.00000000099999999999 0.86445725199601630706 
0.11489806202406757651 0.00000000099999999998 0.88510193697593253503 
0.10858466339329518602 0.00000000099999999999 0.89141533560670493941 
0.11817208502489297273 0.00000000099999999999 0.88182791397510695841 
0.12469126191864207676 0.00000000099999999998 0.87530873708135781275 
0.12257653335368126624 0.00000000099999999999 0.87742346564631878980 
0.08784392596781767648 0.00000000099999999999 0.91215607303218226853 
0.61486895556926191020 0.18930376860830083752 0.19582727582243716902 
0.63486007198209659652 0.19116465561395259987 0.17397527240395085912 
0.60420677224468388733 0.18836892124149506866 0.20742430651382101625 
0.51187878588812185665 0.22168190821093000653 0.26643930590094805355 
0.52802945238066334444 0.19910595597421085201 0.27286459164512588682 
0.50900855802632549718 0.21729518872333350443 0.27369625325034102614 
0.55268534511732991810 0.18301797003623698767 0.26429668484643309423 
0.48096389920133536533 0.22703238454505575428 0.29200371625360893590 
0.53933058206635531295 0.19393174103625818172 0.26673767689738653308 
0.49077271384987530833 0.21402757508416872523 0.29519971106595599419 
0.55517332481693026924 0.19771335330211461945 0.24711332188095519458 
0.51719990939370108496 0.21193615747628605228 0.27086393313001289052 
0.50580956952039224372 0.19076887119785870817 0.30342155928174902035 
0.58155121678957677478 0.18364253998722479544 0.23480624322319840203 
0.62427490892931269961 0.17201741946374091152 0.20370767160694638886 
0.00000000099999999998 0.12108141512491764347 0.87891858387508237094 
0.56950794162403572951 0.22538484203108016812 0.20510721634488418563 
0.59881872017884674175 0.19486108798339596415 0.20632019183775729410 
0.40587486244635961885 0.00000000100000000000 0.59412513655364029841 
0.46411664251185102970 0.00000000099999999999 0.53588335648814899859 
0.45584617462499654739 0.00000000099999999999 0.54415382437500348090 
0.46862006790377513932 0.00000000099999999999 0.53137993109622472243 
0.45008780574878459735 0.00000000100000000000 0.54991219325121543093 
0.37583302578614952161 0.00000000099999999999 0.62416697321385039565 
0.42900471094274850170 0.03313484775011093370 0.53786044130714061318 
0.38621165205276036803 0.02282868450720192469 0.59095966344003769688 
0.41745371922622848126 0.00000000100000000000 0.58254627977377160253 
0.38701705749006459767 0.02104580126979403026 0.59193714124014140676 
0.45406554591427322753 0.00000000099999999999 0.54593445308572674524 
0.38579889037305309385 0.02529758030662272034 0.58890352932032419275 
0.46047021656768433173 0.00679426574474250103 0.53273551768757310132 
0.43148604782821559089 0.00000000099999999999 0.56851395117178438188 
0.39526242355019003405 0.01819150792165053626 0.58654606852815938112 
0.35490313766058667611 0.01395117002898814754 0.63114569231042505493 
0.35769603173500968962 0.00061592090085286133 0.64168804736413731504 
0.37315350165312116681 0.01907295777780927334 0.60777354056906951474 
0.99999999799999994554 0.00000000099999999998 0.00000000099999999998 
0.97150139112662159402 0.00000000099999999998 0.02849860787337833365 
0.99999999799999994554 0.00000000099999999998 0.00000000099999999998 
0.99999999800000005656 0.00000000099999999998 0.00000000099999999998 
0.99740723545897269631 0.00000000099999999998 0.00259276354102729598 
0.99999999799999994554 0.00000000099999999998 0.00000000099999999998 
0.00004190594924359385 0.00000000099999999998 0.99995809305075644691 
0.00000000099999999998 0.00000000099999999998 0.99999999799999994554 
0.00000000099999999999 0.00000000099999999999 0.99999999800000005656 
0.00000000099999999999 0.00000000099999999999 0.99999999800000005656 
0.00000000099999999999 0.00000000099999999999 0.99999999799999994554 
0.00000000099999999998 0.00000000099999999998 0.99999999800000005656 
0.00000000099999999998 0.00000000099999999998 0.99999999800000005656 
0.03496464253587519555 0.00061081076549286358 0.96442454669863186822 
0.00000000099999999998 0.00000000099999999998 0.99999999799999994554 
0.99999999799999994554 0.00000000099999999998 0.00000000099999999998 
0.99999999800000005656 0.00000000099999999997 0.00000000099999999997 
0.99999999800000005656 0.00000000099999999997 0.00000000099999999997 
0.98091222855446569273 0.00000000099999999998 0.01908777044553437024 
0.99999999800000005656 0.00000000099999999998 0.00000000099999999998 
0.99999999799999994554 0.00000000099999999998 0.00000000099999999998 
0.99999999800000005656 0.00000000099999999998 0.00000000099999999998 
0.99999999800000005656 0.00000000099999999997 0.00000000099999999997 
0.99999999800000005656 0.00000000099999999998 0.00000000099999999998 
0.99999999799999994554 0.00000000099999999997 0.00000000099999999997 
0.00000000099999999999 0.99999999800000005656 0.00000000099999999999 
0.00000000099999999998 0.99999999800000005656 0.00000000099999999998 
0.00000000099999999997 0.99999999800000005656 0.00000000099999999997 
0.00000000099999999998 0.99999999799999994554 0.00000000099999999998 
0.00000000099999999997 0.99999999800000005656 0.00000000099999999997 
0.00000000099999999998 0.99999999799999994554 0.00000000099999999998 
0.00000000099999999999 0.99999999800000005656 0.00000000099999999999 
0.00000000099999999996 0.99999999800000005656 0.00000000099999999996 
0.00000000099999999998 0.99999999800000005656 0.00000000099999999998 
0.00000000099999999996 0.99999999799999994554 0.00000000099999999996 
0.75415609301766117767 0.00000000100000000000 0.24584390598233882286 
0.71607549498811973177 0.00000000099999999999 0.28392450401188029652 
0.76814126863019105418 0.00000000099999999999 0.23185873036980886308 
0.75501620634816535294 0.00000000099999999999 0.24498379265183473086 
0.76558233072748749226 0.00000000099999999999 0.23441766827251242500 
0.81300385761291749098 0.00000000100000000000 0.18699614138708245403 
0.81455349339772997741 0.00000000099999999999 0.18544650560226993985 
0.80367216154738607692 0.00000000099999999999 0.19632783745261384034 
0.80988188046984244117 0.00000000099999999999 0.19011811853015747609 
0.76931219084801316654 0.00000000100000000000 0.23068780815198688949 
0.77516948047735256822 0.00000000099999999999 0.22483051852264740456 
0.54863924497635252475 0.00001029642913280068 0.45135045859451466965 
0.74563765404612181165 0.00000000099999999999 0.25436234495387832766 
0.72737157181836942232 0.00000000100000000000 0.27262842718163055045 
0.78230560498856316354 0.00000000100000000000 0.21769439401143700352 
0.80845836364514200856 0.00000000100000000000 0.19154163535485813075 
0.90631133711944400488 0.04132444738486825558 0.05236421549568781586 
0.85402492382550154737 0.01936303706897056151 0.12661203910552776275 
0.88039649439317968493 0.05109754265055315575 0.06850596295626720789 
0.91357264778581925846 0.04967892066900665704 0.03674843154517411919 
0.95209936170259679145 0.02837661897281042872 0.01952401932459270004 
0.91533437556797603296 0.06125269571468012347 0.02341292871734389214 
0.54571619257752657095 0.05894045257571675633 0.39534335484675670047 
0.85113373814347514923 0.07296169237998401114 0.07590456947654093678 
0.93572892518384975791 0.06427045664468959696 0.00000061817146072731 
0.92084569402681870631 0.04994481426319514333 0.02920949170998611219 
0.93110880012522478921 0.06003205150436560084 0.00885914837040974006 
0.89749927004669172170 0.05088892361410945336 0.05161180633919890820 
0.90600825581364385908 0.05420975004583909740 0.03978199414051693250 
0.87920922178105442857 0.06697499449647810466 0.05381578372246739045 
0.87216304141619782619 0.06755014827446176318 0.06028681030934047308 
0.46299579947854957451 0.02125249742006982481 0.51575170310138063190 
0.87378113072556817809 0.06387125131362826613 0.06234761796080356966 
0.91241374333660862916 0.05793613641967099853 0.02965012024372034108 
0.00000000099999999999 0.01772150744912940473 0.98227849155087065824 
0.00000000099999999998 0.00000000099999999998 0.99999999799999994554 
0.00000000099999999999 0.13160264268673321775 0.86839735631326675502 
0.00000000099999999999 0.24491684122039902860 0.75508315777960099968 
0.00000000099999999999 0.24419694295910715498 0.75580305604089281779 
0.00000000099999999999 0.25600241261178618979 0.74399758638821367196 
0.00000000099999999999 0.24591915220608237536 0.75408084679391762517 
0.00000000099999999998 0.25383000023202095807 0.74616999876797918123 
0.03724381335930176951 0.00000000099999999999 0.96275618564069820327 
0.08144306372204437872 0.00000000099999999999 0.91855693527795556630 
