0.00000000099999999994 0.00000000099999999994 0.00000000099999999994 0.00000000099999999994 0.00000000099999999994 0.00000000099999999994 0.99999998500000020218 0.00000000099999999994 0.00000000099999999994 0.00000000099999999994 0.00000000099999999994 0.00000000099999999994 0.00000000099999999994 0.00000000099999999994 0.00000000099999999994 0.00000000099999999994 
0.00000000099999999987 0.00000000099999999987 0.00000000099999999987 0.00000000099999999987 0.00000000099999999987 0.00000000099999999987 0.99999998500000009116 0.00000000099999999987 0.00000000099999999987 0.00000000099999999987 0.00000000099999999987 0.00000000099999999987 0.00000000099999999987 0.00000000099999999987 0.00000000099999999987 0.00000000099999999987 
0.00000000099999999992 0.00000000099999999992 0.00000000099999999992 0.00000000099999999992 0.00000000099999999992 0.00000000099999999992 0.99999998500000020218 0.00000000099999999992 0.00000000099999999992 0.00000000099999999992 0.00000000099999999992 0.00000000099999999992 0.00000000099999999992 0.00000000099999999992 0.00000000099999999992 0.00000000099999999992 
0.00000000099999999985 0.00000000099999999985 0.00000000099999999985 0.00000000099999999985 0.00000000099999999985 0.00000000099999999985 0.99999998500000009116 0.00000000099999999985 0.00000000099999999985 0.00000000099999999985 0.00000000099999999985 0.00000000099999999985 0.00000000099999999985 0.00000000099999999985 0.00000000099999999985 0.00000000099999999985 
0.00000000099999999991 0.00000000099999999991 0.00000000099999999991 0.00000000099999999991 0.00000000099999999991 0.00000000099999999991 0.99999998500000009116 0.00000000099999999991 0.00000000099999999991 0.00000000099999999991 0.00000000099999999991 0.00000000099999999991 0.00000000099999999991 0.00000000099999999991 0.00000000099999999991 0.00000000099999999991 
0.00000000099999999997 0.00000000099999999997 0.00000000099999999997 0.00000000099999999997 0.00000000099999999997 0.00000000099999999997 0.96221963759341078148 0.00000000099999999997 0.03296220096196625371 0.00000000099999999997 0.00000000099999999997 0.00000000099999999997 0.00000000099999999997 0.00481814844462299247 0.00000000099999999997 0.00000000099999999997 
0.00000000099999999994 0.00000000099999999994 0.00000000099999999994 0.00000000099999999994 0.00011373080309143531 0.00000000099999999994 0.99988625519690865762 0.00000000099999999994 0.00000000099999999994 0.00000000099999999994 0.00000000099999999994 0.00000000099999999994 0.00000000099999999994 0.00000000099999999994 0.00000000099999999994 0.00000000099999999994 
0.00000000099999999997 0.00000000099999999997 0.00000000099999999997 0.00000000099999999997 0.06654862275244446956 0.00000000099999999997 0.84904292162955885548 0.00000000099999999997 0.01971431289764510875 0.00000000099999999997 0.02812122139808798452 0.03657291032226363259 0.00000000099999999997 0.00000000099999999997 0.00000000099999999997 0.00000000099999999997 
0.00000000099999999992 0.00000000099999999992 0.00000000099999999992 0.00000000099999999992 0.00000000099999999992 0.00000000099999999992 0.99999998500000009116 0.00000000099999999992 0.00000000099999999992 0.00000000099999999992 0.00000000099999999992 0.00000000099999999992 0.00000000099999999992 0.00000000099999999992 0.00000000099999999992 0.00000000099999999992 
0.00000000099999999997 0.00000000099999999997 0.00000000099999999997 0.00000000099999999997 0.05332240220668803959 0.00000000099999999997 0.89581435534898423700 0.00000000099999999997 0.02836529736397148949 0.00000000099999999997 0.02249793308035634085 0.00000000099999999997 0.00000000099999999997 0.00000000099999999997 0.00000000099999999997 0.00000000099999999997 
0.00000000099999999989 0.00000000099999999989 0.00000000099999999989 0.00000000099999999989 0.00000000099999999989 0.00000000099999999989 0.99999998500000020218 0.00000000099999999989 0.00000000099999999989 0.00000000099999999989 0.00000000099999999989 0.00000000099999999989 0.00000000099999999989 0.00000000099999999989 0.00000000099999999989 0.00000000099999999989 
0.00000000099999999990 0.00000000099999999990 0.00000000099999999990 0.00000000099999999990 0.00000000099999999990 0.00000000099999999990 0.99999998500000009116 0.00000000099999999990 0.00000000099999999990 0.00000000099999999990 0.00000000099999999990 0.00000000099999999990 0.00000000099999999990 0.00000000099999999990 0.00000000099999999990 0.00000000099999999990 
0.00000000099999999994 0.00000000099999999994 0.01396096660443246762 0.00000000099999999994 0.00000000099999999994 0.00000000099999999994 0.97883964311733329122 0.00000000099999999994 0.00000000099999999994 0.00000000099999999994 0.00719937727823449173 0.00000000099999999994 0.00000000099999999994 0.00000000099999999994 0.00000000099999999994 0.00000000099999999994 
0.00000000099999999972 0.99999998500000042423 0.00000000099999999972 0.00000000099999999972 0.00000000099999999972 0.00000000099999999972 0.00000000099999999972 0.00000000099999999972 0.00000000099999999972 0.00000000099999999972 0.00000000099999999972 0.00000000099999999972 0.00000000099999999972 0.00000000099999999972 0.00000000099999999972 0.00000000099999999972 
0.00000000099999999982 0.99999998500000042423 0.00000000099999999982 0.00000000099999999982 0.00000000099999999982 0.00000000099999999982 0.00000000099999999982 0.00000000099999999982 0.00000000099999999982 0.00000000099999999982 0.00000000099999999982 0.00000000099999999982 0.00000000099999999982 0.00000000099999999982 0.00000000099999999982 0.00000000099999999982 
0.00000000099999999983 0.99999998500000031321 0.00000000099999999983 0.00000000099999999983 0.00000000099999999983 0.00000000099999999983 0.00000000099999999983 0.00000000099999999983 0.00000000099999999983 0.00000000099999999983 0.00000000099999999983 0.00000000099999999983 0.00000000099999999983 0.00000000099999999983 0.00000000099999999983 0.00000000099999999983 
0.00000000099999999986 0.99999998500000031321 0.00000000099999999986 0.00000000099999999986 0.00000000099999999986 0.00000000099999999986 0.00000000099999999986 0.00000000099999999986 0.00000000099999999986 0.00000000099999999986 0.00000000099999999986 0.00000000099999999986 0.00000000099999999986 0.00000000099999999986 0.00000000099999999986 0.00000000099999999986 
0.00000000099999999984 0.99999998500000042423 0.00000000099999999984 0.00000000099999999984 0.00000000099999999984 0.00000000099999999984 0.00000000099999999984 0.00000000099999999984 0.00000000099999999984 0.00000000099999999984 0.00000000099999999984 0.00000000099999999984 0.00000000099999999984 0.00000000099999999984 0.00000000099999999984 0.00000000099999999984 
0.00000000099999999981 0.99999998500000031321 0.00000000099999999981 0.00000000099999999981 0.00000000099999999981 0.00000000099999999981 0.00000000099999999981 0.00000000099999999981 0.00000000099999999981 0.00000000099999999981 0.00000000099999999981 0.00000000099999999981 0.00000000099999999981 0.00000000099999999981 0.00000000099999999981 0.00000000099999999981 
0.00000000099999999978 0.99999998500000042423 0.00000000099999999978 0.00000000099999999978 0.00000000099999999978 0.00000000099999999978 0.00000000099999999978 0.00000000099999999978 0.00000000099999999978 0.00000000099999999978 0.00000000099999999978 0.00000000099999999978 0.00000000099999999978 0.00000000099999999978 0.00000000099999999978 0.00000000099999999978 
0.00000000099999999992 0.99999993828490807424 0.00000000099999999992 0.00000000099999999992 0.00000000099999999992 0.00000000099999999992 0.00000000099999999992 0.00000000099999999992 0.00000000099999999992 0.00000004771509226383 0.00000000099999999992 0.00000000099999999992 0.00000000099999999992 0.00000000099999999992 0.00000000099999999992 0.00000000099999999992 
0.00000000099999999984 0.99999998500000042423 0.00000000099999999984 0.00000000099999999984 0.00000000099999999984 0.00000000099999999984 0.00000000099999999984 0.00000000099999999984 0.00000000099999999984 0.00000000099999999984 0.00000000099999999984 0.00000000099999999984 0.00000000099999999984 0.00000000099999999984 0.00000000099999999984 0.00000000099999999984 
0.00000000099999999975 0.99999998500000031321 0.00000000099999999975 0.00000000099999999975 0.00000000099999999975 0.00000000099999999975 0.00000000099999999975 0.00000000099999999975 0.00000000099999999975 0.00000000099999999975 0.00000000099999999975 0.00000000099999999975 0.00000000099999999975 0.00000000099999999975 0.00000000099999999975 0.00000000099999999975 
0.07104160970860504132 0.77880975563463639144 0.00000000099999999995 0.00000000099999999995 0.00000000099999999995 0.00000000099999999995 0.00000000099999999995 0.00000000099999999995 0.01673315959230982364 0.00000000099999999995 0.00000000099999999995 0.00000000099999999995 0.12152225549443486374 0.00000000099999999995 0.00000000099999999995 0.01189320857001415453 
0.00558806522301050559 0.99441192077698981056 0.00000000099999999989 0.00000000099999999989 0.00000000099999999989 0.00000000099999999989 0.00000000099999999989 0.00000000099999999989 0.00000000099999999989 0.00000000099999999989 0.00000000099999999989 0.00000000099999999989 0.00000000099999999989 0.00000000099999999989 0.00000000099999999989 0.00000000099999999989 
0.00000000099999999984 0.99999998500000042423 0.00000000099999999984 0.00000000099999999984 0.00000000099999999984 0.00000000099999999984 0.00000000099999999984 0.00000000099999999984 0.00000000099999999984 0.00000000099999999984 0.00000000099999999984 0.00000000099999999984 0.00000000099999999984 0.00000000099999999984 0.00000000099999999984 0.00000000099999999984 
0.07695234010254356494 0.83735803943766951019 0.00000000099999999995 0.06551847635549239157 0.00000000099999999995 0.00000000099999999995 0.00000000099999999995 0.00000000099999999995 0.00000000099999999995 0.00000000099999999995 0.02017113210429476514 0.00000000099999999995 0.00000000099999999995 0.00000000099999999995 0.00000000099999999995 0.00000000099999999995 
0.00000000099999999985 0.99999998500000042423 0.00000000099999999985 0.00000000099999999985 0.00000000099999999985 0.00000000099999999985 0.00000000099999999985 0.00000000099999999985 0.00000000099999999985 0.00000000099999999985 0.00000000099999999985 0.00000000099999999985 0.00000000099999999985 0.00000000099999999985 0.00000000099999999985 0.00000000099999999985 
0.00000000099999999982 0.99999998500000031321 0.00000000099999999982 0.00000000099999999982 0.00000000099999999982 0.00000000099999999982 0.00000000099999999982 0.00000000099999999982 0.00000000099999999982 0.00000000099999999982 0.00000000099999999982 0.00000000099999999982 0.00000000099999999982 0.00000000099999999982 0.00000000099999999982 0.00000000099999999982 
0.02512389105115189758 0.00000000099999999994 0.00000000099999999994 0.02754448161313848356 0.00000000099999999994 0.00000000099999999994 0.00000000099999999994 0.00000000099999999994 0.00000000099999999994 0.00000000099999999994 0.00000000099999999994 0.00000000099999999994 0.00000000099999999994 0.00000000099999999994 0.94733161433570944876 0.00000000099999999994 
0.00000000099999999976 0.00000000099999999976 0.00000000099999999976 0.00000000099999999976 0.00000000099999999976 0.00000000099999999976 0.00000000099999999976 0.00000000099999999976 0.00000000099999999976 0.00000000099999999976 0.00000000099999999976 0.00000000099999999976 0.00000000099999999976 0.00000000099999999976 0.99999998499999998014 0.00000000099999999976 
0.00000000099999999992 0.00000000099999999992 0.00000000099999999992 0.00000000099999999992 0.00000000099999999992 0.00000000099999999992 0.00000000099999999992 0.02821369748136144662 0.00000000099999999992 0.00000000099999999992 0.00000000099999999992 0.00000000099999999992 0.00000000099999999992 0.00000000099999999992 0.97178628851863857463 0.00000000099999999992 
0.06821705824408878793 0.00000000099999999995 0.00000000099999999995 0.00000000099999999995 0.00000000099999999995 0.00000000099999999995 0.00000000099999999995 0.00000000099999999995 0.00000000099999999995 0.00000000099999999995 0.00000000099999999995 0.00000000099999999995 0.00000000099999999995 0.00000000118001775305 0.93178292757589342710 0.00000000099999999995 
0.00000000099999999991 0.00000000099999999991 0.00000000099999999991 0.00000000099999999991 0.00000000099999999991 0.00000000099999999991 0.00000000099999999991 0.00000000099999999991 0.02295755095528974332 0.00000000099999999991 0.00000000099999999991 0.00000000099999999991 0.00000000099999999991 0.00000000099999999991 0.97704243504471022241 0.00000000099999999991 
0.00000000099999999993 0.00000000099999999993 0.00000000099999999993 0.00000000099999999993 0.00000000099999999993 0.00000000099999999993 0.00000000099999999993 0.00000000099999999993 0.00000000099999999993 0.00000000099999999993 0.00000000099999999993 0.00000000099999999993 0.00000000099999999993 0.00000000099999999993 0.99999998499999998014 0.00000000099999999993 
0.00000000099999999976 0.00000000099999999976 0.00000000099999999976 0.00000000099999999976 0.00000000099999999976 0.00000000099999999976 0.00000000099999999976 0.00000000099999999976 0.00000000099999999976 0.00000000099999999976 0.00000000099999999976 0.00000000099999999976 0.00000000099999999976 0.00000000099999999976 0.99999998499999998014 0.00000000099999999976 
0.00000000099999999995 0.00000000099999999995 0.00000000099999999995 0.11255169331856947068 0.00000000099999999995 0.00000000099999999995 0.00000000099999999995 0.00000000099999999995 0.00000000099999999995 0.00000000099999999995 0.00000000099999999995 0.00000000099999999995 0.00000000099999999995 0.00000000099999999995 0.88744829268143055057 0.00000000099999999995 
0.24608939885398334324 0.00000000099999999994 0.00000000099999999994 0.04479795160644326618 0.00000000099999999994 0.00000000099999999994 0.00000000099999999994 0.07215440099150535747 0.00000000099999999994 0.00000000099999999994 0.00000000099999999994 0.00000000099999999994 0.04360979033692449075 0.00000000099999999994 0.59334844721114310406 0.00000000099999999994 
0.00000000099999999994 0.00000000099999999994 0.00000000099999999994 0.00000055969434574463 0.00000000099999999994 0.00000000099999999994 0.00000000099999999994 0.00000000099999999994 0.00000000099999999994 0.00000000099999999994 0.00000000099999999994 0.00000000099999999994 0.00000000099999999994 0.00000000099999999994 0.99999942630565419321 0.00000000099999999994 
0.96240484196296260944 0.00000000099999999981 0.00000000099999999981 0.03759514403703773794 0.00000000099999999981 0.00000000099999999981 0.00000000099999999981 0.00000000099999999981 0.00000000099999999981 0.00000000099999999981 0.00000000099999999981 0.00000000099999999981 0.00000000099999999981 0.00000000099999999981 0.00000000099999999981 0.00000000099999999981 
0.01188453551650339897 0.00000000099999999996 0.00000000099999999996 0.07386602410287053389 0.00000000099999999996 0.00000000099999999996 0.00000000099999999996 0.03130827646256111041 0.01882120538993119208 0.00000000099999999996 0.00000000099999999996 0.00000000099999999996 0.06638237650836287251 0.00000000099999999996 0.79773757201977080200 0.00000000099999999996 
0.00000000099999999989 0.00000000099999999989 0.00000000099999999989 0.00000000099999999989 0.00000000099999999989 0.00000000099999999989 0.00000000099999999989 0.00000000099999999989 0.00000000099999999989 0.00000000099999999989 0.00000000099999999989 0.00000000099999999989 0.00000000099999999989 0.00000000099999999989 0.99999998499999986912 0.00000000099999999989 
0.00000000099999999992 0.00000000099999999992 0.00000000099999999992 0.00000000099999999992 0.00000000099999999992 0.00000000099999999992 0.00000000099999999992 0.00000000099999999992 0.00000000099999999992 0.00000000099999999992 0.00074569309403500783 0.00000000099999999992 0.00000000099999999992 0.00000000099999999992 0.99925429290596501364 0.00000000099999999992 
0.00000000099999999993 0.00000000099999999993 0.00000000099999999993 0.00000000099999999993 0.00000000099999999993 0.00000000099999999993 0.00000000099999999993 0.00000000099999999993 0.00000000099999999993 0.00000000099999999993 0.00000000099999999993 0.00000000099999999993 0.00000000099999999993 0.00000000099999999993 0.99999998499999998014 0.00000000099999999993 
0.00000000099999999992 0.00000000099999999992 0.00000000099999999992 0.00000000099999999992 0.00000000099999999992 0.00000000099999999992 0.00000000099999999992 0.00000000099999999992 0.00000000099999999992 0.00000000099999999992 0.00000000099999999992 0.00000000099999999992 0.00000000099999999992 0.00000000099999999992 0.99999998499999986912 0.00000000099999999992 
0.02723277580443096008 0.00000000099999999993 0.00000000099999999993 0.01838460130352584029 0.00000000099999999993 0.00000000099999999993 0.00000000099999999993 0.00000000099999999993 0.00000000099999999993 0.00000000099999999993 0.00000000099999999993 0.00000000099999999993 0.00000000099999999993 0.00000000099999999993 0.95438260989204315443 0.00000000099999999993 
0.68912440750939563117 0.00000000099999999997 0.00004655551431039080 0.11490390602655341235 0.00000000099999999997 0.00000000099999999997 0.03998727975560957548 0.02074282359242421783 0.00000000099999999997 0.00000000099999999997 0.00000000099999999997 0.08658532132247760693 0.04860262767340402246 0.00000000099999999997 0.00000707060582559736 0.00000000099999999997 
0.02496990799663941982 0.03830561651125983375 0.00000000099999999999 0.03079042139200432321 0.30776924094612434502 0.07052248280427968197 0.08803290367351589152 0.02043470603576614392 0.33014715994927373854 0.00000000099999999999 0.00000000099999999999 0.00000000099999999999 0.00000000099999999999 0.08641547367011311043 0.00000000099999999999 0.00261208102102375916 
0.07804208690383311608 0.00000000099999999996 0.00000000099999999996 0.05689725598159375841 0.32841623833935279508 0.10342834956918631195 0.00000000099999999996 0.00000000099999999996 0.33784068920128734748 0.00000000099999999996 0.00000000099999999996 0.00000000099999999996 0.00000000099999999996 0.09537537000474680116 0.00000000099999999996 0.00000000099999999996 
0.00000000099999999997 0.00000110619674529732 0.00000000099999999997 0.07725591101447838727 0.35701120366580701981 0.11057623814431029319 0.00000000099999999997 0.00000000099999999997 0.34608743980167522292 0.00000000099999999997 0.00000000099999999997 0.00000000099999999997 0.00000000099999999997 0.10028622777180704051 0.00000000099999999997 0.00878186440517699472 
0.00033734846646485579 0.00000000099999999997 0.02218640399076487330 0.00000000099999999997 0.31063232668843421269 0.12467594480731421236 0.00000000099999999997 0.00000000099999999997 0.33182805089374978191 0.00000000099999999997 0.00000000099999999997 0.00000000099999999997 0.05052267912290843432 0.10063635902923780130 0.00000000099999999997 0.05918087900112587590 
0.00000000099999999997 0.02847009739351384627 0.00000000099999999997 0.06410191845391037535 0.35549602485947712216 0.12671460461649491913 0.00000000099999999997 0.00000000099999999997 0.29056995946518371365 0.00000000099999999997 0.00000000099999999997 0.00000000099999999997 0.03597874716606756090 0.09866863904535255747 0.00000000099999999997 0.00000000099999999997 
0.00000000099999999998 0.00000000099999999998 0.00303707203701388461 0.04666361167758589085 0.31332953903029109322 0.16145555252065491025 0.00000000099999999998 0.02097879577802329309 0.33342913229324389057 0.00000000099999999998 0.00000000099999999998 0.00000000099999999998 0.00103473597266376741 0.12007155269052338653 0.00000000099999999998 0.00000000099999999998 
0.00428957951089416374 0.00790350998173574432 0.02143804639862502762 0.06548821811228050516 0.30151442567245573256 0.08028271821564256228 0.07550487757710341863 0.00000000099999999997 0.33784110502927217068 0.00000000099999999997 0.00651778763686145478 0.00000000099999999997 0.01662436903434628618 0.08259535031820615381 0.00000000099999999997 0.00000000851257669803 
0.00000000099999999998 0.01725348366216646750 0.00000000099999999998 0.05692645192790784375 0.25739216581930968175 0.12681098996983497518 0.00000000099999999998 0.03112304255756855390 0.32731459204665913632 0.00000000099999999998 0.00769162886486718898 0.00000000099999999998 0.00000000099999999998 0.13583436376835805737 0.00000000099999999998 0.03965327438332821169 
0.00072556719834105700 0.08241706698637789319 0.00000000099999999998 0.00000000099999999998 0.30080932111871822032 0.13062754797275824559 0.00000000099999999998 0.00000000099999999998 0.32087537072640548441 0.00000000099999999998 0.00000000099999999998 0.00000000099999999998 0.00000000099999999998 0.12090125111334709684 0.00000000099999999998 0.04364386588405203687 
0.00000000099999999998 0.00000000099999999998 0.00000000099999999998 0.06011183362021881721 0.35198004894342527216 0.08616241090511243816 0.01484676263574217711 0.00000000099999999998 0.34126077095409090845 0.00000000099999999998 0.01956004617114007541 0.00000000099999999998 0.03256581959990181158 0.09351229917036867068 0.00000000099999999998 0.00000000099999999998 
0.39529598737619542348 0.00000000099999999994 0.00000000099999999994 0.00000000099999999994 0.00000000099999999994 0.00000000099999999994 0.00000000099999999994 0.00000000099999999994 0.00000000099999999994 0.00000000099999999994 0.00000000099999999994 0.01422975376073593555 0.00000000099999999994 0.00000000099999999994 0.59047424586306818117 0.00000000099999999994 
0.53815236889850182056 0.00000000099999999993 0.00000000099999999993 0.03419269420604500315 0.00000000099999999993 0.00000000099999999993 0.00000000099999999993 0.00000000099999999993 0.00000000099999999993 0.00000000099999999993 0.00000000099999999993 0.00270891153017259641 0.00000000099999999993 0.00846611920028614469 0.40761811264103364749 0.00886178352396111910 
0.47650622151537247451 0.00000000099999999990 0.00000000099999999990 0.00000000099999999990 0.00000000099999999990 0.00000000099999999990 0.00000000099999999990 0.00000000099999999990 0.00000000099999999990 0.00000000099999999990 0.00000000099999999990 0.00000000099999999990 0.00000000099999999990 0.00000000099999999990 0.52349376448462703326 0.00000000099999999990 
0.45621840660036744319 0.00000000099999999990 0.00000000099999999990 0.00000000099999999990 0.00000000099999999990 0.00000000099999999990 0.00000000099999999990 0.00000000099999999990 0.00000000099999999990 0.00000000099999999990 0.00000000099999999990 0.00000000099999999990 0.00000000099999999990 0.00000000099999999990 0.54378157939963212009 0.00000000099999999990 
0.55019162999288850902 0.00000000099999999996 0.04905670366509744945 0.00000000099999999996 0.00000000099999999996 0.00000000099999999996 0.00000000099999999996 0.00000000099999999996 0.00000963417112430047 0.00000000099999999996 0.00000000099999999996 0.00000000099999999996 0.00000000099999999996 0.00112115623812596220 0.38273844626220260290 0.01688241967056123422 
0.45990953969879588836 0.00000000099999999995 0.00000000099999999995 0.04011253379141564018 0.00000000099999999995 0.00000000099999999995 0.00000000099999999995 0.00000000099999999995 0.00000000099999999995 0.00000000099999999995 0.00000000099999999995 0.00000000099999999995 0.00000000099999999995 0.01924381793882091671 0.47776161274929712652 0.00297248482167074063 
0.45139320200980120878 0.00000000099999999989 0.00000000099999999989 0.00000000099999999989 0.00000000099999999989 0.00000000099999999989 0.00000000099999999989 0.00000000099999999989 0.00000000099999999989 0.00000000099999999989 0.00000000099999999989 0.00000000099999999989 0.00000000099999999989 0.00000000099999999989 0.54860678399019824347 0.00000000099999999989 
0.41134928058306929888 0.00000000099999999995 0.00000000099999999995 0.02480383180980133551 0.00000000099999999995 0.00000000099999999995 0.00000000099999999995 0.00000000099999999995 0.01569289158772600029 0.00000000099999999995 0.00000000099999999995 0.00000000099999999995 0.00000000099999999995 0.01147814725473454874 0.53667583776466853962 0.00000000099999999995 
0.79780671878190123625 0.00000000099999999992 0.00000000099999999992 0.00000000099999999992 0.00000000099999999992 0.00000000099999999992 0.00000000099999999992 0.00000000099999999992 0.00000000099999999992 0.00000000099999999992 0.00000000099999999992 0.00000000099999999992 0.00000000099999999992 0.00000000099999999992 0.20219326721809904868 0.00000000099999999992 
0.53968792325828007783 0.00000000099999999993 0.00000000099999999993 0.00000000099999999993 0.00000000099999999993 0.00000000099999999993 0.00000000099999999993 0.00000000099999999993 0.00423882203476571434 0.00000000099999999993 0.00000000099999999993 0.00000000099999999993 0.00000000099999999993 0.00000000099999999993 0.45607324170695451304 0.00000000099999999993 
0.04455888391171423241 0.04657376821149918078 0.01958943428325909605 0.00000000099999999998 0.00000000099999999998 0.05479259126961855131 0.59593240297860816668 0.10959866496684529669 0.01947910573887201915 0.00000000099999999998 0.00424698067289054106 0.02555756344036605454 0.00000000099999999998 0.02239485829963565669 0.01065101253992663949 0.04662472968676456553 
0.00000000099999999996 0.09287764396940635658 0.00000000099999999996 0.00000000099999999996 0.00000000099999999996 0.00000000099999999996 0.74386242063377505662 0.07203621823797232149 0.00000000099999999996 0.00000000099999999996 0.00683698342383615241 0.00000000099999999996 0.00000000099999999996 0.00000000099999999996 0.08438672273501014731 0.00000000099999999996 
0.01162042678015945754 0.07831369994084015629 0.00000001827023769319 0.01256541855731325118 0.00000000099999999999 0.05810109645892609642 0.38677768273584112180 0.14658849735681864224 0.02728572977620286402 0.00000000099999999999 0.03930608134254705982 0.00000000099999999999 0.15842423690544754633 0.00982560450985545814 0.04585257721350671084 0.02533892715230407627 
0.00000021247788717923 0.07100669109036414350 0.00000000099999999999 0.00839471377400949868 0.00000000099999999999 0.00000000099999999999 0.67807394953495425671 0.10622055520937949413 0.00000000099999999999 0.01819200732988898381 0.00000000099999999999 0.06628346610859393861 0.03363567032160557496 0.00000000099999999999 0.00000000099999999999 0.01819272715331704190 
0.17888989257009832445 0.00000000099999999997 0.00000000099999999997 0.08120199156264724938 0.00000000099999999997 0.02198911384032373184 0.00000000099999999997 0.06061191394823551432 0.04392523764723268304 0.00000000099999999997 0.00000000099999999997 0.00006641957896570646 0.06361090761397233950 0.00000000099999999997 0.22084887863035729261 0.32885563760816705070 
0.24274833426823597127 0.00196904544693438056 0.00000000099999999997 0.09814676806516318963 0.00000000099999999997 0.01352784419616780316 0.00000000099999999997 0.05615065144410373577 0.00000000099999999997 0.00000000099999999997 0.00000000099999999997 0.01904423707796642704 0.04900318561702900894 0.00000000099999999997 0.23489841844250713976 0.28451150844189199152 
0.28060640294934352523 0.04303556244400533887 0.00000000099999999997 0.12307123244801279616 0.00000000099999999997 0.00000000099999999997 0.00000000099999999997 0.08600674093957806632 0.00000000099999999997 0.00000000099999999997 0.00000000099999999997 0.01437477831690143343 0.04856388934662896062 0.00000000099999999997 0.15389683663720943319 0.25044454891832057530 
0.30068916192502215257 0.00000002164206161083 0.00680891290986520084 0.03940500465425582355 0.00000000099999999998 0.02270332784920837607 0.00000000099999999998 0.05521118484895749801 0.00000000099999999998 0.00000000099999999998 0.00391556787599814903 0.04945440560161988575 0.12501294560782144627 0.00000000099999999998 0.11997062740910734158 0.27682883467608243588 
0.26520395159982079747 0.00000000099999999996 0.00000000099999999996 0.07724542007607260174 0.00000000099999999996 0.00000000099999999996 0.00000000099999999996 0.05887545978515159456 0.00266673222565555999 0.00000000099999999996 0.00000000099999999996 0.04507071490911802869 0.07694422646605790506 0.00000000099999999996 0.10833369920491736638 0.36565978773320595430 
0.23409657018406757056 0.05345936528370487384 0.00000000099999999997 0.08284229446176279155 0.00000000099999999997 0.04405801197890751864 0.00000000099999999997 0.00141922832259955278 0.00041109508924596754 0.00000000099999999997 0.00000000099999999997 0.04075081423918751333 0.09254782992510209028 0.00000000099999999997 0.20194833147007301699 0.24846645304534895060 
0.00000000099999999974 0.00000000099999999974 0.00000000099999999974 0.00000000099999999974 0.00000000099999999974 0.00000000099999999974 0.00000000099999999974 0.00000000099999999974 0.00000000099999999974 0.00000000099999999974 0.00000000099999999974 0.99999998500000009116 0.00000000099999999974 0.00000000099999999974 0.00000000099999999974 0.00000000099999999974 
0.25549712761259835148 0.06755173284352625207 0.00000000099999999998 0.00756444116652602895 0.00000000099999999998 0.00000000099999999998 0.00000000099999999998 0.12363132209804293671 0.01282685762104257034 0.00000000099999999998 0.03072279612410279415 0.00000000099999999998 0.36180066698343293918 0.00000000099999999998 0.14040504755072799603 0.00000000099999999998 
0.15272680911796002179 0.03394451070166858847 0.02717163783665183310 0.05549500253477616246 0.00000000099999999997 0.00000000099999999997 0.10419957735103496654 0.15204701235686890470 0.00000000099999999997 0.00000000099999999997 0.00000000099999999997 0.00000000099999999997 0.34868970888156464172 0.00000000099999999997 0.12572573321947480562 0.00000000099999999997 
0.20930128903434433441 0.08097086041569633019 0.00004774577172611700 0.10534924454057664756 0.00000000099999999998 0.02679384604783697707 0.00000000099999999998 0.12134255919946977664 0.00000000099999999998 0.00000000099999999998 0.01112237391899731018 0.02686158792098800735 0.38317764694848521767 0.00000000099999999998 0.03503284020187944631 0.00000000099999999998 
0.16990571269390941644 0.19678749976612963657 0.01148802268104419204 0.13892434994825456074 0.00000000099999999998 0.00152757191413206597 0.00000000099999999998 0.10513185266775362803 0.00000000099999999998 0.00259834947139849642 0.00000000099999999998 0.04831258245000644852 0.22608248240103298587 0.03704389929852577173 0.06219767170781285992 0.00000000099999999998 
0.07901130293940686333 0.13741435313709277066 0.00974539494855316581 0.02955527081805586764 0.00000000099999999998 0.00000000099999999998 0.11563641553677937723 0.16357436690654986178 0.00000000099999999998 0.00751807352230274457 0.00000000099999999998 0.01490874572793747695 0.31992138171655915002 0.00000000099999999998 0.04753994165340809375 0.07517474809335479569 
0.10920726180041086251 0.10546165061069361080 0.00000000099999999998 0.08786809323489259971 0.00000000099999999998 0.00000000099999999998 0.00000000099999999998 0.04531445996955762306 0.00000000099999999998 0.00477134136566947052 0.00000000099999999998 0.01561689035021248360 0.46112936406983673354 0.00416477247705381026 0.09781545202217573065 0.06865070809949673503 
0.14297248769028600424 0.11000437737441713659 0.00168942540098796054 0.04740715893887356008 0.00000000099999999998 0.00000000099999999998 0.02167203131690162779 0.11634124046318086720 0.00000000099999999998 0.02233381695772539491 0.00000000099999999998 0.00227529010809171626 0.37055223751119992226 0.00000000099999999998 0.09137309335450360948 0.07337883588383212197 
0.09478180933421880006 0.06388804591458326076 0.03310627047785394406 0.04882762491424935680 0.00000000099999999998 0.05160917301489214432 0.05884787711654206055 0.09405788755479785324 0.01502651619816121852 0.00000000099999999998 0.00000000339630764964 0.01588593607839856522 0.38585990231062688993 0.00000000099999999998 0.06486581695048110330 0.07324313373888724499 
0.15972210378894477478 0.06015126174488744093 0.00998004225062668060 0.09063315914814823460 0.00000000099999999998 0.05616840062873511286 0.05362704612043887181 0.06646590545630171043 0.00000000099999999998 0.00000000099999999998 0.00000000099999999998 0.00000000099999999998 0.37060567058512322580 0.00000000099999999998 0.13264624224600510272 0.00000016203078879497 
0.20010552335669609669 0.08160689751236230305 0.00000000099999999998 0.00000000099999999998 0.00000000099999999998 0.00000000099999999998 0.00000000099999999998 0.12038269546784333142 0.00000000099999999998 0.00148620635377545566 0.00000000099999999998 0.00000000099999999998 0.44587210039285418706 0.00000000099999999998 0.10841503893754560195 0.04213152897892284698 
0.05323239686508336732 0.09108886815025665773 0.04379443679398718758 0.11974636632544102821 0.00000000099999999999 0.03930410957199470534 0.00000120060426534748 0.12470450670506733060 0.00000000099999999999 0.01039219422615796432 0.01219582147415190429 0.00000000099999999999 0.31576863525685128220 0.00149200615627839055 0.14904298570403934354 0.03923646916642533483 
0.15303906857886914739 0.10713416302908797262 0.03289520016873395680 0.08640896603754640026 0.00000000099999999999 0.00671519371238053775 0.00246145792300446215 0.09025298191471783915 0.01827129037742157916 0.00444014973087370445 0.00000000099999999999 0.03542807925372003924 0.37464249548088979225 0.00000000099999999999 0.05568594661805673085 0.03262500417469791497 
0.23297691349995031107 0.06615261631680949272 0.01192206538675269316 0.08063892002992555097 0.00000000099999999998 0.02721689191557274956 0.00000000099999999998 0.06835135644550699441 0.02621054247626621037 0.00000000099999999998 0.00000000099999999998 0.02289073590599736627 0.39827838729024978015 0.00000000099999999998 0.04762766049806934493 0.01773390523489967383 
0.00000000099999999996 0.31088599987877635344 0.00000000099999999996 0.00000000099999999996 0.00000000099999999996 0.02384355097625314585 0.11326274240675010541 0.15767596541028980339 0.00000000099999999996 0.00000000099999999996 0.00000000099999999996 0.03645068745775784103 0.27252855397095188117 0.00000000099999999996 0.00000000099999999996 0.08535249089922115895 
0.30740887160342378337 0.08082722210880538549 0.00852325345112596444 0.07128715106699164139 0.00000000099999999999 0.02988394676824314075 0.05378641758236166887 0.05344263405736773137 0.00000000099999999999 0.00000000099999999999 0.00000000099999999999 0.02511051324910997321 0.28780226158176974716 0.00000000099999999999 0.03780399515427539797 0.04412372837652573515 
0.55371341428755960212 0.00000000099999999993 0.00100012717976733856 0.03672794477702440163 0.00000000099999999993 0.00000000099999999993 0.00000000099999999993 0.00000000099999999993 0.31488124381200505164 0.00000000099999999993 0.04868973964276766125 0.00000000099999999993 0.00000000099999999993 0.01379973034178326279 0.00000000099999999993 0.03118779095909300983 
0.00000000099999999964 0.00000000099999999964 0.00000000099999999964 0.00000000099999999964 0.00000000099999999964 0.00000000099999999964 0.00000000099999999964 0.00000000099999999964 0.99999998500000009116 0.00000000099999999964 0.00000000099999999964 0.00000000099999999964 0.00000000099999999964 0.00000000099999999964 0.00000000099999999964 0.00000000099999999964 
0.00000000099999999960 0.00000000099999999960 0.00000000099999999960 0.00000000099999999960 0.00000000099999999960 0.00000000099999999960 0.00000000099999999960 0.00000000099999999960 0.99999998500000009116 0.00000000099999999960 0.00000000099999999960 0.00000000099999999960 0.00000000099999999960 0.00000000099999999960 0.00000000099999999960 0.00000000099999999960 
0.00000000099999999980 0.00000000099999999980 0.00000000099999999980 0.00000000099999999980 0.00000000099999999980 0.00000000099999999980 0.00000000099999999980 0.00000000099999999980 0.99999998500000009116 0.00000000099999999980 0.00000000099999999980 0.00000000099999999980 0.00000000099999999980 0.00000000099999999980 0.00000000099999999980 0.00000000099999999980 
0.00000000099999999965 0.00000000099999999965 0.00000000099999999965 0.00000000099999999965 0.00000000099999999965 0.00000000099999999965 0.00000000099999999965 0.00000000099999999965 0.99999998500000009116 0.00000000099999999965 0.00000000099999999965 0.00000000099999999965 0.00000000099999999965 0.00000000099999999965 0.00000000099999999965 0.00000000099999999965 
0.00000000099999999962 0.00000000099999999962 0.00000000099999999962 0.00000000099999999962 0.00000000099999999962 0.00000000099999999962 0.00000000099999999962 0.00000000099999999962 0.99999998500000020218 0.00000000099999999962 0.00000000099999999962 0.00000000099999999962 0.00000000099999999962 0.00000000099999999962 0.00000000099999999962 0.00000000099999999962 
0.00000000099999999981 0.00000000099999999981 0.00000000099999999981 0.00000000099999999981 0.00000000099999999981 0.00000000099999999981 0.00000000099999999981 0.00000000099999999981 0.99999998500000009116 0.00000000099999999981 0.00000000099999999981 0.00000000099999999981 0.00000000099999999981 0.00000000099999999981 0.00000000099999999981 0.00000000099999999981 
0.00000000099999999965 0.00000000099999999965 0.00000000099999999965 0.00000000099999999965 0.00000000099999999965 0.00000000099999999965 0.00000000099999999965 0.00000000099999999965 0.99999998500000020218 0.00000000099999999965 0.00000000099999999965 0.00000000099999999965 0.00000000099999999965 0.00000000099999999965 0.00000000099999999965 0.00000000099999999965 
0.17140570311525765712 0.00000000099999999990 0.00000000099999999990 0.00043551769884018929 0.00000000099999999990 0.00000000099999999990 0.00000000099999999990 0.00000000099999999990 0.80239807194378331978 0.00000000099999999990 0.02576069524211899858 0.00000000099999999990 0.00000000099999999990 0.00000000099999999990 0.00000000099999999990 0.00000000099999999990 
0.00000000099999999976 0.00000000099999999976 0.00000000099999999976 0.00000000099999999976 0.00000000099999999976 0.00000000099999999976 0.00000000099999999976 0.00000000099999999976 0.99999998500000009116 0.00000000099999999976 0.00000000099999999976 0.00000000099999999976 0.00000000099999999976 0.00000000099999999976 0.00000000099999999976 0.00000000099999999976 
0.33806642656367663635 0.02605402516087479414 0.00767107328804885955 0.04008342259157941789 0.00000000099999999998 0.00000000099999999998 0.00000000099999999998 0.00000000099999999998 0.00000000099999999998 0.01629436619569377825 0.00000000099999999998 0.00000366611505400654 0.00000000099999999998 0.01382003939180703224 0.54636579891152969868 0.01164117478173575838 
0.32792634975316869994 0.00673468397168337698 0.01845390062962587105 0.00000000099999999993 0.00000000099999999993 0.00000000099999999993 0.00000000099999999993 0.00000000099999999993 0.00000000099999999993 0.00573186823315786041 0.00000000099999999993 0.00000000099999999993 0.00000000099999999993 0.00000000099999999993 0.62987383956826703546 0.01127934784409707555 
0.77146646490882586633 0.08980912593194952109 0.00000000099999999997 0.00000000099999999997 0.00000000099999999997 0.00000000099999999997 0.00000000099999999997 0.00000000099999999997 0.06719910570450601806 0.00000000099999999997 0.00000000099999999997 0.00000000099999999997 0.00000000099999999997 0.00000000099999999997 0.00000000099999999997 0.07152529145471892003 
0.87397103512338492060 0.00000000099999999992 0.00000000099999999992 0.00000000099999999992 0.00000000099999999992 0.00000000099999999992 0.00000000099999999992 0.00000000099999999992 0.10961379439054701190 0.00000000099999999992 0.00000000099999999992 0.00000000099999999992 0.00000000099999999992 0.00000000099999999992 0.00000000099999999992 0.01641515748606855313 
0.78827846811414215011 0.00864983170404753227 0.03286124460307707912 0.00000000099999999997 0.00000000099999999997 0.00000000099999999997 0.00000000099999999997 0.00000000099999999997 0.08891686603822465673 0.00000000099999999997 0.00314715697813101186 0.00000000099999999997 0.02504404684514409743 0.04156448092358842883 0.00000000099999999997 0.01153789679364530113 
