0.00000000099999999999 0.00731015041484825521 0.03647340657686911486 0.00000000099999999999 0.00000013305273142182 0.00005942213232243236 0.00000000099999999999 0.03494834079135800825 0.00000000099999999999 0.90502092523128330193 0.01618761780058751779 
0.00000000099999999995 0.00000000099999999995 0.00000000099999999995 0.00000000099999999995 0.00000000099999999995 0.00000000099999999995 0.00000000099999999995 0.00000000099999999995 0.00000000099999999995 0.99999999000000006077 0.00000000099999999995 
0.00000000099999999998 0.01070828560547019276 0.04936323001957802076 0.00000000099999999998 0.00000000099999999998 0.00830352750019831137 0.00000000099999999998 0.00000000099999999998 0.00000000099999999998 0.92131423560865688405 0.01031071526609650228 
0.00000000099999999995 0.00000000099999999995 0.00625283513465398413 0.00000000099999999995 0.00000000099999999995 0.00000000099999999995 0.00000000099999999995 0.00000000099999999995 0.00000000099999999995 0.99374715586534612122 0.00000000099999999995 
0.00000000099999999997 0.00000055858015721013 0.05504117274459810472 0.00000000099999999997 0.00000000099999999997 0.03528228220310437868 0.00000000099999999997 0.00000000099999999997 0.00000000099999999997 0.88481979028578017221 0.02485619018636009425 
0.00000000099999999998 0.00826008105376983479 0.06392799344282185103 0.00000000099999999998 0.00000000099999999998 0.10231970979967096314 0.00000000099999999998 0.01107671876602897218 0.00000000099999999998 0.75813407429457857489 0.05628141764312970252 
0.00000000099999999998 0.00000000099999999998 0.08797024318134424870 0.00000000099999999998 0.00852331166130200837 0.00000000099999999998 0.00000000099999999998 0.03566355574158156655 0.00000000099999999998 0.86784288241577212109 0.00000000099999999998 
0.00000000099999999999 0.00000000099999999999 0.12311529361833968566 0.00000000099999999999 0.00000000099999999999 0.01449163638151019368 0.00000000099999999999 0.06326232251700930620 0.01580524992557364936 0.73900536977335606892 0.04432012278421113699 
0.00000000099999999998 0.00000000099999999998 0.00000000099999999998 0.00000000099999999998 0.00000000099999999998 0.00000000099999999998 0.00000000099999999998 0.00000000099999999998 0.00000000099999999998 0.99999998999999994975 0.00000000099999999998 
0.00000000099999999999 0.00000000099999999999 0.10602249201379021493 0.00000000099999999999 0.00000000099999999999 0.05162657304803683345 0.00000000099999999999 0.00000000099999999999 0.00852735322021270364 0.77298564374759493045 0.06083793197036544559 
0.00000000099999999996 0.00000000099999999996 0.00649934298417198433 0.00000000099999999996 0.00000000099999999996 0.00000000099999999996 0.00000000099999999996 0.00000000099999999996 0.00000000099999999996 0.96405215423353762816 0.02944849478229037698 
0.00000000099999999998 0.02860916876725264069 0.05936311192943852233 0.00000000099999999998 0.00000000099999999998 0.00000000099999999998 0.00000000099999999998 0.00000000099999999998 0.00000000099999999998 0.89067879444846509429 0.02134891785484385393 
0.04833662945183462428 0.00000000099999999998 0.02801875685852011147 0.00000000099999999998 0.00000000099999999998 0.00005952470898222050 0.00000000099999999998 0.00000000099999999998 0.00726213591765757609 0.91063051672500372469 0.00569243133800175112 
0.00454713330627438007 0.00000000099999999997 0.00000000099999999997 0.26182720346750870677 0.08598070894823130195 0.60119793962467771298 0.00000000099999999997 0.00000000099999999997 0.02364353021446234659 0.00000000099999999997 0.02280347943884569045 
0.00000000099999999997 0.05431440233534051698 0.00000000099999999997 0.27676672444869054868 0.12672701766754973507 0.51685778274448390679 0.00000000099999999997 0.00000000099999999997 0.02280256724490577896 0.00253150055902953090 0.00000000099999999997 
0.00683917194927419723 0.00000000099999999998 0.00000000099999999998 0.33891901770957238993 0.12350707309389469257 0.49972130492882277375 0.00000000099999999998 0.00000000099999999998 0.03101339295117548980 0.00000000099999999998 0.00000003436726061778 
0.03216731737922654683 0.00098664881974775591 0.00000000099999999999 0.27414873788372623453 0.21077897560091185536 0.39889633907973343074 0.00000000099999999999 0.00000000099999999999 0.03648263417651879253 0.03972579812903921648 0.00681354593109636739 
0.00000000099999999997 0.01095039987179019514 0.00000000099999999997 0.31643915470613948049 0.11681618245926923827 0.55508364221923189863 0.00000000099999999997 0.00000000099999999997 0.00000000099999999997 0.00000000099999999997 0.00071061474356915615 
0.00000000099999999998 0.02025398193442807734 0.00000000099999999998 0.30567218271750795644 0.11279662970402183630 0.52617436939236328364 0.00000000099999999998 0.00000000099999999998 0.02714854168502094448 0.00000000099999999998 0.00795428956665801892 
0.06509680392505302893 0.00000000099999999998 0.00000000099999999998 0.28924608174912530556 0.12501353629937894674 0.50352364862438014903 0.00000000099999999998 0.00000000099999999998 0.01711992340206267005 0.00000000099999999998 0.00000000099999999998 
0.00000000099999999998 0.00000000099999999998 0.00000000099999999998 0.31060631173920150161 0.10661154897120125873 0.47182322455471575884 0.02321040141416651909 0.00000000099999999998 0.02803506838623353800 0.05445353973031429734 0.00525990120416732366 
0.00975394805587951816 0.00000000099999999998 0.00000000099999999998 0.42831179250960738081 0.07590895025850470657 0.43568039644053913051 0.00000000099999999998 0.00000000099999999998 0.01740633893600035745 0.03293856627997701625 0.00000000351949203710 
0.02162827358593691005 0.01440491743184070181 0.00000000099999999997 0.32263660287608525445 0.09550110175518090883 0.50132670658685007936 0.00000000099999999997 0.00000000099999999997 0.01428298660153343690 0.00000000099999999997 0.03021940716257286857 
0.01220849114925656384 0.01046716722888606753 0.00000000099999999999 0.31611482620155950674 0.14536167479874664843 0.43780710571063341519 0.00248252990727188677 0.00000000099999999999 0.00673972597573319933 0.02437215823516361221 0.04444631879274912878 
0.06216209556231350880 0.00000000099999999998 0.00000000099999999998 0.39500077231734570526 0.06474330243998069334 0.43587524750868317236 0.00000000099999999998 0.00672103012564762101 0.02660114332126992803 0.00889640472475955978 0.00000000099999999998 
0.04147011163973236131 0.03725814101368523507 0.00000000099999999998 0.31507294043847761111 0.10032888062527893502 0.46719120675620934291 0.00000000099999999998 0.00000000099999999998 0.01226278382243941971 0.00000000099999999998 0.02641593170417709871 
0.02377374754144585822 0.01711697378894571492 0.00000000099999999998 0.40740232860944886051 0.05899958180488413390 0.35311524957831280647 0.00000000099999999998 0.00000000099999999998 0.03526002666237462030 0.08586881621939562725 0.01846327279519215450 
0.05047584754158093712 0.03122151379233201532 0.00000000099999999998 0.32013062651276436021 0.15691565949695185367 0.43727057010142517113 0.00000000099999999998 0.00000000099999999998 0.00398561225045276652 0.00000000099999999998 0.00000016630449295232 
0.01928607896235052729 0.00000000099999999997 0.00000000099999999997 0.26948148794514126259 0.13751938206478811488 0.54381819581107260220 0.00000000099999999997 0.00000000099999999997 0.01642585240889662956 0.00000000099999999997 0.01346899780775095978 
0.00000000099999999996 0.01112873508688210639 0.00000000099999999996 0.56169913881985245041 0.00000000099999999996 0.42717211809326555150 0.00000000099999999996 0.00000000099999999996 0.00000000099999999996 0.00000000099999999996 0.00000000099999999996 
0.00000000099999999992 0.00000000099999999992 0.00000000099999999992 0.46299256181222370188 0.00000000099999999992 0.53700742918777633061 0.00000000099999999992 0.00000000099999999992 0.00000000099999999992 0.00000000099999999992 0.00000000099999999992 
0.04386143360419231946 0.00000000099999999997 0.00000000099999999997 0.45304334879266250358 0.00000000099999999997 0.49897352670144107245 0.00051185961093776103 0.00000000099999999997 0.00360982529076635987 0.00000000099999999997 0.00000000099999999997 
0.00834160530699977129 0.02278248520703599761 0.00000000099999999997 0.54111756334949279168 0.01286939121014031573 0.41488889808931794789 0.00000000099999999997 0.00000005183701333006 0.00000000099999999997 0.00000000099999999997 0.00000000099999999997 
0.02319487568339005656 0.00000000099999999995 0.00000000099999999995 0.51992830198332395941 0.00000000099999999995 0.43033308074351378503 0.00000000099999999995 0.00000000099999999995 0.00000000099999999995 0.00000000099999999995 0.02654373458977242473 
0.01084168620410956921 0.00000000099999999999 0.00000000099999999999 0.52300503466172021394 0.01044445801068345260 0.42669719140068390617 0.01157054328178812146 0.01744108144101495783 0.00000000099999999999 0.00000000099999999999 0.00000000099999999999 
0.00000000099999999992 0.00000000099999999992 0.00000000099999999992 0.46375091797126571924 0.00000000099999999992 0.53624907302873436876 0.00000000099999999992 0.00000000099999999992 0.00000000099999999992 0.00000000099999999992 0.00000000099999999992 
0.03185130356181630623 0.00000000099999999998 0.00000000099999999998 0.53283323581772290556 0.00000000099999999998 0.42945795236058353916 0.00585750125987760661 0.00000000099999999998 0.00000000099999999998 0.00000000099999999998 0.00000000099999999998 
0.00000000099999999996 0.00000000099999999996 0.00000000099999999996 0.62281373229756242793 0.00635352482420156999 0.37083273487823598114 0.00000000099999999996 0.00000000099999999996 0.00000000099999999996 0.00000000099999999996 0.00000000099999999996 
0.01679121778567781512 0.00898064367980304194 0.00000000099999999997 0.45796692544187750373 0.00003350503868968994 0.51622770205395196452 0.00000000099999999997 0.00000000099999999997 0.00000000099999999997 0.00000000099999999997 0.00000000099999999997 
0.00000000099999999985 0.00000000099999999985 0.00000000099999999985 0.99999999000000006077 0.00000000099999999985 0.00000000099999999985 0.00000000099999999985 0.00000000099999999985 0.00000000099999999985 0.00000000099999999985 0.00000000099999999985 
0.04067044672812246409 0.00000000099999999996 0.00000000099999999996 0.48178668581409961336 0.00000000099999999996 0.46106254775438204607 0.00000000099999999996 0.00000000099999999996 0.00000000099999999996 0.00000000099999999996 0.01648031270339605711 
0.00000000273933848491 0.00000000099999999994 0.00000000099999999994 0.53463150667189107690 0.00000000099999999994 0.46536848258877044904 0.00000000099999999994 0.00000000099999999994 0.00000000099999999994 0.00000000099999999994 0.00000000099999999994 
0.01356420827080722161 0.00000000099999999996 0.00000000099999999996 0.48311417211049428877 0.00000000099999999996 0.49782852639706060005 0.00000000099999999996 0.00000000099999999996 0.00549308622163789239 0.00000000099999999996 0.00000000099999999996 
0.03294844356510125138 0.00000000099999999997 0.00000000099999999997 0.47952748248567483857 0.01479493408972393058 0.45221249736636542904 0.00347691079209918761 0.00000000099999999997 0.01703972670103537368 0.00000000099999999997 0.00000000099999999997 
0.00000000099999999997 0.00000000099999999997 0.00000000099999999997 0.52921700640835878104 0.00883167502160279137 0.45553330896267041350 0.00000000099999999997 0.00000000099999999997 0.00641800260736793277 0.00000000099999999997 0.00000000099999999997 
0.01455263463292168040 0.00000000099999999996 0.00000000099999999996 0.58017276713584564618 0.00000000099999999996 0.40527459023123285631 0.00000000099999999996 0.00000000099999999996 0.00000000099999999996 0.00000000099999999996 0.00000000099999999996 
0.02589659145850349564 0.00000000099999999997 0.00000000099999999997 0.81113988311719731339 0.00000000099999999997 0.00052299985969355702 0.00000000099999999997 0.09381232599014077689 0.00000000099999999997 0.06862819357446478530 0.00000000099999999997 
0.00000000099999999999 0.09364942260501664395 0.30972436481579757039 0.06637502846225969144 0.01802228243347407666 0.01742987454230120886 0.00000000099999999999 0.00000000099999999999 0.00074181036669931108 0.16283603499932408631 0.33122117877512746720 
0.00590070108657502184 0.11107574595035989151 0.34077644013226549013 0.15010870351661509403 0.00433848805583225521 0.00000000099999999998 0.00000000099999999998 0.00000000099999999998 0.00000000099999999998 0.05765119205114899864 0.33014872520720345284 
0.01623006686417008751 0.11814680210935285531 0.37760422882465183303 0.06438156170678967227 0.04807451850934846282 0.00000000099999999999 0.00000000099999999999 0.00000000099999999999 0.00000000099999999999 0.03816365458005030464 0.33739916340563691488 
0.03225615941001484799 0.12363030837408621465 0.32264464924718072592 0.03622898630662027553 0.08116263045299559886 0.00000000099999999999 0.00000000128588872081 0.00000000099999999999 0.00000000099999999999 0.09006031997837644909 0.31401694194483736888 
0.00000000099999999999 0.11882305152172450979 0.36325074939425527898 0.08091014778186268741 0.04387185451749645720 0.00000000099999999999 0.00501512380639835675 0.00000000099999999999 0.00000000099999999999 0.10704002160264007582 0.28108904737562262488 
0.01545176050436410618 0.12994354651762257680 0.31239395569766215122 0.03438280072078024607 0.00000000100000000000 0.00935092365380675757 0.00938373560976094555 0.00000000100000000000 0.01845588012721784132 0.14215490654542317639 0.32848248862336215659 
0.03636000211884121702 0.08997096505681000111 0.29669371515729414668 0.06290391486621166317 0.01320064516934668988 0.00000000099999999998 0.00000000099999999998 0.00000000099999999998 0.00574432439931215396 0.16142128874734190669 0.33370514148484214934 
0.00000000100000000000 0.14482048365727420713 0.24838558487371714678 0.07185711076262997488 0.05229723023703194279 0.00000000100000000000 0.00000000100000000000 0.01213666557938843787 0.01789119153300448156 0.14346269680774353938 0.30914903354921036138 
0.00000000100000000000 0.13078261996717707727 0.30114920606957129579 0.04256631776980037557 0.06908211668348918089 0.00000000100000000000 0.00787418684702711862 0.00000000100000000000 0.00737217704482018288 0.12817675781376822175 0.31299661480434654015 
0.00000000099999999999 0.10060899437429592085 0.35055242144122822356 0.06239203717509758662 0.00000000099999999999 0.00000000099999999999 0.00000000099999999999 0.00000000099999999999 0.03366882995001061613 0.10755550154307615129 0.34522221051629159438 
0.00000000099999999997 0.00584476091869288224 0.00000000099999999997 0.76616285130392747238 0.00669144855150935209 0.19389702496386876374 0.00000000099999999997 0.02740390826200143209 0.00000000099999999997 0.00000000099999999997 0.00000000099999999997 
0.01531506576617613392 0.03592797442327682472 0.00000000099999999997 0.83265951108238611678 0.03770307155489164425 0.03185136451130137630 0.00000000099999999997 0.04654300766196806105 0.00000000099999999997 0.00000000099999999997 0.00000000099999999997 
0.00001694880724866502 0.00000000099999999995 0.00000000099999999995 0.84349625043721399020 0.03336212656668030574 0.12312466718885714534 0.00000000099999999995 0.00000000099999999995 0.00000000099999999995 0.00000000099999999995 0.00000000099999999995 
0.00000000099999999996 0.00000000099999999996 0.00000000099999999996 0.84530317171603353010 0.05826558630080190537 0.09271348475311118331 0.00000000099999999996 0.00000000099999999996 0.00371775023005346469 0.00000000099999999996 0.00000000099999999996 
0.07251902520906386429 0.00482779884513074870 0.00000000099999999998 0.78696439425312980642 0.06344369826803593349 0.04996265741957796325 0.00000000099999999998 0.01763640513263341203 0.00000000099999999998 0.00000000099999999998 0.00464601687242823056 
0.00000000099999999998 0.02240109824429054389 0.00000000099999999998 0.77879988845021674848 0.05247257222702615687 0.14628169979921809563 0.00001576633658573454 0.00000000099999999998 0.00000000099999999998 0.00000000099999999998 0.00002896994266269911 
0.00000000099999999995 0.00000000099999999995 0.00000000099999999995 0.86986078002580180524 0.00000000099999999995 0.11826834451820059102 0.00000000099999999995 0.01182206974764342389 0.00000000099999999995 0.00000000099999999995 0.00004879870835408912 
0.01866320644695958902 0.02610742998824591710 0.00000000099999999998 0.78546141465793772873 0.00903160501619174397 0.15012752562578254856 0.00548955508086396669 0.00000000099999999998 0.00000000099999999998 0.00000000099999999998 0.00511925918401869191 
0.00636164991325632433 0.00000000099999999996 0.00000000099999999996 0.96353656840037693598 0.03010177368636682629 0.00000000099999999996 0.00000000099999999996 0.00000000099999999996 0.00000000099999999996 0.00000000099999999996 0.00000000099999999996 
0.00000000099999999996 0.00000000099999999996 0.00000000099999999996 0.82570042924229358761 0.04500122191097583740 0.11122943816292149566 0.00000000099999999996 0.00000000099999999996 0.00000000099999999996 0.00000000099999999996 0.01806890368380923914 
0.02354990865909507500 0.01234185621681218453 0.00000000099999999999 0.01501465255956998049 0.05932431063119104897 0.21622686763546253297 0.00124979075261852281 0.04724369371421542618 0.00708329820579353155 0.55489530447880330843 0.06307031614643845985 
0.00000000099999999998 0.00000000099999999998 0.00000000099999999998 0.00000000099999999998 0.00000000099999999998 0.32574071189101955204 0.00000000099999999998 0.00000000099999999998 0.00855109144950273563 0.63144507476103062249 0.03426311489844702934 
0.02976539537316002376 0.00827689892190276721 0.00000000099999999999 0.09159121991182790634 0.05484143766821684973 0.30369243304699156116 0.00000000099999999999 0.00202601884014718672 0.03702853043511783460 0.42333891835437975626 0.04943914544825606799 
0.00000000100000000000 0.00000000100000000000 0.01160970604090763580 0.02909896840208222105 0.03045859750380534511 0.21975639557690290760 0.01370951293872430671 0.08261453498479084945 0.00000000100000000000 0.59469026349732612147 0.01806201805546060399 
0.00000000099999999997 0.00000000099999999997 0.00000000099999999997 0.38044311668718217012 0.36540598234274190848 0.19923914496082889558 0.00000000099999999997 0.00769067587792309371 0.00000000099999999997 0.00815134624000144435 0.03906972889132250687 
0.00000000099999999998 0.00000000099999999998 0.00000000099999999998 0.46277999159944138707 0.32529980434562866254 0.18305979752091100510 0.00000000099999999998 0.02886039953401890040 0.00000000099999999998 0.00000000099999999998 0.00000000099999999998 
0.00000000099999999998 0.00000000099999999998 0.00000000099999999998 0.48330778994927386938 0.29520792187966771181 0.18963651180122356732 0.00000000099999999998 0.03184776936983491069 0.00000000099999999998 0.00000000099999999998 0.00000000099999999998 
0.02352455474929907378 0.00000000099999999998 0.00000000099999999998 0.43260818825682190170 0.30725964897036889267 0.16804979043727699684 0.00000000099999999998 0.05441985807630608796 0.00712672616420466018 0.00700912633282533334 0.00000210401289701258 
0.00701280267793887024 0.00000000099999999997 0.00000000099999999997 0.41108565454971301989 0.39348582238577972658 0.13407628381688155295 0.00000000099999999997 0.05219675029786588483 0.00000000099999999997 0.00000000099999999997 0.00214268127182093600 
0.00000000099999999999 0.00240763095675292386 0.00000000099999999999 0.46659576126084356673 0.29423087158240102124 0.18698764390550068337 0.00026680869890968387 0.04333759266449137282 0.00000000099999999999 0.00617297215932437974 0.00000071577177624209 
0.00000000099999999982 0.00000000099999999982 0.00000000099999999982 0.00000000099999999982 0.00000000099999999982 0.00000000099999999982 0.00000000099999999982 0.99999998999999994975 0.00000000099999999982 0.00000000099999999982 0.00000000099999999982 
0.00965543369025724518 0.00630476002912254332 0.00000000099999999999 0.47248940134188310846 0.03692197997160819034 0.40326668754661165739 0.00842019167413841745 0.00499430340467759380 0.04040502074127095417 0.00000000099999999999 0.01754221960043050518 
0.07421048161219014061 0.00000000099999999998 0.00000000099999999998 0.36093319946684698785 0.04282502480513728643 0.40565265288094087825 0.00000000099999999998 0.01853804833952271691 0.00000000099999999998 0.09784058789536199952 0.00000000099999999998 
0.05882375535247162668 0.00000000099999999998 0.00000000099999999998 0.42663270815889881016 0.04950018970070044211 0.36713589887626507657 0.00000000099999999998 0.03539899372923453053 0.02678906107456704294 0.03571938864254528556 0.00000000146531719720 
0.05700254612829867146 0.05013084561406489642 0.00000000099999999999 0.46362893107545416482 0.00987874352299341306 0.34418015956340491934 0.00871168257383913083 0.05388612011748809133 0.00261882436899001396 0.00996214503546665603 0.00000000099999999999 
0.04046431156559918141 0.00000000099999999998 0.00000000099999999998 0.22916907736210059832 0.12819307801540538727 0.45321935557207682077 0.00537307722159497195 0.02324296703542970063 0.00000000099999999998 0.10529030329283274592 0.01504782693496056062 
0.01977875986641906489 0.01537601225904779677 0.00000000100000000000 0.37876936527606452909 0.16099061905694547758 0.35546856825186906592 0.00712588914650221904 0.02167822749860716380 0.00936740910372678946 0.02869882536355097824 0.00274632317726692787 
0.04844554852196424760 0.00000000099999999998 0.00000000099999999998 0.34849044048607569213 0.13852671670418295613 0.38811527608254325905 0.02085573422647396535 0.01548463221113934897 0.00000000099999999998 0.04008164776762056930 0.00000000099999999998 
0.06489240592593205348 0.00000000099999999999 0.00000000099999999999 0.26321867349080491083 0.12725580254777013600 0.34756697118490720300 0.00000000099999999999 0.02241066424404723756 0.02327551210266543338 0.11104073721950734333 0.04033923028436573605 
0.05194524085739322256 0.00734453567320201856 0.00000000099999999999 0.40938553290611046087 0.07962475579445013607 0.31539662165574006147 0.00000000099999999999 0.01071920551012796319 0.00000000099999999999 0.12558410360297617148 0.00000000099999999999 
0.00750305536037353202 0.00000000099999999999 0.00000000099999999999 0.39460158716869991880 0.12927809151106797736 0.39951802395865065876 0.00584669007358582828 0.01064912604888675236 0.00000311913443633089 0.05260030374429894295 0.00000000099999999999 
0.09950508491231691011 0.01258644310599522399 0.00000000099999999999 0.33178660828642098091 0.08924945765031731815 0.36030232182525812057 0.01236916565948925975 0.00000002458578798603 0.01596243798790157944 0.07823845398651271821 0.00000000099999999999 
0.07603040318739122394 0.00000000099999999999 0.00000000099999999999 0.36020710963675234284 0.10044204634598730141 0.35971531965675312970 0.00410455270870213693 0.03053192001711837675 0.00020013062465570579 0.04329007870114680301 0.02547843712149299236 
0.05167846841207034136 0.00000000099999999999 0.00000000099999999999 0.44235811030216609652 0.09194144224284778177 0.31586004020170160844 0.00260354772873299788 0.03595866089745701488 0.00407657506673917563 0.01628190978379316992 0.03924124336449176520 
0.00692424816527650953 0.00000000099999999998 0.00000000099999999998 0.07695293804987488051 0.19996681053917067517 0.47895756831070679382 0.01096026562964898254 0.04076917730564413866 0.00000000099999999998 0.16941338613137207902 0.01605560286830613401 
0.03506875715235380220 0.00000000099999999999 0.00000000099999999999 0.48259281362464495624 0.08767194366781745629 0.26419970764478445391 0.00000000099999999999 0.02312912983692087809 0.01077036950986825017 0.09537255713283769587 0.00119471843077249948 
0.00000000099999999994 0.01821235861816944065 0.00000000099999999994 0.59260860966287698393 0.02299464262038733789 0.00000000099999999994 0.00000000099999999994 0.00000000099999999994 0.05242911610297001229 0.00000000099999999994 0.31375526699559641575 
0.00000000099999999975 0.00000000099999999975 0.00000000099999999975 0.00000000099999999975 0.00000000099999999975 0.00000000099999999975 0.00000000099999999975 0.00000000099999999975 0.00000000099999999975 0.00000000099999999975 0.99999999000000006077 
0.00000000099999999973 0.00000000099999999973 0.00000000099999999973 0.00000000099999999973 0.00000000099999999973 0.00000000099999999973 0.00000000099999999973 0.00000000099999999973 0.00000000099999999973 0.00000000099999999973 0.99999999000000006077 
0.00000000099999999986 0.00000000099999999986 0.00000000099999999986 0.00000000099999999986 0.00000000099999999986 0.00000000099999999986 0.00000000099999999986 0.00000000099999999986 0.00000000099999999986 0.00000000099999999986 0.99999999000000006077 
0.00000000099999999976 0.00000000099999999976 0.00000000099999999976 0.00000000099999999976 0.00000000099999999976 0.00000000099999999976 0.00000000099999999976 0.00000000099999999976 0.00000000099999999976 0.00000000099999999976 0.99999998999999994975 
0.00000000099999999974 0.00000000099999999974 0.00000000099999999974 0.00000000099999999974 0.00000000099999999974 0.00000000099999999974 0.00000000099999999974 0.00000000099999999974 0.00000000099999999974 0.00000000099999999974 0.99999999000000006077 
0.00000000099999999986 0.00000000099999999986 0.00000000099999999986 0.00000000099999999986 0.00000000099999999986 0.00000000099999999986 0.00000000099999999986 0.00000000099999999986 0.00000000099999999986 0.00000000099999999986 0.99999998999999994975 
0.00000000099999999976 0.00000000099999999976 0.00000000099999999976 0.00000000099999999976 0.00000000099999999976 0.00000000099999999976 0.00000000099999999976 0.00000000099999999976 0.00000000099999999976 0.00000000099999999976 0.99999999000000006077 
0.00000000099999999993 0.00000000099999999993 0.00000000099999999993 0.17864551352291413444 0.00000000099999999993 0.00000000099999999993 0.00000000099999999993 0.00000000099999999993 0.02024513015109076150 0.00000000099999999993 0.80110934832599500766 
0.00000000099999999983 0.00000000099999999983 0.00000000099999999983 0.00000000099999999983 0.00000000099999999983 0.00000000099999999983 0.00000000099999999983 0.00000000099999999983 0.00000000099999999983 0.00000000099999999983 0.99999999000000006077 
0.03892875908255549050 0.02196704001718099292 0.00000000099999999998 0.64881717216550194305 0.04345175786058161349 0.23161780162038347886 0.01514417245061835254 0.00007329280317823151 0.00000000099999999998 0.00000000099999999998 0.00000000099999999998 
0.03784391157239967718 0.00000000099999999995 0.00000000099999999995 0.67473519523118941077 0.06272847517433195741 0.22106433362573252310 0.00362807839634647720 0.00000000099999999995 0.00000000099999999995 0.00000000099999999995 0.00000000099999999995 
0.00000000099999999999 0.00000000099999999999 0.00000000099999999999 0.79778261977237452385 0.08265166884295978289 0.00000000099999999999 0.00060621456165435670 0.00000000099999999999 0.00000000099999999999 0.03360769833431632991 0.08535179248869508017 
0.00000000099999999995 0.00000000099999999995 0.00000000099999999995 0.82454386742977769931 0.02563760741285291481 0.00000000099999999995 0.00000000099999999995 0.00000000099999999995 0.00000000099999999995 0.00000000099999999995 0.14981851715736951847 
0.02402539471219052383 0.04358219485323022724 0.00000000099999999998 0.78463673843395687069 0.02686001163088459764 0.00000000099999999998 0.00000024450694937299 0.00000000099999999998 0.00000000099999999998 0.00000000099999999998 0.12089541086278848825 
0.00000000099999999995 0.03068961333190995192 0.00000000099999999995 0.81000578701681036353 0.04209231297109439912 0.00000000099999999995 0.00000000099999999995 0.00000000099999999995 0.00000000099999999995 0.00000000099999999995 0.11721227968018542442 
0.00000000099999999994 0.02261165496843440051 0.00000000099999999994 0.92508562705216712541 0.03035741717091391609 0.00000000099999999994 0.00000000099999999994 0.00000000099999999994 0.00000000099999999994 0.00000000099999999994 0.02194529380848476291 
0.00000000099999999994 0.02775175700036814144 0.00000000099999999994 0.82347218911264008501 0.04259500794845828830 0.00000000099999999994 0.00000000099999999994 0.00000000099999999994 0.00000000099999999994 0.00000000099999999994 0.10618103893853357567 
0.00000000099999999997 0.00661587067112020481 0.00000000099999999997 0.92628594855676249509 0.04918662488068199778 0.00000000099999999997 0.00154014428233019613 0.00000000099999999997 0.00000000099999999997 0.00000000099999999997 0.01637140560910509829 
0.00000000099999999994 0.00000000099999999994 0.00000000099999999994 0.88679784801089900359 0.04684511163472695333 0.00000000099999999994 0.00000000099999999994 0.00000000099999999994 0.00000000099999999994 0.00000000099999999994 0.06635703235437431791 
0.00000000099999999992 0.03094042747823660261 0.00000000099999999992 0.86704439578959446866 0.00000000099999999992 0.00000000099999999992 0.00000000099999999992 0.00000000099999999992 0.00000000099999999992 0.00000000099999999992 0.10201516873216924519 
0.00000000099999999993 0.00000000099999999993 0.00000000099999999993 0.90073473857974950540 0.00000000099999999993 0.00000000099999999993 0.00000000099999999993 0.00000000099999999993 0.00000000099999999993 0.00000000099999999993 0.09926525242025054097 
0.00000000099999999994 0.04202074005170815252 0.00000000099999999994 0.91658238985337481264 0.00000000099999999994 0.00000000099999999994 0.00000000099999999994 0.00000000099999999994 0.00000000099999999994 0.00000000099999999994 0.04139686209491721947 
0.01240182851186977936 0.03250877112688664583 0.00000000099999999995 0.85733131446662980135 0.04181552540913349020 0.00000000099999999995 0.00000000099999999995 0.00000000099999999995 0.00000000099999999995 0.00000000099999999995 0.05594255448548044601 
0.00000000099999999994 0.00001102484051426205 0.00000000099999999994 0.90910845149294960965 0.00000000099999999994 0.00000000099999999994 0.00000000099999999994 0.00000000099999999994 0.00000000099999999994 0.00000000099999999994 0.09088051566653632118 
0.02019539568842425303 0.03837499508149510435 0.00000000099999999997 0.82587899854579172043 0.02454305715556246575 0.00000000099999999997 0.00000000099999999997 0.00000000099999999997 0.00000000099999999997 0.00000000099999999997 0.09100754752872673714 
0.00000000099999999995 0.01813402660103797040 0.00000000099999999995 0.87405036206699038281 0.04562487625861030155 0.00000000099999999995 0.00000000099999999995 0.00000000099999999995 0.00299853496071060804 0.00000000099999999995 0.05919219411265081582 
0.00000000099999999994 0.00000000099999999994 0.00000000099999999994 0.95086607440248616108 0.00000000099999999994 0.00000000099999999994 0.00000000099999999994 0.00000000099999999994 0.00000000099999999994 0.00000000099999999994 0.04913391659751401019 
0.00759757904137590284 0.00000000099999999996 0.00000000099999999996 0.93095231872856609723 0.00000000099999999996 0.00000000099999999996 0.00000000099999999996 0.00000000099999999996 0.00000000099999999996 0.00000000099999999996 0.06145009423005826088 
0.00000000099999999992 0.00000000099999999992 0.00000000099999999992 0.95827754695521738526 0.00000000099999999992 0.00000000099999999992 0.00000000099999999992 0.00000000099999999992 0.00000000099999999992 0.00000000099999999992 0.04172244404478270274 
0.00000000099999999995 0.00900806167030168692 0.00000000099999999995 0.84138849043850405529 0.00128482106603444702 0.00000000099999999995 0.00000000099999999995 0.00000000099999999995 0.00000000099999999995 0.00000000099999999995 0.14831861982515995302 
0.00000000099999999993 0.00000000099999999993 0.00000000099999999993 0.96379115868234721543 0.00000000099999999993 0.00000000099999999993 0.00000000099999999993 0.00000000099999999993 0.00000000099999999993 0.00000000099999999993 0.03620883231765276850 
0.00000000099999999996 0.00000000099999999996 0.00000000099999999996 0.95446768066571419098 0.00000000099999999996 0.00000000099999999996 0.00000000099999999996 0.00000000099999999996 0.00000000099999999996 0.00000000099999999996 0.04553231033428600805 
0.00000000099999999998 0.04330244766623434632 0.00000000099999999998 0.89005888449043379929 0.00072732323797950729 0.00000000099999999998 0.00000000099999999998 0.00000000099999999998 0.00317952389316860902 0.00000000099999999998 0.06273181471218373939 
0.00000000099999999985 0.00000000099999999985 0.00000000099999999985 0.00000000099999999985 0.00000000099999999985 0.00000000099999999985 0.00000000099999999985 0.99999998999999994975 0.00000000099999999985 0.00000000099999999985 0.00000000099999999985 
0.00000000099999999984 0.00000000099999999984 0.00000000099999999984 0.00000000099999999984 0.00000000099999999984 0.00000000099999999984 0.00000000099999999984 0.99999998999999994975 0.00000000099999999984 0.00000000099999999984 0.00000000099999999984 
0.00000000099999999993 0.00000000099999999993 0.00000000099999999993 0.00000000099999999993 0.00000000099999999993 0.00000000099999999993 0.00000000099999999993 0.00000000099999999993 0.00000000099999999993 0.39217822429541032703 0.60782176670458964995 
0.00000000099999999994 0.00000000099999999994 0.00000000099999999994 0.00000000099999999994 0.00000000099999999994 0.00000000099999999994 0.00000000099999999994 0.00000000099999999994 0.00000000099999999994 0.29586598578659062397 0.70413400521340951954 
0.00000000099999999993 0.00000000099999999993 0.00000000099999999993 0.00000000099999999993 0.00000000099999999993 0.00000000099999999993 0.00000000099999999993 0.00000000099999999993 0.00000000099999999993 0.36121874500226408555 0.63878124599773589143 
0.00532975390083353841 0.00000000099999999998 0.00000000099999999998 0.28075701070274922122 0.00000000099999999998 0.00000000099999999998 0.00000000099999999998 0.00000000099999999998 0.00000000099999999998 0.00000000099999999998 0.71391322739641716044 
0.00000000099999999994 0.00000000099999999994 0.00000000099999999994 0.00000000099999999994 0.00000000099999999994 0.00000000099999999994 0.00000000099999999994 0.00000000099999999994 0.00000000099999999994 0.27201140383479155416 0.72798858716520842282 
0.00000000099999999995 0.00000000099999999995 0.00000000099999999995 0.00000000099999999995 0.00000000099999999995 0.00000000099999999995 0.00000000099999999995 0.00000000099999999995 0.00000000099999999995 0.30028618541565454958 0.69971380558434548291 
0.00000000099999999996 0.00000000099999999996 0.00000000099999999996 0.00000000099999999996 0.00000000099999999996 0.00000000099999999996 0.00000000099999999996 0.00000000099999999996 0.00000000099999999996 0.31548919104861611329 0.68451079995138386369 
0.00000000099999999998 0.00000000099999999998 0.00000000099999999998 0.00000000099999999998 0.00368813047870034886 0.00000000099999999998 0.00306223243380654604 0.01605030685119228015 0.00245940898553701458 0.47368623642448370870 0.50105367982628012946 
0.00000000099999999994 0.00000000099999999994 0.00000000099999999994 0.00000000099999999994 0.00000000099999999994 0.00000000099999999994 0.00000000099999999994 0.00000000099999999994 0.00000000099999999994 0.32930774202787915783 0.67069224897212087466 
0.00000000099999999993 0.00000000099999999993 0.00000000099999999993 0.00000000099999999993 0.00000000099999999993 0.00000000099999999993 0.00000000099999999993 0.00000000099999999993 0.00000000099999999993 0.26425118492436899809 0.73574880607563108992 
0.00000000099999999996 0.00000000099999999996 0.00000000099999999996 0.00000000099999999996 0.00000000099999999996 0.00000000099999999996 0.00000000099999999996 0.00000000099999999996 0.00000000099999999996 0.38522136623538077993 0.61477862476461930807 
0.00000000099999999994 0.00000000099999999994 0.00000000099999999994 0.00000000099999999994 0.00000000099999999994 0.00000000099999999994 0.00000000099999999994 0.00000000099999999994 0.00000000099999999994 0.36203417083271510757 0.63796582016728498044 
0.00000001244228967524 0.00000374298372589567 0.02111235637244040717 0.07571102236999244228 0.02012735541117028140 0.10203199393237319392 0.00390007234868982233 0.01587721917131997701 0.02720075455992146396 0.60010448268546723316 0.13393098772260966789 
0.04456516475418677986 0.02778556924887298774 0.00000000099999999997 0.38206821612328800697 0.09642302280407215320 0.41816269806889672100 0.00000000099999999997 0.00000000099999999997 0.00000000099999999997 0.00000000099999999997 0.03099532400068338162 
0.08299708587306083019 0.03995307787812403533 0.00000000099999999998 0.28189905109871798983 0.15194142058773391080 0.43316704872088923617 0.00000000099999999998 0.00747358363829249330 0.00000000099999999998 0.00000000099999999998 0.00256872820318141109 
0.08248855260130699696 0.00000000099999999998 0.00000000099999999998 0.30242790944434144729 0.10564086637785308209 0.45568369760537769109 0.00000000099999999998 0.00000000099999999998 0.00000000099999999998 0.00768704077948894129 0.04607192819163197228 
0.07772319775705284484 0.03749736062455802377 0.00000000099999999997 0.22699773951178331410 0.14349560720764431565 0.50756469854285890531 0.00112060915294212994 0.00000000099999999997 0.00000000099999999997 0.00000000099999999997 0.00560078320316059405 
0.10654854987916949349 0.03282027694444540622 0.00000000099999999998 0.26054989402104561380 0.09401229414374387416 0.50463769929885227139 0.00000000099999999998 0.00000000099999999998 0.00000000099999999998 0.00000000099999999998 0.00143128071274338086 
0.07463865313336830176 0.00000000099999999998 0.00000000099999999998 0.27080288092352755580 0.13071048871720794549 0.52310886092630715094 0.00000000099999999998 0.00000000099999999998 0.00000000099999999998 0.00000000099999999998 0.00073911029958905567 
0.04535092456100451447 0.00000000099999999997 0.00000000099999999997 0.30313343029538863949 0.08650003840706178837 0.53932456787422355937 0.00000000099999999997 0.00000000099999999997 0.00719466837768030498 0.00000000099999999997 0.01849636548464142841 
0.09920222346256839241 0.00000000099999999997 0.00000000099999999997 0.19616570281832179656 0.10630277530340639935 0.55416178660993997696 0.00000000099999999997 0.00000000099999999997 0.00000000099999999997 0.00000000099999999997 0.04416750580576352808 
0.08261897660212036421 0.00000000099999999996 0.00000000099999999996 0.20181903035106188438 0.11969308545536953836 0.56601322001063192335 0.00000000099999999996 0.00000000099999999996 0.00000000099999999996 0.00000000099999999996 0.02985568158081640736 
0.06126938869440617941 0.00000000099999999998 0.00000000099999999998 0.27537275817456258187 0.12301123058889067152 0.51069570280008491636 0.00000000099999999998 0.00001198650432501042 0.00000000099999999998 0.00000000099999999998 0.02963892823773075363 
0.04551053591913008928 0.06468693265921249269 0.00000000099999999998 0.27018393268968093901 0.12743773134862446117 0.48689987974104464996 0.00000000099999999998 0.00000000099999999998 0.00003441534518307016 0.00000000099999999998 0.00524656829712435990 
0.05743019196114303865 0.02162063953589475965 0.00000000099999999999 0.22608361463208517805 0.20093903061865134307 0.43862267445240987751 0.00000000099999999999 0.02224185510605793462 0.00000002901789691712 0.01425788745113271659 0.01880407522472825679 
0.05975874351269106627 0.00000000099999999998 0.00000000099999999998 0.23825749424696551770 0.09350267349986508825 0.55629760352149304481 0.00000000099999999998 0.00000000099999999998 0.02160652877084785067 0.00000000099999999998 0.03057695144813751126 
0.06060810814779561684 0.00000000099999999997 0.00000000099999999997 0.26134832530392038130 0.14197554968154010857 0.50008492313199726098 0.00000000099999999997 0.00000000099999999997 0.00000000099999999997 0.00000000099999999997 0.03598308773474677424 
0.05924918249968706002 0.00000000099999999997 0.00000000099999999997 0.22292442306796672602 0.13300959637431913896 0.56160692229406350418 0.00000000099999999997 0.00000000099999999997 0.00933048556601000223 0.01010315199791535570 0.00377623420003839194 
