0.00363538867464126107 0.00000000099999999999 0.81788067691309618290 0.08968528662369226745 0.00000000099999999999 0.05289292824642950058 0.00000000099999999999 0.03590571654214075314 
0.00000000099999999998 0.00000000099999999998 0.88764148846466262022 0.07495532013325138798 0.00000027290005930103 0.00000000099999999998 0.00000000099999999998 0.03740291450202661711 
0.00000000099999999999 0.00000000099999999999 0.81590000985709310033 0.07905773847877013705 0.00000000099999999999 0.06530355413983439383 0.00000000099999999999 0.03973869352430241253 
0.00000000099999999998 0.00000000099999999998 0.87789149381246467385 0.09226809071176396426 0.00000000099999999998 0.02125343646871031417 0.00000000099999999998 0.00858697500706098911 
0.00000000099999999998 0.00000000099999999998 0.84467544536072736161 0.08618094160213538024 0.00000000099999999998 0.01735241875167667369 0.00000000099999999998 0.05179119028546064901 
0.00000000099999999999 0.00000000099999999999 0.77808370739430421370 0.09510108196156143168 0.00000000099999999999 0.03320134135838297834 0.00000000099999999999 0.09361386528575130206 
0.00000000100000000000 0.00000000100000000000 0.80646986141345922139 0.12450495983810551393 0.00000000100000000000 0.04696254811294627712 0.00000000100000000000 0.02206262663548904865 
0.04725501913047509828 0.00000000099999999999 0.66416969314268881064 0.15271071116038500981 0.00000000099999999999 0.06921783045596477391 0.00000000099999999999 0.06664674311048643385 
0.00000000100000000000 0.00000000100000000000 0.87306144151056785940 0.08665666825975792964 0.00000000100000000000 0.01266055076073549328 0.00000000100000000000 0.02762133546893865907 
0.00000000099999999998 0.00000000099999999998 0.70509924131037271522 0.13505966100300359489 0.00000000099999999998 0.08196785439325540712 0.00000000099999999998 0.07787323929336813222 
0.00000000099999999998 0.00000000099999999998 0.84491923056402329362 0.08416932122432964347 0.00000000099999999998 0.00000000099999999998 0.00000000099999999998 0.07091144321164699615 
0.00000000099999999999 0.00000000099999999999 0.76148827899839588440 0.12370943237097027645 0.00000000099999999999 0.03299346128665695682 0.00000000099999999999 0.08180882334397676647 
0.00000000099999999999 0.00000000099999999999 0.81856958013473235525 0.07406303616828112391 0.01230204699301324332 0.07004330970204632190 0.00000000099999999999 0.02502202400192710119 
0.00000000099999999999 0.16982080898644449918 0.41143554866030246364 0.00000000099999999999 0.02433829686929197406 0.00000000099999999999 0.39440534148396111380 0.00000000099999999999 
0.00000000099999999998 0.18281963153783212239 0.40820193915077934710 0.00000000099999999998 0.01326359169250061754 0.00000000099999999998 0.37704129612518749726 0.01867353849370053179 
0.00000000099999999998 0.17492072915691322943 0.36244314026534529827 0.00000000099999999998 0.01861552784766164897 0.00000000099999999998 0.44402059873007981849 0.00000000099999999998 
0.00000000099999999999 0.26015890740416602878 0.34693145840224159926 0.00000000099999999999 0.03224460827682267688 0.00000000099999999999 0.36066502191676980127 0.00000000099999999999 
0.00793460949306486196 0.17661683029656424782 0.41254227049866004640 0.00000000099999999998 0.00975049016992443271 0.00000000099999999998 0.39315579654178639535 0.00000000099999999998 
0.00000000099999999998 0.16462288794319324126 0.41803413855805987565 0.00000000099999999998 0.03232322232091410646 0.00000000099999999998 0.37856439540753628048 0.00645535277029660095 
0.00267908428439772670 0.16889380631623721052 0.38050930867531740365 0.00000000099999999998 0.07329460675290365435 0.00000000099999999998 0.37462319097114404887 0.00000000099999999998 
0.00000000099999999998 0.16081375509972001270 0.37970789348555544773 0.00000000099999999998 0.00000000099999999998 0.03941299344088865925 0.42006535397383598651 0.00000000099999999998 
0.00991951624119796239 0.11066072353233265269 0.35447645777460534688 0.00000000099999999998 0.02576809745628023604 0.00000000099999999998 0.49917520199558362837 0.00000000099999999998 
0.00000000099999999998 0.16214150480433411894 0.35436842178060845576 0.00000000099999999998 0.03173824740606489420 0.00000000099999999998 0.43678128190589837754 0.01497054110309416555 
0.00590463425014138999 0.20033420271342522456 0.33967719419279884807 0.00000000099999999999 0.02510426009781555404 0.00000000099999999999 0.40597219259413824810 0.02300751415168084124 
0.02050678762265135263 0.12796060354585009344 0.32590446539995804320 0.00000000099999999999 0.06714120483341720624 0.00000000099999999999 0.45848693559812320197 0.00000000099999999999 
0.00000000099999999998 0.14423062933344640846 0.36299543174373888332 0.00000000099999999998 0.05150668495636104294 0.00000000099999999998 0.42455252801725096301 0.01671472294920282875 
0.00000000099999999998 0.09261083289100718874 0.34904119556354951115 0.00000000099999999998 0.02871981610881752314 0.02002583093953629739 0.48533489403366841808 0.02426742846342100704 
0.00000000099999999998 0.21165604870822091188 0.33961207074984561816 0.00000000099999999998 0.05323235546484961223 0.00000000099999999998 0.39540585062888772283 0.00009367144819625786 
0.00000000099999999997 0.18151103438600804663 0.40409325401900098029 0.00000000099999999997 0.03821448922125869618 0.00000000099999999997 0.37618121837373241778 0.00000000099999999997 
0.00331086783090738966 0.02280213218666043984 0.26095482674821696145 0.00000000099999999998 0.00000000099999999998 0.00000000099999999998 0.71293216923421520725 0.00000000099999999998 
0.04557248991567944274 0.00000000099999999997 0.25535493330772202070 0.00000000099999999997 0.00000000099999999997 0.00000000099999999997 0.69907257177659842817 0.00000000099999999997 
0.02119474605829615652 0.01199147111520496023 0.29661145462011601071 0.00000000099999999998 0.07125456616352165984 0.00095856210134424500 0.59798919794151683682 0.00000000099999999998 
0.03401762331241605514 0.05585167814776088174 0.21420262808335130411 0.00000000099999999998 0.03845463796950437940 0.00000000099999999998 0.65747342948696718690 0.00000000099999999998 
0.01748916511823417341 0.00011130643704899585 0.24840239632614810605 0.00000000099999999997 0.04459848248236190915 0.00000000099999999997 0.68013954853307667658 0.00925909910313003209 
0.05189451081256896831 0.03570432045636479784 0.23331726314263995237 0.00000000099999999999 0.02592425555668059420 0.00182137029772053236 0.65133827773402497296 0.00000000099999999999 
0.04614319472362055086 0.00000000099999999997 0.25393875412120381352 0.00000000099999999997 0.00000000099999999997 0.00000000099999999997 0.69991804615517561050 0.00000000099999999997 
0.03181315948164605695 0.00947069754245681919 0.25622593214531597106 0.00000000099999999999 0.05019847253065999604 0.00055426618396740488 0.65173747011595362100 0.00000000099999999999 
0.03215756947642110092 0.05317153315534859509 0.16368282075537163300 0.00000000099999999998 0.01834204684026586804 0.00000000099999999998 0.73264602677259271779 0.00000000099999999998 
0.00182521693839903681 0.05120583966371140827 0.29462233724163316984 0.00000000099999999998 0.03645141078155295089 0.00000000099999999998 0.61589519237470324864 0.00000000099999999998 
0.00000000099999999989 0.00000000099999999989 0.00000000099999999989 0.00000000099999999989 0.00000000099999999989 0.00000000099999999989 0.99999999299999986491 0.00000000099999999989 
0.02486452662185700477 0.04819348139325967117 0.25326612349879046304 0.00000000099999999998 0.05802598396762050081 0.00000000099999999998 0.61564988151847221953 0.00000000099999999998 
0.01787086174462786808 0.00003502071253959037 0.25403354659671978366 0.00000000099999999997 0.03457992493501298170 0.00000000099999999997 0.69348064301109979546 0.00000000099999999997 
0.04761149994017620929 0.01456650999581963687 0.24809639048163290020 0.00000000099999999998 0.03936598377466921789 0.00000000099999999998 0.65035961280770182569 0.00000000099999999998 
0.01676453881018177133 0.04412843177508259107 0.24499011456605068737 0.00000000099999999998 0.05658582312459489727 0.00904211520172774723 0.62848897452236218708 0.00000000099999999998 
0.01243619510037677865 0.04957144244949802936 0.27738880071879395972 0.00000000099999999998 0.00343156318194850910 0.00000000099999999998 0.65717199554938254824 0.00000000099999999998 
0.03315252360226862705 0.01483473263615381690 0.19292059952101803244 0.00000000099999999998 0.03660297810347383496 0.00000000099999999998 0.72248916313708566594 0.00000000099999999998 
0.08282396744953858525 0.00000000099999999999 0.07323188375196262867 0.00000000099999999999 0.02572769193050038899 0.00000000099999999999 0.81533795125334307397 0.00287850261465526702 
0.00000000099999999999 0.01527060212248276989 0.14749686611856033247 0.31817120922508435044 0.00000000099999999999 0.01151938994198326363 0.07135407136428541242 0.43618785922760372475 
0.00000000099999999999 0.00617568171573165767 0.00000081641584890656 0.36499705221553430112 0.00768009522519679747 0.00000000099999999999 0.16169331953931342927 0.45945303288837485711 
0.00000000100000000000 0.04879576388979687401 0.00000000100000000000 0.39439776369752749252 0.01714073097387830771 0.00219593080093952219 0.06005816213591873981 0.47741164650193901320 
0.00000000100000000000 0.08341223665646899099 0.03746310196736659520 0.34566682289431077679 0.03574547942261326744 0.00585533890655799867 0.04180442148866937713 0.45005259766401295440 
0.00000000100000000000 0.03803643467678251289 0.04724672922228637800 0.38257230815558712633 0.00000000100000000000 0.03144971445841354685 0.08350429602165544696 0.41719051546527480268 
0.00000000100000000000 0.00000000100000000000 0.10040735479359615134 0.32504891223478621365 0.01271838961366379347 0.05589559892342850500 0.03654850989493091395 0.46938123253959435077 
0.00000000099999999999 0.01735543863003620110 0.12606210882485788249 0.31568068886362171677 0.03435851889469798692 0.00000000099999999999 0.06355306597676244063 0.44299017681002378355 
0.01076753184683647453 0.05132612314873145204 0.09782575585136196739 0.26666332933640735092 0.00000000100000000000 0.03608160920012894873 0.06334049956214088395 0.47399515005439296633 
0.00000000100000000000 0.06545034356525417096 0.09084595220405131122 0.31319957406469028927 0.00000000100000000000 0.03116023486232761749 0.04235108772903791591 0.45699280557463861641 
0.00000000099999999999 0.00000000099999999999 0.07156933134906558192 0.36431921225412439158 0.00000000099999999999 0.03172136028872121760 0.06764542003222975830 0.46474467307585898279 
0.04658880506320062925 0.03088705768836398288 0.09181915985917006584 0.00000000099999999998 0.00013161486324169154 0.00000000099999999998 0.83057335952602351359 0.00000000099999999998 
0.04855479058400882092 0.04313530992059779606 0.00000000099999999997 0.00000000099999999997 0.01521781198387158959 0.00000000099999999997 0.87081112010341610308 0.02228096440810561560 
0.02207997245571692926 0.05264158474866061782 0.00000000099999999997 0.00000000099999999997 0.00591144913461060396 0.00000000099999999997 0.91936698966101182418 0.00000000099999999997 
0.00000000099999999998 0.07036958927681885578 0.00000000099999999998 0.00000000099999999998 0.00000000099999999998 0.00000000099999999998 0.92963040472318103635 0.00000000099999999998 
0.02302959189692846062 0.06818452628001489546 0.00000000099999999999 0.00000000099999999999 0.07371534312884861495 0.00000000099999999999 0.82416473942149359733 0.01090579627271451822 
0.02519293999340430079 0.08089911678445907417 0.01550078945665564825 0.00000000099999999999 0.00000000099999999999 0.00000000099999999999 0.85463471343402441782 0.02377243733145648075 
0.02570851446592730891 0.00000000099999999998 0.00000000099999999998 0.00000000099999999998 0.00673785042544374282 0.00000000099999999998 0.96755303337861642277 0.00000059773001264193 
0.00520867491804090799 0.01734940866929948755 0.06597270164162939710 0.00000000099999999999 0.02983350750956375447 0.00000000099999999999 0.84468472492575730204 0.03695098033570916318 
0.00000000099999999997 0.02475973989286119753 0.00000000099999999997 0.00000000099999999997 0.00000000099999999997 0.00000000099999999997 0.97524025410713877093 0.00000000099999999997 
0.00723041077448617359 0.07696758076722366726 0.03310228596376202370 0.00000000099999999998 0.00000000099999999998 0.00000000099999999998 0.88269971761626886408 0.00000000187825935437 
0.04388645303538819820 0.06462338648571455679 0.67119180516897558597 0.00000000099999999999 0.02287854579380767944 0.06214769886175994240 0.04266848843944791303 0.09260362121490609000 
0.00000000099999999999 0.00807656855560196646 0.86459278617505130882 0.00000000099999999999 0.00000000099999999999 0.05151122102106647782 0.04587014776565945251 0.02994927348262088271 
0.00883632933026564510 0.07213133825505299579 0.61521941129195900633 0.00000000099999999999 0.03833216448868281834 0.05251264056678456305 0.14088705293559430909 0.07208106213166078080 
0.07409832537781356476 0.03614450261413972715 0.74265837882704233142 0.02498284837644236187 0.00000000493970609571 0.04813034582818064011 0.05744683422947421264 0.01653875980720105263 
0.01908598585760540312 0.38473282069239816972 0.12432909687093551820 0.00000000099999999998 0.00000000099999999998 0.00000000099999999998 0.45747913083642338661 0.01437296274263764016 
0.04520731815384087388 0.33971855856702509735 0.10013991279052419925 0.00000000099999999999 0.00358752139859724916 0.00000000099999999999 0.51134668609001243667 0.00000000099999999999 
0.04401843389050732330 0.30709045357412595445 0.11206531200067312848 0.00000000099999999998 0.00000000099999999998 0.00000000099999999998 0.53682579653469342240 0.00000000099999999998 
0.06662009125541012988 0.32673176150975807852 0.10872183389191900083 0.00000000099999999999 0.02471060674393232154 0.00000000099999999999 0.47321570359898040836 0.00000000099999999999 
0.06257622593271773559 0.40231637995265018271 0.07243016820471395723 0.00000000099999999998 0.01134797008368465011 0.00000000099999999998 0.45132925282623348462 0.00000000099999999998 
0.06293040723681714299 0.31111756487525338288 0.10448729958385406802 0.00000000099999999999 0.00000000099999999999 0.00312565146563986099 0.51833895828174869624 0.00000011655668680814 
0.99999999300000019797 0.00000000099999999987 0.00000000099999999987 0.00000000099999999987 0.00000000099999999987 0.00000000099999999987 0.00000000099999999987 0.00000000099999999987 
0.02530051191037091529 0.08259834561708204181 0.28371529851082566420 0.00000000099999999999 0.02893993373378593928 0.01193127646473483849 0.55678251271010281709 0.01073212005309790232 
0.03063446552773668036 0.07767282554533287697 0.38483322264977359861 0.00000000099999999998 0.08183643016670409664 0.00000000099999999998 0.42502305311045257552 0.00000000099999999998 
0.04860621262560380074 0.09162664897492860117 0.29884903764466641540 0.00000000099999999999 0.07291469606143047288 0.00000000099999999999 0.48800340169337075302 0.00000000099999999999 
0.06628335596093734572 0.05990851047829707371 0.26195971149377428322 0.00000000099999999999 0.06549581732457979144 0.00746927459898311889 0.52412042589049290253 0.01476290325293556221 
0.03785079170598665277 0.16635847063864117601 0.43563433595822692590 0.00000000099999999998 0.05644704267349383991 0.00000000099999999998 0.30370935602365145556 0.00000000099999999998 
0.03076638456791404297 0.20327051933089540503 0.27394204052194598420 0.00000000100000000000 0.03647909358406647984 0.00774430025080589078 0.44779765974437224507 0.00000000100000000000 
0.03190164330475415977 0.17756901669844904479 0.31043228068347800130 0.00000000099999999999 0.05650908384580401178 0.01072153499651133310 0.41286643847100323867 0.00000000099999999999 
0.02968796058705854696 0.17587158474359973481 0.35189320381454930464 0.00000000100000000000 0.07398351010130022054 0.01708431943764753685 0.34134427947331802411 0.01013514084252665516 
0.02015688947468019521 0.10901501967868124088 0.33918838481684193686 0.00000000099999999999 0.06207581303243221715 0.00000000099999999999 0.46956388999736436984 0.00000000099999999999 
0.02830345033239335673 0.17196090850107112469 0.31774707735991358781 0.00000000099999999999 0.01685130340252543116 0.00285744451272536152 0.46227981389137101642 0.00000000099999999999 
0.02590159471284890491 0.13343151015506465873 0.31014183977738013498 0.00000000099999999999 0.11955446352267755372 0.01380214324845732698 0.39716844658357136622 0.00000000099999999999 
0.03946140133855883386 0.13703376394241553737 0.30550463768128482966 0.00000000099999999999 0.08933401667457784023 0.00000000099999999999 0.42866602928929342653 0.00000014907386938318 
0.04605009170401579144 0.13006431049497726993 0.23877879418050987348 0.00000000099999999999 0.05575698654651822100 0.00850578998056727466 0.50400635011939154406 0.01683767597402005198 
0.05407072670489910388 0.24042948601770341988 0.52864857534075060386 0.00000000099999999999 0.01990730653479641510 0.00000000099999999999 0.15694390240185046581 0.00000000099999999999 
0.02148819451730098543 0.11374907689040805736 0.28277502774156526577 0.00000000099999999999 0.04425183237075286380 0.00000000099999999999 0.53773586547997276330 0.00000000099999999999 
0.00000000099999999996 0.02166588332043212217 0.00000000099999999996 0.00000000099999999996 0.00000000099999999996 0.02270908459628926193 0.59720554617927268382 0.35841948190400607643 
0.00000000099999999987 0.00000000099999999987 0.00000000099999999987 0.00000000099999999987 0.00000000099999999987 0.00000000099999999987 0.00000000099999999987 0.99999999299999997593 
0.00000000099999999985 0.00000000099999999985 0.00000000099999999985 0.00000000099999999985 0.00000000099999999985 0.00000000099999999985 0.00000000099999999985 0.99999999300000008695 
0.00000000099999999990 0.00000000099999999990 0.00000000099999999990 0.00000000099999999990 0.00000000099999999990 0.00000000099999999990 0.00000000099999999990 0.99999999300000008695 
0.00000000099999999986 0.00000000099999999986 0.00000000099999999986 0.00000000099999999986 0.00000000099999999986 0.00000000099999999986 0.00000000099999999986 0.99999999299999997593 
0.00000000099999999985 0.00000000099999999985 0.00000000099999999985 0.00000000099999999985 0.00000000099999999985 0.00000000099999999985 0.00000000099999999985 0.99999999299999997593 
0.00000000099999999991 0.00000000099999999991 0.00000000099999999991 0.00000000099999999991 0.00000000099999999991 0.00000000099999999991 0.00000000099999999991 0.99999999300000008695 
0.00000000099999999987 0.00000000099999999987 0.00000000099999999987 0.00000000099999999987 0.00000000099999999987 0.00000000099999999987 0.00000000099999999987 0.99999999300000008695 
0.00000000099999999995 0.00000000099999999995 0.00000000099999999995 0.00000000099999999995 0.00000000099999999995 0.00000000099999999995 0.17578708664672174078 0.82421290735327834565 
0.00000000099999999990 0.00000000099999999990 0.00000000099999999990 0.00000000099999999990 0.00000000099999999990 0.00000000099999999990 0.00000000099999999990 0.99999999299999997593 
0.02711099141789666614 0.07281733209830440479 0.11537278584360897982 0.00000000099999999999 0.04305538053581980246 0.01871998177296643057 0.71546830793763216416 0.00745521939377153959 
0.00529062508736178379 0.08927951429110413117 0.09522369644642166009 0.00000000099999999997 0.04935333686540130382 0.00000000099999999997 0.76085282430971112877 0.00000000099999999997 
0.00000000099999999999 0.08391422739161520650 0.02399416425374700443 0.00000000099999999999 0.00000000099999999999 0.00000000099999999999 0.78685919206990118102 0.10523241228473662057 
0.00000000099999999997 0.02037571317520411179 0.00000000099999999997 0.00000000099999999997 0.00000000099999999997 0.00000000099999999997 0.80843438291254643424 0.17118989891224950517 
0.00000000099999999998 0.01078854468800284107 0.00000000099999999998 0.00000000099999999998 0.02338185585013088236 0.00000000099999999998 0.78450233183436546280 0.18132726362750073434 
0.00000000099999999997 0.04226206464264457840 0.00000000099999999997 0.00000000099999999997 0.00000000099999999997 0.00000000099999999997 0.78681879290305933861 0.17091913745429612725 
0.00000000099999999995 0.03473687040410361471 0.00000000099999999995 0.00000000099999999995 0.00000000099999999995 0.00000000099999999995 0.90900580557279397897 0.05625731902310230487 
0.00000000099999999996 0.04832409358141989686 0.00000000099999999996 0.00000000099999999996 0.00000000099999999996 0.00000000099999999996 0.80538193003115110535 0.14629397138742900042 
0.00000000099999999998 0.04395391683494418583 0.00000000099999999998 0.00000000099999999998 0.00000000099999999998 0.00000000099999999998 0.90061454074721503105 0.05543153741784075106 
0.00000000099999999996 0.04356225441476926918 0.00000000099999999996 0.00000000099999999996 0.00000000099999999996 0.00000000099999999996 0.87053311755051565601 0.08590462303471495253 
0.00000000099999999994 0.00000000099999999994 0.00000000099999999994 0.00000000099999999994 0.00000000099999999994 0.00000000099999999994 0.85186118157821477670 0.14813881242178530973 
0.00000000099999999995 0.00000000099999999995 0.00000000099999999995 0.00000000099999999995 0.00000000099999999995 0.00000000099999999995 0.87047086123451411499 0.12952913276548580490 
0.00000000099999999995 0.00000000099999999995 0.00000000099999999995 0.00000000099999999995 0.00000000099999999995 0.00000000099999999995 0.90740445672630098972 0.09259553727369904119 
0.00000000099999999996 0.03550967917626612902 0.00000000099999999996 0.00000000099999999996 0.01270443921454426743 0.00000000099999999996 0.84631616994434943901 0.10546970766484009552 
0.00000000099999999996 0.00000000099999999996 0.00000000099999999996 0.00000000099999999996 0.00000000099999999996 0.00000000099999999996 0.87831814667067231728 0.12168184732932746384 
0.00000000099999999997 0.02421048287827444467 0.00000000099999999997 0.00000000099999999997 0.01633329508885331821 0.00000000099999999997 0.80973744519279333698 0.14971877284007889530 
0.00000000099999999996 0.04772191848237794520 0.00000000099999999996 0.00000000099999999996 0.00000000099999999996 0.00000000099999999996 0.84509379700633446841 0.10718427951128747799 
0.00000000099999999996 0.00000000099999999996 0.00000000099999999996 0.00000000099999999996 0.00000000099999999996 0.00000000099999999996 0.94866014388172736904 0.05133985011827265493 
0.00000000099999999998 0.00000000099999999998 0.00000000099999999998 0.00000000099999999998 0.01103591660554675835 0.00000000099999999998 0.93138941605424152570 0.05757466234021176021 
0.00000000099999999994 0.00000000099999999994 0.00000000099999999994 0.00000000099999999994 0.00000000099999999994 0.00000000099999999994 0.93666996416260972502 0.06333002983739013936 
0.00000000099999999996 0.00005289099687816450 0.00000000099999999996 0.00000000099999999996 0.00000000099999999996 0.00000000099999999996 0.83182928233761321835 0.16811782166550853779 
0.00000000099999999995 0.00000000099999999995 0.00000000099999999995 0.00000000099999999995 0.00000000099999999995 0.00000000099999999995 0.97513920244765872614 0.02486079155234122151 
0.00000000099999999997 0.00000000099999999997 0.00000000099999999997 0.00000000099999999997 0.00000000099999999997 0.00000000099999999997 0.94094078378440881849 0.05905921021559110834 
0.00000000099999999998 0.00017549369416718021 0.00000000099999999998 0.00000000099999999998 0.00000000099999999998 0.01281744150717924191 0.87030922863215565144 0.11669783216649785851 
0.99999999300000008695 0.00000000099999999989 0.00000000099999999989 0.00000000099999999989 0.00000000099999999989 0.00000000099999999989 0.00000000099999999989 0.00000000099999999989 
0.99999999300000019797 0.00000000099999999989 0.00000000099999999989 0.00000000099999999989 0.00000000099999999989 0.00000000099999999989 0.00000000099999999989 0.00000000099999999989 
0.00000000099999999996 0.00000000099999999996 0.39758969829991203104 0.00000000099999999996 0.00000000099999999996 0.00000000099999999996 0.00000000099999999996 0.60241029570008797211 
0.00000000099999999996 0.00000000099999999996 0.31595162593784847926 0.00000000099999999996 0.00000000099999999996 0.00000000099999999996 0.00000000099999999996 0.68404836806215141287 
0.00000000099999999997 0.00000000099999999997 0.39066817061518271936 0.00006614406887466377 0.00000000099999999997 0.00000000099999999997 0.00000000099999999997 0.60926568031594241504 
0.00000000099999999998 0.00000000099999999998 0.02804640125660714384 0.00000000099999999998 0.00000000099999999998 0.00000000099999999998 0.24668981832447617331 0.72526377541891673406 
0.00000000099999999997 0.00000000099999999997 0.29188006541970801244 0.00000000099999999997 0.00000000099999999997 0.00000000099999999997 0.00000000099999999997 0.70811992858029193521 
0.00000000099999999997 0.00000000099999999997 0.30785275339007783790 0.00000000099999999997 0.00000000099999999997 0.00000000099999999997 0.00000000099999999997 0.69214724060992194321 
0.00000000099999999998 0.00000000099999999998 0.32199812319727999510 0.00000000099999999998 0.00000000099999999998 0.00000000099999999998 0.00000000099999999998 0.67800187080271989704 
0.00000000099999999999 0.00172944269823382631 0.45676157124438737656 0.01667797439255670408 0.00000000099999999999 0.02003352482401886403 0.00000000099999999999 0.50479748384080314061 
0.00000000099999999996 0.00000000099999999996 0.32806243077792923701 0.00000000099999999996 0.00000000099999999996 0.00000000099999999996 0.00000000099999999996 0.67193756322207054410 
0.00000000099999999996 0.00000000099999999996 0.29474781869990501759 0.00000000099999999996 0.00000000099999999996 0.00000000099999999996 0.00000000099999999996 0.70525217530009498557 
0.00000000099999999997 0.00000000099999999997 0.38011342359129363100 0.00000000099999999997 0.00000000099999999997 0.00000000099999999997 0.00000000099999999997 0.61988657040870631665 
0.00000000099999999996 0.00000000099999999996 0.39030653816116372967 0.00000000099999999996 0.00000000099999999996 0.00000000099999999996 0.00000000099999999996 0.60969345583883616246 
0.00711221480673101831 0.01551214860131996595 0.61096791605983280515 0.04240485526995195487 0.00000226865890455925 0.08334284233998902336 0.07934271681685811650 0.16131503744641267906 
0.00000000099999999998 0.14531192027258169053 0.29351696389375148133 0.00000000099999999998 0.05119354410258332433 0.00000000099999999998 0.46758959121513826718 0.04238797751594527291 
0.01830591176544194010 0.19877771236369948249 0.30175850498602602157 0.00000000099999999998 0.10876642459904875548 0.00000000099999999998 0.35937853898041532963 0.01301290530536877710 
0.01377301862843413778 0.15857074933170392517 0.34916823022888809902 0.00000000099999999998 0.08291772099330778356 0.00000000099999999998 0.38335119081776503069 0.01221908799990111677 
0.00000000099999999998 0.19894027959255694560 0.35825605053624415275 0.00000000099999999998 0.10273293725042927094 0.00000000099999999998 0.31844742652872121136 0.02162330309204851114 
0.02191649261996077638 0.14853000459991011484 0.33867332016642537340 0.00000000099999999998 0.12372258975555999738 0.00000000099999999998 0.36715758985814367366 0.00000000099999999998 
0.03852950916015306093 0.17046336575947473868 0.34628289961165864552 0.00000000099999999998 0.09572246947503734726 0.00000000099999999998 0.34900175299367630632 0.00000000099999999998 
0.00824731211111442812 0.14485257395995787544 0.37045612614953665753 0.00000000099999999998 0.07641087466653224969 0.00000000099999999998 0.40003311011285874743 0.00000000099999999998 
0.00000000099999999998 0.16010189903137486689 0.41537432199172535929 0.00000000099999999998 0.10901779585561723052 0.00000000099999999998 0.31550597912128258704 0.00000000099999999998 
0.00000000099999999997 0.18299772727043014942 0.41982552352819479946 0.00000000099999999997 0.09709966942004011337 0.00000000099999999997 0.30007707578133502313 0.00000000099999999997 
0.03418734244308221232 0.17477571374827807760 0.32960620305669530161 0.00000000099999999998 0.07546130118511487628 0.00000000099999999998 0.38596943656682958235 0.00000000099999999998 
0.01144266525898374187 0.18075814102273160544 0.33916986192668774347 0.00000000099999999998 0.06855555746514208071 0.00000000099999999998 0.36226875148962411899 0.03780502083683081466 
0.03036801318196429011 0.24767347157950753145 0.32939382793563798391 0.00000000099999999998 0.07907972113592914853 0.00000000099999999998 0.31278350482964861756 0.00070145933731249552 
0.01247070201249930212 0.16086473300323167468 0.38227023998208053968 0.00000000099999999999 0.08305226697094419963 0.00000000099999999999 0.35724093944374663012 0.00410111658749776672 
0.00736975231155228769 0.19595709006785708151 0.34428970049984591872 0.00000000099999999998 0.07758375700037342670 0.00000000099999999998 0.37479969712037120022 0.00000000099999999998 
0.00000000099999999998 0.18559850512952608126 0.41465026686315992199 0.00000000099999999998 0.07654176013646155075 0.00000000099999999998 0.32320946387085242035 0.00000000099999999998 
0.01409883073677427844 0.18926976256592134562 0.35828562936561048069 0.00000000099999999998 0.06619117277905287033 0.00000000099999999998 0.37215460155264118436 0.00000000099999999998 
0.02155816307122758110 0.18491176428636757478 0.37127512178604260562 0.00000000099999999998 0.05127689600668128289 0.00000000099999999998 0.37097804805068235190 0.00000000479899875125 
0.04460869600719221534 0.14293388939555168315 0.38351087672039574361 0.00000000099999999998 0.09079485883154883585 0.00000000099999999998 0.30882420692458206757 0.02932747012072941042 
0.00000000138103006684 0.16514172495174894717 0.40017102897959916374 0.00000000099999999999 0.07910699939177691375 0.00653628559110485015 0.34904395770473989336 0.00000000099999999999 
0.02866804097410832058 0.16323993224922861422 0.35467001202983994279 0.00000000099999999998 0.11524402270077489796 0.00000000099999999998 0.33817798904604828847 0.00000000099999999998 
0.99999999300000019797 0.00000000099999999991 0.00000000099999999991 0.00000000099999999991 0.00000000099999999991 0.00000000099999999991 0.00000000099999999991 0.00000000099999999991 
0.03217847779231954031 0.00000000099999999997 0.00000000099999999997 0.00000000099999999997 0.00000000099999999997 0.00000000099999999997 0.93294974562401711271 0.03487177158366335655 
0.06755173611327552896 0.00000000099999999998 0.00000000099999999998 0.00000000099999999998 0.00000000099999999998 0.00000000099999999998 0.93244825788672436317 0.00000000099999999998 
0.00640266166147853474 0.00000000099999999997 0.02617334334804347767 0.00000000099999999997 0.00000000099999999997 0.00000000099999999997 0.96742398999047785058 0.00000000099999999997 
0.04839164419377681159 0.00000000099999999998 0.00000000099999999998 0.00000000099999999998 0.00000000099999999998 0.00000000099999999998 0.95160834980622321932 0.00000000099999999998 
0.00000000099999999992 0.00000000099999999992 0.00000000099999999992 0.00000000099999999992 0.00000000099999999992 0.00000000099999999992 0.99999999299999986491 0.00000000099999999992 
0.02090509056471191035 0.00000000099999999997 0.00000000099999999997 0.00000000099999999997 0.01986759695176439078 0.00000000099999999997 0.93010179032166884205 0.02912551816185491096 
0.00000000099999999986 0.00000000099999999986 0.00000000099999999986 0.00000000099999999986 0.00000000099999999986 0.00000000099999999986 0.99999999299999986491 0.00000000099999999986 
0.01744205420433233081 0.00000000099999999994 0.00000000099999999994 0.00000000099999999994 0.00000000099999999994 0.00000000099999999994 0.98255793979566752316 0.00000000099999999994 
0.01702502393025599400 0.00000000099999999996 0.00000000099999999996 0.00000000099999999996 0.00000000099999999996 0.00000000099999999996 0.98297497006974399181 0.00000000099999999996 
0.05313982051635602472 0.00000000099999999998 0.00000000099999999998 0.00000000099999999998 0.00000000099999999998 0.00626171435003586210 0.94059846013360803862 0.00000000099999999998 
0.01122577305901784062 0.00000000099999999992 0.00000000099999999992 0.00000000099999999992 0.00000000099999999992 0.00000000099999999992 0.98877422094098210703 0.00000000099999999992 
0.04407642986555531522 0.00000000099999999996 0.00000000099999999996 0.00000000099999999996 0.00000000099999999996 0.00000000099999999996 0.95592356413444456997 0.00000000099999999996 
0.01832717868675763639 0.00000000099999999996 0.00000000099999999996 0.00000000099999999996 0.00000000099999999996 0.00000000099999999996 0.98167281531324235289 0.00000000099999999996 
0.00000000099999999997 0.78633487269848723056 0.00000000099999999997 0.00000000099999999997 0.00000000099999999997 0.00000000099999999997 0.21343451965741555565 0.00023060264409743351 
0.00000000099999999989 0.00000000099999999989 0.00000000099999999989 0.00000000099999999989 0.00000000099999999989 0.00000000099999999989 0.99999999299999986491 0.00000000099999999989 
0.00000000099999999996 0.81381534880489614370 0.00000000099999999996 0.00000000099999999996 0.00000000099999999996 0.00000000099999999996 0.18618464519510399824 0.00000000099999999996 
0.00000000099999999996 0.85790379176378062098 0.00000000099999999996 0.00000000099999999996 0.00000000099999999996 0.00000000099999999996 0.14209620223621949320 0.00000000099999999996 
0.00000000099999999997 0.70117235368311958688 0.00000000099999999997 0.00000000099999999997 0.01764197160111423759 0.00000000099999999997 0.26805205637106443994 0.01313361434470183657 
0.00000000099999999995 0.84870549444692788832 0.00000000099999999995 0.00000000099999999995 0.00000000099999999995 0.00000000099999999995 0.15129449955307217035 0.00000000099999999995 
0.00000000099999999997 0.84046049433564651299 0.01602276054107365164 0.00000000099999999997 0.04717548684361894812 0.00000000099999999997 0.05319731578285331886 0.04314393949680767754 
0.03267000804730078173 0.72190499787864481629 0.09296539853044623325 0.00000000099999999998 0.01701300814398301262 0.00000000099999999998 0.08650333951196315097 0.04894324588766219009 
0.00000000099999999997 0.74211439149333036092 0.00000000099999999997 0.00000000099999999997 0.00000000099999999997 0.00000000099999999997 0.25055731999935532128 0.00732828350731432564 
0.00000000099999999997 0.78413920704949080509 0.00000000099999999997 0.00000000099999999997 0.02368229529553564014 0.00000000099999999997 0.19217849265497358169 0.00000000099999999997 
0.00000000099999999996 0.78111551179962657177 0.00000000099999999996 0.00000000099999999996 0.00000000099999999996 0.00000000099999999996 0.21888448220037345915 0.00000000099999999996 
0.00000000099999999998 0.84262654448123075479 0.00408157110845888248 0.00000000099999999998 0.00000000099999999998 0.00000000099999999998 0.15329187941031058307 0.00000000099999999998 
0.00000000099999999988 0.99999999300000019797 0.00000000099999999988 0.00000000099999999988 0.00000000099999999988 0.00000000099999999988 0.00000000099999999988 0.00000000099999999988 
0.00000000099999999987 0.99999999300000019797 0.00000000099999999987 0.00000000099999999987 0.00000000099999999987 0.00000000099999999987 0.00000000099999999987 0.00000000099999999987 
0.00000000099999999997 0.97631231108673677266 0.00000000099999999997 0.00000000099999999997 0.00000000099999999997 0.00735198338290648026 0.01633570053035697175 0.00000000099999999997 
0.00000000099999999994 0.99999999300000019797 0.00000000099999999994 0.00000000099999999994 0.00000000099999999994 0.00000000099999999994 0.00000000099999999994 0.00000000099999999994 
0.00000000099999999993 0.99999999300000008695 0.00000000099999999993 0.00000000099999999993 0.00000000099999999993 0.00000000099999999993 0.00000000099999999993 0.00000000099999999993 
0.00000000099999999997 0.99999999300000008695 0.00000000099999999997 0.00000000099999999997 0.00000000099999999997 0.00000000099999999997 0.00000000099999999997 0.00000000099999999997 
0.00000000099999999992 0.99999999300000008695 0.00000000099999999992 0.00000000099999999992 0.00000000099999999992 0.00000000099999999992 0.00000000099999999992 0.00000000099999999992 
0.00000000099999999991 0.99999999300000019797 0.00000000099999999991 0.00000000099999999991 0.00000000099999999991 0.00000000099999999991 0.00000000099999999991 0.00000000099999999991 
0.00000000099999999994 0.99999999300000008695 0.00000000099999999994 0.00000000099999999994 0.00000000099999999994 0.00000000099999999994 0.00000000099999999994 0.00000000099999999994 
0.00000000099999999996 0.99999999300000008695 0.00000000099999999996 0.00000000099999999996 0.00000000099999999996 0.00000000099999999996 0.00000000099999999996 0.00000000099999999996 
0.00000000099999999996 0.99999999300000019797 0.00000000099999999996 0.00000000099999999996 0.00000000099999999996 0.00000000099999999996 0.00000000099999999996 0.00000000099999999996 
0.00000000099999999995 0.99999999300000019797 0.00000000099999999995 0.00000000099999999995 0.00000000099999999995 0.00000000099999999995 0.00000000099999999995 0.00000000099999999995 
0.00000000099999999993 0.99999999300000008695 0.00000000099999999993 0.00000000099999999993 0.00000000099999999993 0.00000000099999999993 0.00000000099999999993 0.00000000099999999993 
0.00000000099999999993 0.99719223174188653669 0.00000000099999999993 0.00000000099999999993 0.00000000099999999993 0.00000000099999999993 0.00280776225811349509 0.00000000099999999993 
0.00000000099999999997 0.98044031124510166997 0.00000000099999999997 0.00000000099999999997 0.00000000099999999997 0.00000000099999999997 0.01535444244703396306 0.00420524130786431756 
0.00000000099999999997 0.00000000099999999997 0.00000000099999999997 0.00000000099999999997 0.00000000099999999997 0.00000000099999999997 0.03108080802864816861 0.96891918597135195945 
0.00000000099999999994 0.00000000099999999994 0.00000000099999999994 0.00000000099999999994 0.00000000099999999994 0.00000000099999999994 0.00000000099999999994 0.99999999300000008695 
0.00000000099999999995 0.00000000099999999995 0.00000000099999999995 0.00000000099999999995 0.00000000099999999995 0.00000000099999999995 0.00000000099999999995 0.99999999300000008695 
0.00000000099999999995 0.00000000099999999995 0.00000000099999999995 0.00000000099999999995 0.00027708357311498051 0.00000000099999999995 0.00000000099999999995 0.99972291042688510299 
0.00000000099999999997 0.00000000099999999997 0.00000000099999999997 0.00000000099999999997 0.00000000099999999997 0.00000000099999999997 0.00000000099999999997 0.99999999299999997593 
0.00000000099999999994 0.00000000099999999994 0.00000000099999999994 0.00000000099999999994 0.00000000099999999994 0.00000000099999999994 0.00000000099999999994 0.99999999299999997593 
0.00000000099999999994 0.00000000099999999994 0.00000000099999999994 0.00000000099999999994 0.00000000099999999994 0.00000000099999999994 0.00000000099999999994 0.99999999299999997593 
0.00000000099999999993 0.00000000099999999993 0.00000000099999999993 0.00000000099999999993 0.00000000099999999993 0.00000000099999999993 0.00000000099999999993 0.99999999299999997593 
0.00000000099999999999 0.05864375786246647793 0.00432185525447560930 0.00000000099999999999 0.00000000099999999999 0.00949804790009222376 0.03351545537137910757 0.89402088061158657695 
0.00000000099999999993 0.00000000099999999993 0.00000000099999999993 0.00000000099999999993 0.00000000099999999993 0.00000000099999999993 0.00000000099999999993 0.99999999300000008695 
0.00000000099999999995 0.00000000099999999995 0.00000000099999999995 0.00000000099999999995 0.00000000099999999995 0.00000000099999999995 0.00000000099999999995 0.99999999299999997593 
0.00000000099999999993 0.00000000099999999993 0.00000000099999999993 0.00000000099999999993 0.00000000099999999993 0.00000000099999999993 0.00000000099999999993 0.99999999299999997593 
0.00000000099999999994 0.00000000099999999994 0.00000000099999999994 0.00000000099999999994 0.00000000099999999994 0.00000000099999999994 0.00000000099999999994 0.99999999300000008695 
