0.56338030238410075068 0.00000000100000000000 0.00000000100000000000 0.22904266237403439477 0.00000000100000000000 0.07539958365023868847 0.13217744859162633420 
0.55645860412500891545 0.03341523679407240599 0.00000012111506778911 0.19657935181413990766 0.00000000100000000000 0.08174840618312920193 0.13179827896858181679 
0.55485876914765430712 0.00445688029821727713 0.00000000099999999999 0.22832965501650531737 0.00000000099999999999 0.09402249347613753083 0.11833220006148570391 
0.55596189448642774344 0.03038723974459801164 0.00000000099999999999 0.21992450938937488369 0.00000000099999999999 0.05043882259756020392 0.14328753178203923468 
0.56487672434524105469 0.01324345156828817850 0.00000000099999999999 0.19714709916824657565 0.00000000099999999999 0.09560611648792065320 0.12912660643030343666 
0.52941584209356506996 0.00410181086134283300 0.00000000100000000000 0.19478673751988537233 0.00000000100000000000 0.13828011456973013371 0.13341549295547666665 
0.52363723892344260502 0.02020354939529163396 0.00000000100000000000 0.24101989854149366566 0.00000000100000000000 0.05385929997402671976 0.16128001116574533502 
0.51586457451048040035 0.00000000099999999999 0.00000000099999999999 0.20239578989347337123 0.00000000099999999999 0.09518826474655804615 0.18655136784948830875 
0.55126082037091084231 0.02170376106498732305 0.01548336436910504807 0.20293430601058920493 0.00000000100000000000 0.07130058281116687102 0.13731716437324087421 
0.43160253067488651979 0.00000000100000000000 0.00000000100000000000 0.26770041623209722692 0.00000000100000000000 0.12628307233428578971 0.17441397775873043741 
0.55465838197645489505 0.00000000099999999999 0.00000000099999999999 0.19134665139948789370 0.00000000099999999999 0.12150272696722050347 0.13249223665683687590 
0.50082477791145152413 0.01680961314742893814 0.00000000099999999999 0.18734257447671909258 0.00000000099999999999 0.13395592780636667030 0.16106710465803375509 
0.52757524689991019962 0.04235989210352986145 0.00000000099999999999 0.23286476968396274678 0.00000000099999999999 0.06968770214383045170 0.12751238716876669987 
0.31837767751176038189 0.04577089972028962339 0.20319139824942347716 0.02905138362407332087 0.37155973935842340206 0.02886097672198935371 0.00318792481404031646 
0.31468898550691687399 0.04214082495776858006 0.20786381475859955215 0.03284690892466656659 0.35529948999308264002 0.04715997485896583630 0.00000000099999999999 
0.27013565571825393086 0.03233156252891778576 0.21766550381639698797 0.03227305687730814415 0.44759421905912322170 0.00000000099999999999 0.00000000099999999999 
0.25751463739064728298 0.05042814722281779155 0.29351732507589106680 0.03546904426110353281 0.35343682987389696271 0.00963401517564324746 0.00000000099999999999 
0.31936839304691266861 0.02371936509883912012 0.21518079429917477685 0.01491994558285746064 0.39930059728195782531 0.02751090369025809348 0.00000000099999999999 
0.32644590030687631321 0.05920219347166714302 0.19814451361148929798 0.02016704529962055209 0.35892434607148321346 0.03711600023886330729 0.00000000100000000000 
0.32486829911804049331 0.08582558623040226209 0.21050830626395822254 0.00879375677918820854 0.37000404960841082325 0.00000000099999999999 0.00000000099999999999 
0.29373506018367484538 0.00003607277692794667 0.19526925092618677149 0.08912545050420309090 0.42158712743569159986 0.00024703717331579707 0.00000000099999999999 
0.28160259476904753173 0.03462407333379952795 0.14002194256971611797 0.04880183765656950085 0.49487417572266440002 0.00007537494820280203 0.00000000099999999999 
0.26108134124781834373 0.05021938579750902937 0.18900691705210101445 0.03317234120690633337 0.41638966794203574606 0.05013034575362945722 0.00000000099999999999 
0.28624828817025799177 0.02861583521956111847 0.22824442717723994467 0.02296125346706666404 0.38713114371783435841 0.04679905124803985378 0.00000000099999999999 
0.28179889473921904131 0.08853612947354246032 0.14957285239226625340 0.03033605841637080497 0.44975606297860137861 0.00000000100000000000 0.00000000100000000000 
0.28529785837194099329 0.06157717900087645441 0.17598468719077192679 0.02216019065233856833 0.39597485820909700260 0.05900522557497513837 0.00000000099999999999 
0.24443211570925735265 0.04212465341729935281 0.11354723763876344023 0.07827012477237052512 0.47295519247612100022 0.04867067498618839888 0.00000000099999999999 
0.23823398429734379822 0.06989561504442334816 0.24906584067584361386 0.03570849574862283715 0.38968339555414993614 0.01741266767961656067 0.00000000100000000000 
0.32437032578986174647 0.05719094468357347610 0.21945546641148133693 0.01376362216730758238 0.36220229774109474752 0.02301734220668105388 0.00000000099999999999 
0.24913381922466723561 0.00000000099999999998 0.04566453607944845339 0.00000000099999999998 0.70520164069588431310 0.00000000099999999998 0.00000000099999999998 
0.28529447730671120276 0.00000000099999999997 0.00000000099999999997 0.00000000099999999997 0.71470551769328871661 0.00000000099999999997 0.00000000099999999997 
0.26249971197547294910 0.07392905651990766547 0.03687658756328402593 0.03066577275596879190 0.59602886918536668315 0.00000000099999999999 0.00000000099999999999 
0.22113590475171968075 0.04569532971605155119 0.07489427603689768898 0.00000000099999999999 0.65826937118339512445 0.00000511631193595609 0.00000000099999999999 
0.23822341496034987740 0.05355111026192703461 0.02584688043476866814 0.00000000099999999998 0.66376113335656650172 0.01861745898638778041 0.00000000099999999998 
0.24771217152611751944 0.03176190266116386135 0.05490814333671998476 0.02131390436083198392 0.64430387611516681812 0.00000000099999999999 0.00000000099999999999 
0.28444590676347197844 0.00000000099999999997 0.00000000099999999997 0.00000000099999999997 0.71555408823652799644 0.00000000099999999997 0.00000000099999999997 
0.24807369740573634309 0.05613171912067230207 0.03320566943831408657 0.02500907072931016564 0.63757984130596712102 0.00000000099999999999 0.00000000099999999999 
0.18477676501287890187 0.02389107824005714045 0.06521302412055536568 0.00000000099999999999 0.72611912962650859704 0.00000000099999999999 0.00000000099999999999 
0.25831366171240949248 0.05076310040540132906 0.07589731255410286925 0.00351539620813221985 0.61151052711995412814 0.00000000099999999999 0.00000000099999999999 
0.00000000099999999990 0.00000000099999999990 0.00000000099999999990 0.00000000099999999990 0.99999999400000005867 0.00000000099999999990 0.00000000099999999990 
0.25046894475681108494 0.06710006773035374905 0.06000994952448730074 0.00000000099999999999 0.62242074525911672556 0.00000029072923108162 0.00000000099999999999 
0.25014230953639665644 0.04293186067435306175 0.01750466776634409735 0.00000000099999999998 0.68942115902290623808 0.00000000099999999998 0.00000000099999999998 
0.27748966792829055095 0.04871893205523323417 0.03288356448772022239 0.00000000099999999998 0.64090783252875604958 0.00000000099999999998 0.00000000099999999998 
0.21874858895941001746 0.05664042075603600845 0.07052963511228899085 0.03643240742966249307 0.61764894574260242877 0.00000000099999999999 0.00000000099999999999 
0.25875475089415755914 0.01387930737681778923 0.06540020612831197455 0.00159282205151814872 0.66037291154919453007 0.00000000099999999999 0.00000000099999999999 
0.20665146379715271241 0.04723434001672988103 0.03491701047566367344 0.00000000099999999998 0.71119718271045373470 0.00000000099999999998 0.00000000099999999998 
0.15415404487276332390 0.02815886846209461267 0.00000000099999999999 0.00000000099999999999 0.81768708266514211758 0.00000000099999999999 0.00000000099999999999 
0.06374863216977709468 0.00000000100000000000 0.03174510733744638491 0.03852982419975430062 0.08304738981034684442 0.44283212171561314729 0.34009692376706213146 
0.00000000100000000000 0.00432937809702444755 0.00458101803815643034 0.00179137948532634645 0.16870491142563864839 0.45745217107053182115 0.36314114088332227759 
0.00000000100000000000 0.01099993175143115093 0.04389929729326168956 0.02067228864620362580 0.06245966937475201652 0.47309785787750563424 0.38887095405684585225 
0.00000000100000000000 0.03488283181115644366 0.08244459873664361504 0.03728147068307873652 0.04752155576692961014 0.44847370024190863491 0.34939584176028298801 
0.00000000100000000000 0.00000004618880890364 0.03919045035632703899 0.05821764398337724716 0.09563705468603146687 0.41775033861685972880 0.38920446516859558139 
0.02025723058819759934 0.01809697395747589602 0.00000000100000000000 0.09229982836139286051 0.05307157371413960545 0.47576846119455784567 0.34050593118423605477 
0.01411059297064881646 0.04520968293692124995 0.02452269698502942963 0.03110997641519012979 0.08937069498909239185 0.44484526670033414097 0.35083108900278386910 
0.05233969544320637990 0.00000000100000000000 0.05859141966433430160 0.06366758114806514435 0.07622846561245197328 0.47531649890458277374 0.27385633822735933052 
0.01955354636807188698 0.00000000100000000000 0.07027904897045246513 0.06425723022717957922 0.05195392340730833891 0.46650401933956420208 0.32745223068742368433 
0.00000000100000000000 0.00000000100000000000 0.00000000395025279131 0.05405906606302662842 0.09197277847230871106 0.47264658740298093331 0.38132156211143092284 
0.14530850244822926531 0.00001766407148215930 0.03495559290212310599 0.00000000099999999998 0.81971823757816542066 0.00000000099999999998 0.00000000099999999998 
0.06204046019629554098 0.01695052072384043915 0.04859075501218533544 0.00000000099999999998 0.86936786308407432156 0.00305039898360423599 0.00000000099999999998 
0.04895974139038262313 0.00409528161888970520 0.05025108117512944172 0.00000000099999999997 0.89669389281559819249 0.00000000099999999997 0.00000000099999999997 
0.01964273985457725205 0.00000000099999999998 0.07393963355189267506 0.00000000099999999998 0.90641762259352998132 0.00000000099999999998 0.00000000099999999998 
0.03472283285006493719 0.07086135867831393209 0.07057148391953589617 0.00000000099999999999 0.82322810555073910876 0.00061621700134605658 0.00000000099999999999 
0.05241160275236882854 0.00000000099999999999 0.08587798867988265250 0.00000000099999999999 0.84907825882904230941 0.01263214673870629440 0.00000000099999999999 
0.05841206203175755562 0.00195775915471760710 0.00000000099999999997 0.00000000099999999997 0.93963017481352473226 0.00000000099999999997 0.00000000099999999997 
0.07786786089205113837 0.02728711285975853745 0.02513451479834129254 0.00000000099999999998 0.83572004132069066529 0.03399046812915835353 0.00000000099999999998 
0.00000000099999999997 0.00000018309891024561 0.02670766245017765217 0.00000000099999999997 0.97329215045091221903 0.00000000099999999997 0.00000000099999999997 
0.05130118733711568763 0.00000000099999999998 0.07360989036131505847 0.00000000099999999998 0.87508891830156931846 0.00000000099999999998 0.00000000099999999998 
0.53918341446850648335 0.04432636794105020150 0.09390146044710198647 0.18390569258165359590 0.00359328782602817134 0.13508977573565961183 0.00000000100000000000 
0.61865313176290281927 0.01049118284891918662 0.06838192608803998762 0.20940980033909695202 0.00000000100000000000 0.07607932790897185826 0.01698463005206929735 
0.44820948722743114701 0.05509900458247458249 0.10248876831948233734 0.17259928219876349842 0.10257245688285308860 0.11562326293923813614 0.00340773784975719916 
0.61692542220717605517 0.00944128454043332600 0.07166320392023602104 0.18514217761310269861 0.00985357524445456406 0.05233760386001717196 0.05463673261458017877 
0.12250718415983639920 0.00000000099999999999 0.40244955259118619928 0.00000000099999999999 0.45815853218563556970 0.01688472806334178483 0.00000000099999999999 
0.13255661701630178095 0.00649575678183709256 0.35461490458772187973 0.00000000099999999999 0.50633271861413930992 0.00000000099999999999 0.00000000099999999999 
0.14525523622964675585 0.00028023959119785841 0.32126910188889218345 0.00000000099999999999 0.53319541929026315064 0.00000000099999999999 0.00000000099999999999 
0.16767623693988817357 0.02835392216690225259 0.33455713029618089349 0.00000000099999999999 0.46941270759702879989 0.00000000099999999999 0.00000000099999999999 
0.13652094120777236164 0.01082469178778566049 0.40915573862307635933 0.00000000099999999998 0.44349862538136569645 0.00000000099999999998 0.00000000099999999998 
0.15307343376770651822 0.00000000099999999999 0.32293659907251814900 0.01144933424859510482 0.51254062991118021220 0.00000000099999999999 0.00000000099999999999 
0.99999999400000016969 0.00000000099999999993 0.00000000099999999993 0.00000000099999999993 0.00000000099999999993 0.00000000099999999993 0.00000000099999999993 
0.25309617891127289546 0.03818459729123182406 0.10252003015128875740 0.03683652899483823295 0.55126245390779293754 0.01810020974357530107 0.00000000100000000000 
0.34109399287442920823 0.10240579035910481187 0.11083361631115540291 0.03614656885831561001 0.40952002959699507212 0.00000000099999999999 0.00000000099999999999 
0.29062603903535783045 0.08141594264758603150 0.11903752747820503521 0.02518933231982497037 0.48373115651902615086 0.00000000099999999999 0.00000000099999999999 
0.28156288549533092791 0.07223987813516791201 0.07116890282338228513 0.03264030195941351742 0.51424979255538327827 0.02813823803132207632 0.00000000100000000000 
0.38743789524371208266 0.07889325805401507796 0.19966756121345863306 0.05146567906203939474 0.28253560150084633396 0.00000000392592851081 0.00000000099999999999 
0.24218377364706938915 0.04808082285078010137 0.22486332045064647001 0.02935335263558862609 0.43561204932671770962 0.01369237724981310633 0.00621430383938462606 
0.27871079640131052324 0.07440571907789775286 0.19413900228213040733 0.04366367033405491732 0.40908080990460632398 0.00000000099999999999 0.00000000099999999999 
0.30568279562751948797 0.08159248310277707195 0.19609738604337079160 0.05652093371263762489 0.32781221848362601667 0.03229418203006904908 0.00000000100000000000 
0.26472302616483478488 0.07665469621432531577 0.13696046610484638451 0.05777386895482956863 0.45649614399307403279 0.00739179756808976997 0.00000000100000000000 
0.28604352684690198538 0.02769079590036058539 0.19989495749888577802 0.03971530340285175931 0.44665541435099981316 0.00000000099999999999 0.00000000099999999999 
0.25993715283899587742 0.13208512879512673832 0.14731981909385252760 0.06626448514803501277 0.39439341212398987269 0.00000000099999999999 0.00000000099999999999 
0.27815694207192437348 0.10296813918111816233 0.15360373725667056388 0.03525841974074576946 0.41435605250318940929 0.01565670824635175332 0.00000000099999999999 
0.24190822359497857197 0.06413581031625775752 0.14899345546407294361 0.02171020769472131740 0.49905918982933156203 0.02419311210063768841 0.00000000099999999999 
0.45706554599874343880 0.03813430449276861145 0.27442225358071931085 0.06499152087761241037 0.14188420353995309653 0.02350217051020296599 0.00000000100000000000 
0.24865445127592344932 0.05513223648094189161 0.12970930510950404169 0.03598723302592161943 0.53051677210770897819 0.00000000099999999999 0.00000000099999999999 
0.00000000099999999997 0.00000860068446931444 0.02274862139200044611 0.00000000099999999997 0.62481618401831684473 0.35242659090521327725 0.00000000099999999997 
0.00000000099999999989 0.00000000099999999989 0.00000000099999999989 0.00000000099999999989 0.00000000099999999989 0.99999999400000005867 0.00000000099999999989 
0.00000000099999999988 0.00000000099999999988 0.00000000099999999988 0.00000000099999999988 0.00000000099999999988 0.99999999399999994765 0.00000000099999999988 
0.00000000099999999992 0.00000000099999999992 0.00000000099999999992 0.00000000099999999992 0.00000000099999999992 0.99999999399999994765 0.00000000099999999992 
0.00000000099999999988 0.00000000099999999988 0.00000000099999999988 0.00000000099999999988 0.00000000099999999988 0.99999999400000005867 0.00000000099999999988 
0.00000000099999999988 0.00000000099999999988 0.00000000099999999988 0.00000000099999999988 0.00000000099999999988 0.99999999399999994765 0.00000000099999999988 
0.00000000099999999992 0.00000000099999999992 0.00000000099999999992 0.00000000099999999992 0.00000000099999999992 0.99999999399999994765 0.00000000099999999992 
0.00000000099999999988 0.00000000099999999988 0.00000000099999999988 0.00000000099999999988 0.00000000099999999988 0.99999999400000005867 0.00000000099999999988 
0.00000000099999999995 0.00000000099999999995 0.00000000099999999995 0.00000000099999999995 0.18371800151081382757 0.81628199348918617506 0.00000000099999999995 
0.00000000099999999991 0.00000000099999999991 0.00000000099999999991 0.00000000099999999991 0.00000000099999999991 0.99999999399999994765 0.00000000099999999991 
0.13413546750195748380 0.04563205967903540689 0.08162957243427262921 0.02274118281048024756 0.70858845425492422709 0.00727326231933007189 0.00000000099999999999 
0.10484912772864284081 0.05237912067830078483 0.10122880608277849690 0.00000000099999999997 0.74154294251027796925 0.00000000099999999997 0.00000000099999999997 
0.00000000099999999999 0.00000000099999999999 0.09340225272157372249 0.02238258281376507425 0.79691193726915199314 0.08730322419550909374 0.00000000099999999999 
0.00000000099999999997 0.00000000099999999997 0.02304866734244629886 0.00000000099999999997 0.82391458038118126073 0.15303674827637245293 0.00000000099999999997 
0.00000000099999999998 0.02486130702828543912 0.01536638909491134207 0.00000000099999999998 0.79822818397868888773 0.16154411689811426500 0.00000000099999999998 
0.00000000099999999997 0.00000000099999999997 0.04365959093881621039 0.00000000099999999997 0.79701099924221852078 0.15932940581896520849 0.00000000099999999997 
0.00000000099999999996 0.00000000099999999996 0.03922671052746145443 0.00000000099999999996 0.92274569361576863624 0.03802759185676989756 0.00000000099999999996 
0.00000000099999999997 0.00000000099999999997 0.05013714300858292117 0.00000000099999999997 0.81585386668994597237 0.13400898630147106694 0.00000000099999999997 
0.00000000099999999998 0.00000000099999999998 0.04936515520746913299 0.00000000099999999998 0.91507965143787473039 0.03555518935465617342 0.00000000099999999998 
0.00000000099999999996 0.00000000099999999996 0.04660252434421847945 0.00000000099999999996 0.88407876850361000187 0.06931870315217142364 0.00000000099999999996 
0.00000000099999999995 0.00000000099999999995 0.00000000099999999995 0.00000000099999999995 0.86622893436360404174 0.13377106063639593314 0.00000000099999999995 
0.00000000099999999996 0.00000000099999999996 0.00000000099999999996 0.00000000099999999996 0.88438645864205633895 0.11561353635794366368 0.00000000099999999996 
0.00000000099999999995 0.00000000099999999995 0.00000000099999999995 0.00000000099999999995 0.91786051437401638964 0.08213948062598352973 0.00000000099999999995 
0.00000000099999999997 0.01295639980076913368 0.03973812156626699288 0.00000000099999999997 0.85651658034151412213 0.09078889529144969217 0.00000000099999999997 
0.00000000099999999996 0.00000000099999999996 0.00000000099999999996 0.00000000099999999996 0.89685530439561556015 0.10314469060438445636 0.00000000099999999996 
0.00000000099999999998 0.01726526939270919478 0.02639387363467377359 0.00000000099999999998 0.82272677996730292360 0.13361407400531422063 0.00000000099999999998 
0.00000000099999999997 0.00000000099999999997 0.04627687250484583542 0.00000000099999999997 0.86160471247892433944 0.09211841101622980643 0.00000000099999999997 
0.00000000099999999997 0.00000000099999999997 0.00000000099999999997 0.00000000099999999997 0.96198520017803457183 0.03801479482196545856 0.00000000099999999997 
0.00000000099999999998 0.01075974145091559975 0.00000000099999999998 0.00000000099999999998 0.95046274117907358914 0.03877751337001070914 0.00000000099999999998 
0.00000000099999999995 0.00000000099999999995 0.00000000099999999995 0.00000000099999999995 0.95851900485218488601 0.04148099014781508193 0.00000000099999999995 
0.00000000099999999996 0.00000000099999999996 0.00491267648950367321 0.00000000099999999996 0.84394393983020277172 0.15114337968029353809 0.00000000099999999996 
0.00000000099999999996 0.00000000099999999996 0.00000000099999999996 0.00000000099999999996 0.99657616574019747269 0.00342382925980242976 0.00000000099999999996 
0.00000000099999999997 0.00000000099999999997 0.00000000099999999997 0.00000000099999999997 0.95364168431635598644 0.04635831068364400925 0.00000000099999999997 
0.00000000099999999998 0.00000000099999999998 0.00369213770347012835 0.01253820299397506027 0.88155110904670175298 0.10221854725585305390 0.00000000099999999998 
0.99999999400000005867 0.00000000099999999993 0.00000000099999999993 0.00000000099999999993 0.00000000099999999993 0.00000000099999999993 0.00000000099999999993 
0.99999999400000016969 0.00000000099999999992 0.00000000099999999992 0.00000000099999999992 0.00000000099999999992 0.00000000099999999992 0.00000000099999999992 
0.22354645936185504884 0.00000000099999999999 0.00000000099999999999 0.07118519980094568933 0.00000000099999999999 0.69612262783744549566 0.00914570999975366887 
0.21971948197953278248 0.00000000099999999998 0.00000000099999999998 0.00000001316998995415 0.00000000099999999998 0.78028050085047717666 0.00000000099999999998 
0.23617982328886683030 0.00000000099999999998 0.00000000099999999998 0.05061820867153759423 0.00000000099999999998 0.68485160686391954865 0.02835035817567599023 
0.00000000099999999999 0.00000000099999999999 0.00000000099999999999 0.00000000099999999999 0.26099940461312387541 0.73900059038687593294 0.00000000099999999999 
0.17177744256930319033 0.00000000099999999999 0.00000000099999999999 0.04365352540589455960 0.00000000099999999999 0.77706273512740287046 0.00750629389739934042 
0.18790751481190473560 0.00000000099999999999 0.00000000099999999999 0.04848440951299632512 0.00000000099999999999 0.76360807167509903159 0.00000000099999999999 
0.19444810847489937822 0.00000000099999999999 0.00000000099999999999 0.04499548919622865101 0.00000000099999999999 0.74865344746426898404 0.01190295186460289117 
0.29509270927258907102 0.00000000099999999999 0.01459950740652881003 0.11099084163425708416 0.00000000099999999999 0.54774669125671360259 0.03157024842991123376 
0.18625391097246574157 0.00000000099999999998 0.00000000099999999998 0.07095892211374975334 0.00000000099999999998 0.74278716291378432679 0.00000000099999999998 
0.19703646676612784905 0.00000000099999999999 0.00000000099999999999 0.00000000172416724412 0.00000000099999999999 0.80296352750970489964 0.00000000099999999999 
0.23598133241269059202 0.00000000099999999999 0.00000000099999999999 0.06492251012255939591 0.00000000099999999999 0.69909615346475006969 0.00000000099999999999 
0.24897622559742615955 0.00000000099999999999 0.00000000099999999999 0.01495678344270969656 0.00000000099999999999 0.70712069216840256480 0.02894629579146160495 
0.39742490219229004156 0.02184804020618071746 0.03762378043251356219 0.21700626684697957303 0.06283543112601090719 0.19253326706421305947 0.07072831213181217380 
0.24306085949666214607 0.07062478582955834805 0.16748001405659315721 0.00212397043089034227 0.45030793662233548069 0.06640243256396055616 0.00000000099999999999 
0.27753324326552952783 0.10954473322534612201 0.22059936034118185488 0.00000000099999999999 0.34833029899422573994 0.04399236217371673557 0.00000000099999999999 
0.28956787019026197783 0.10721970164979306717 0.18104486208531014868 0.00484199402281522157 0.36507176761944065690 0.05225380343237896047 0.00000000099999999999 
0.30929351912642100153 0.12215592336457652134 0.22822542139872947775 0.00000000099999999999 0.28985256597560665748 0.05047256813466618336 0.00000000099999999999 
0.31065749965267330790 0.14899766722344068293 0.17175286855675928055 0.00000000099999999999 0.33788577292113214368 0.03070618964599454090 0.00000000099999999999 
0.33665288979553331661 0.11635362250527055139 0.20058495703717785230 0.00000000099999999999 0.34307067304065125279 0.00333785562136708130 0.00000000099999999999 
0.33595998667309434627 0.08995366016062569803 0.17535310890529018368 0.00000000099999999999 0.38624560991509770957 0.01248763234589208258 0.00000000099999999999 
0.32498856103746992519 0.12184482827576002817 0.18963607882101871094 0.02888724122982662054 0.29961972057368557731 0.03502356906223902389 0.00000000099999999999 
0.35497709184150855188 0.11185248221575315453 0.21219717233414739366 0.00000000099999999999 0.28683933961624291653 0.03413391199234810242 0.00000000099999999999 
0.32028272693187676001 0.09411367775710854922 0.19649049853035391311 0.00764019522413238693 0.36812973031338203089 0.01334317024314636210 0.00000000099999999999 
0.29895512771476517866 0.08188204046365175903 0.19720839226097988672 0.00742507721816432209 0.33719650542052065356 0.07733285592191817270 0.00000000099999999999 
0.30138475058041069854 0.09550013521029407371 0.26791756468565619542 0.01507140676716608660 0.28874505132441086186 0.03138109043206223359 0.00000000099999999999 
0.33349475386974408719 0.09605079954191435287 0.18201779353908928427 0.03068787753387993908 0.32893361831306289211 0.02881515620230940336 0.00000000099999999999 
0.30456123153954367533 0.10059691676651773273 0.21784894744463950689 0.00014993638923240947 0.34843227403473986392 0.02841069282532684634 0.00000000099999999999 
0.34061510727687244193 0.09927543074113324983 0.22742881940563172694 0.02094625593440013062 0.31173438464196256970 0.00000000099999999999 0.00000000099999999999 
0.31435133240526963450 0.07879616924269382261 0.22065514690692764055 0.00714580748633031337 0.37905154195877865941 0.00000000099999999999 0.00000000099999999999 
0.34187079661824554266 0.06681489110562652267 0.20755259429399647297 0.00000000099999999999 0.36008029641432082180 0.02368141956781046747 0.00000000099999999999 
0.37126664472890519297 0.11135158452843765819 0.16374374424281781804 0.00019110410810247466 0.28579237127789569595 0.06765455011384113870 0.00000000099999999999 
0.35230090043719153314 0.08948038160245090633 0.20215884881991491584 0.03020204495544090775 0.32585782218500181084 0.00000000099999999999 0.00000000099999999999 
0.34783734553030387637 0.12923958603856322558 0.19065697350778734731 0.00000000099999999999 0.32011629918115142024 0.01214979374219404482 0.00000000099999999999 
0.99999999400000016969 0.00000000099999999994 0.00000000099999999994 0.00000000099999999994 0.00000000099999999994 0.00000000099999999994 0.00000000099999999994 
0.02140909498920857967 0.00000000099999999998 0.00000000099999999998 0.00000000099999999998 0.95851336631055183979 0.02007753470023955489 0.00000000099999999998 
0.07968467959840448700 0.00000000099999999997 0.00000000099999999997 0.00000000099999999997 0.92031531540159561278 0.00000000099999999997 0.00000000099999999997 
0.03747344463055409663 0.00000000099999999997 0.00000000099999999997 0.00000000099999999997 0.96252655036944589906 0.00000000099999999997 0.00000000099999999997 
0.05883465354782044243 0.00000000099999999997 0.00000000099999999997 0.00000000099999999997 0.94116534145217956020 0.00000000099999999997 0.00000000099999999997 
0.00000000099999999993 0.00000000099999999993 0.00000000099999999993 0.00000000099999999993 0.99999999399999994765 0.00000000099999999993 0.00000000099999999993 
0.01254685830414716680 0.02325804649896976231 0.00000000099999999998 0.00000000099999999998 0.94149106710852514812 0.02270402508835778210 0.00000000099999999998 
0.00000000099999999988 0.00000000099999999988 0.00000000099999999988 0.00000000099999999988 0.99999999399999994765 0.00000000099999999988 0.00000000099999999988 
0.00000000099999999994 0.00000000099999999994 0.00000000099999999994 0.00000000099999999994 0.99999999400000005867 0.00000000099999999994 0.00000000099999999994 
0.00000000099999999996 0.00000000099999999996 0.00000000099999999996 0.00000000099999999996 0.99999999399999994765 0.00000000099999999996 0.00000000099999999996 
0.07624569567361275113 0.00000000099999999997 0.00000000099999999997 0.00000000099999999997 0.92375429932638730701 0.00000000099999999997 0.00000000099999999997 
0.00000000099999999993 0.00000000099999999993 0.00000000099999999993 0.00000000099999999993 0.99999999400000005867 0.00000000099999999993 0.00000000099999999993 
0.04771932216578808617 0.00000000099999999996 0.00000000099999999996 0.00000000099999999996 0.95228067283421191647 0.00000000099999999996 0.00000000099999999996 
0.00000000099999999996 0.00000000099999999996 0.00000000099999999996 0.00000000099999999996 0.99999999400000005867 0.00000000099999999996 0.00000000099999999996 
0.00000000099999999997 0.00000000099999999997 0.78778607874214179319 0.00000000099999999997 0.21221391625785815394 0.00000000099999999997 0.00000000099999999997 
0.00000000099999999990 0.00000000099999999990 0.00000000099999999990 0.00000000099999999990 0.99999999399999994765 0.00000000099999999990 0.00000000099999999990 
0.00000000099999999997 0.00000000099999999997 0.81348329215359915789 0.00000000099999999997 0.18651670284640090025 0.00000000099999999997 0.00000000099999999997 
0.00000000099999999997 0.00000000099999999997 0.85894761038527711605 0.00000000099999999997 0.14105238461472299760 0.00000000099999999997 0.00000000099999999997 
0.00000000099999999998 0.01762553072790962877 0.70421925401360441210 0.00000000099999999998 0.27451242192348629390 0.00364279033499968589 0.00000000099999999998 
0.00000000099999999995 0.00000000099999999995 0.85093323602439263631 0.00000000099999999995 0.14906675897560750510 0.00000000099999999995 0.00000000099999999995 
0.00000000099999999998 0.05170226147148025003 0.84830943330258823387 0.00000000099999999998 0.05350000913693368776 0.04648829308899764950 0.00000000099999999998 
0.11669743629491209636 0.01810153868698183635 0.73038019379877539006 0.00000000099999999998 0.08579551311933668323 0.04902531609999383200 0.00000000099999999998 
0.00000000099999999997 0.00000000099999999997 0.74449435601268121321 0.00000000099999999997 0.25398437530566969622 0.00152126468164894501 0.00000000099999999997 
0.00000000099999999997 0.02277020925621213790 0.78415385888130406666 0.00000000099999999997 0.19307592786248378713 0.00000000099999999997 0.00000000099999999997 
0.00000000099999999996 0.00000000099999999996 0.77920772475002331170 0.00000000099999999996 0.22079227024997666318 0.00000000099999999996 0.00000000099999999996 
0.00082624052123721464 0.00000000099999999998 0.84758084326892968452 0.00000000099999999998 0.15159291220983317494 0.00000000099999999998 0.00000000099999999998 
0.00000000099999999989 0.00000000099999999989 0.99999999400000005867 0.00000000099999999989 0.00000000099999999989 0.00000000099999999989 0.00000000099999999989 
0.00000000099999999989 0.00000000099999999989 0.99999999400000005867 0.00000000099999999989 0.00000000099999999989 0.00000000099999999989 0.00000000099999999989 
0.00000000099999999998 0.00000000099999999998 0.97998862426174382367 0.00000000099999999998 0.02001137073825614079 0.00000000099999999998 0.00000000099999999998 
0.00000000099999999995 0.00000000099999999995 0.99999999400000005867 0.00000000099999999995 0.00000000099999999995 0.00000000099999999995 0.00000000099999999995 
0.00000000099999999994 0.00000000099999999994 0.99999999400000005867 0.00000000099999999994 0.00000000099999999994 0.00000000099999999994 0.00000000099999999994 
0.00000000099999999997 0.00000000099999999997 0.99999999399999994765 0.00000000099999999997 0.00000000099999999997 0.00000000099999999997 0.00000000099999999997 
0.00000000099999999993 0.00000000099999999993 0.99999999399999994765 0.00000000099999999993 0.00000000099999999993 0.00000000099999999993 0.00000000099999999993 
0.00000000099999999992 0.00000000099999999992 0.99999999400000005867 0.00000000099999999992 0.00000000099999999992 0.00000000099999999992 0.00000000099999999992 
0.00000000099999999995 0.00000000099999999995 0.99999999400000005867 0.00000000099999999995 0.00000000099999999995 0.00000000099999999995 0.00000000099999999995 
0.00000000099999999996 0.00000000099999999996 0.99999999400000005867 0.00000000099999999996 0.00000000099999999996 0.00000000099999999996 0.00000000099999999996 
0.00000000099999999996 0.00000000099999999996 0.99999999400000005867 0.00000000099999999996 0.00000000099999999996 0.00000000099999999996 0.00000000099999999996 
0.00000000099999999995 0.00000000099999999995 0.99999999400000005867 0.00000000099999999995 0.00000000099999999995 0.00000000099999999995 0.00000000099999999995 
0.00000000099999999994 0.00000000099999999994 0.99999999399999994765 0.00000000099999999994 0.00000000099999999994 0.00000000099999999994 0.00000000099999999994 
0.00000000099999999994 0.00000000099999999994 0.99937677521973244943 0.00000000099999999994 0.00062321978026756784 0.00000000099999999994 0.00000000099999999994 
0.00000000099999999998 0.00000000099999999998 0.98160051609097576097 0.00000000099999999998 0.01624028877635320944 0.00215919113267100306 0.00000000099999999998 
0.00000000099999999997 0.00000000099999999997 0.00000000099999999997 0.00000000099999999997 0.03013657191590706289 0.96986342308409279056 0.00000000099999999997 
0.00000000099999999995 0.00000000099999999995 0.00000000099999999995 0.00000000099999999995 0.00000000099999999995 0.99999999399999994765 0.00000000099999999995 
0.00000000099999999996 0.00000000099999999996 0.00000000099999999996 0.00000000099999999996 0.00000000099999999996 0.99999999399999994765 0.00000000099999999996 
0.00000000099999999996 0.00000000099999999996 0.00000000099999999996 0.00000000099999999996 0.00000000099999999996 0.99999999400000005867 0.00000000099999999996 
0.00000000099999999998 0.00000000099999999998 0.00000000099999999998 0.00000000099999999998 0.00000000099999999998 0.99999999400000005867 0.00000000099999999998 
0.00000000099999999995 0.00000000099999999995 0.00000000099999999995 0.00000000099999999995 0.00000000099999999995 0.99999999400000005867 0.00000000099999999995 
0.00000000099999999995 0.00000000099999999995 0.00000000099999999995 0.00000000099999999995 0.00000000099999999995 0.99999999399999994765 0.00000000099999999995 
0.00000000099999999994 0.00000000099999999994 0.00000000099999999994 0.00000000099999999994 0.00000000099999999994 0.99999999400000005867 0.00000000099999999994 
0.00678572067392077972 0.00000000099999999999 0.05807617057073619776 0.00153356981299091052 0.04242201212887333761 0.89118252481347870475 0.00000000099999999999 
0.00000000099999999994 0.00000000099999999994 0.00000000099999999994 0.00000000099999999994 0.00000000099999999994 0.99999999400000005867 0.00000000099999999994 
0.00000000099999999996 0.00000000099999999996 0.00000000099999999996 0.00000000099999999996 0.00000000099999999996 0.99999999400000005867 0.00000000099999999996 
0.00000000099999999994 0.00000000099999999994 0.00000000099999999994 0.00000000099999999994 0.00000000099999999994 0.99999999399999994765 0.00000000099999999994 
0.00000000099999999995 0.00000000099999999995 0.00000000099999999995 0.00000000099999999995 0.00000000099999999995 0.99999999399999994765 0.00000000099999999995 
0.00000000099999999996 0.00000000099999999996 0.00000000099999999996 0.00000000099999999996 0.00000000099999999996 0.99999999400000005867 0.00000000099999999996 
0.00000000099999999995 0.00000000099999999995 0.00000000099999999995 0.00000000099999999995 0.00000000099999999995 0.99999999400000005867 0.00000000099999999995 
0.00000000099999999993 0.00000000099999999993 0.00000000099999999993 0.00000000099999999993 0.00000000099999999993 0.99999999399999994765 0.00000000099999999993 
0.00000000099999999995 0.00000000099999999995 0.00063009920828170879 0.00000000099999999995 0.00000000099999999995 0.99936989579171819909 0.00000000099999999995 
0.00000000099999999993 0.00000000099999999993 0.00000000099999999993 0.00000000099999999993 0.00000000099999999993 0.99999999399999994765 0.00000000099999999993 
0.00000000099999999996 0.00000000099999999996 0.00000000099999999996 0.00000000099999999996 0.00000000099999999996 0.99999999400000005867 0.00000000099999999996 
0.00000000099999999995 0.00000000099999999995 0.00000000099999999995 0.00000000099999999995 0.00000000099999999995 0.99999999399999994765 0.00000000099999999995 
0.00000000099999999997 0.00000000099999999997 0.00000000099999999997 0.00000000099999999997 0.00000000099999999997 0.99999999399999994765 0.00000000099999999997 
0.99999999400000005867 0.00000000099999999993 0.00000000099999999993 0.00000000099999999993 0.00000000099999999993 0.00000000099999999993 0.00000000099999999993 
0.26264763749491065736 0.04109839781858817820 0.00000039448711087053 0.10191597318989914500 0.00000000100000000000 0.54559758323118301426 0.04874001277830820877 
0.00000000099999999993 0.00000000099999999993 0.00000000099999999993 0.00000000099999999993 0.15457329018532256493 0.84542670481467752097 0.00000000099999999993 
0.00000000099999999997 0.00000000099999999997 0.00000000099999999997 0.00011201269168012637 0.81681092712876146589 0.18307705617955841171 0.00000000099999999997 
0.00000000099999999994 0.00000000099999999994 0.00000000099999999994 0.00000000099999999994 0.22104180796285918809 0.77895818703714070352 0.00000000099999999994 
0.00000000099999999996 0.00000000099999999996 0.00000000099999999996 0.00000000099999999996 0.29839504110097353484 0.70160495389902644003 0.00000000099999999996 
0.00000000099999999986 0.00000000099999999986 0.00000000099999999986 0.00000000099999999986 0.00000000099999999986 0.99999999399999994765 0.00000000099999999986 
0.00000000099999999989 0.00000000099999999989 0.00000000099999999989 0.00000000099999999989 0.00000000099999999989 0.99999999400000005867 0.00000000099999999989 
0.00000000099999999991 0.00000000099999999991 0.00000000099999999991 0.00000000099999999991 0.99999999400000005867 0.00000000099999999991 0.00000000099999999991 
0.00000000099999999994 0.00000000099999999994 0.00000000099999999994 0.00000000099999999994 0.99312152525869756836 0.00687846974130256437 0.00000000099999999994 
0.00000000099999999993 0.00000000099999999993 0.00000000099999999993 0.00000000099999999993 0.99999999399999994765 0.00000000099999999993 0.00000000099999999993 
0.00000000099999999994 0.00000000099999999994 0.00000000099999999994 0.00000000099999999994 0.99999999400000005867 0.00000000099999999994 0.00000000099999999994 
0.00000000099999999991 0.00000000099999999991 0.00000000099999999991 0.00000000099999999991 0.99999999399999994765 0.00000000099999999991 0.00000000099999999991 
0.00000000099999999992 0.00000000099999999992 0.00000000099999999992 0.00000000099999999992 0.99999999400000005867 0.00000000099999999992 0.00000000099999999992 
0.00000000099999999993 0.00000000099999999993 0.00000000099999999993 0.00000000099999999993 0.99999999399999994765 0.00000000099999999993 0.00000000099999999993 
0.00000000099999999995 0.00000000099999999995 0.00000000099999999995 0.00000000099999999995 0.99997572878445606381 0.00002426621554387400 0.00000000099999999995 
0.00000000099999999992 0.00000000099999999992 0.00000000099999999992 0.00000000099999999992 0.00000000099999999992 0.00000000099999999992 0.99999999399999994765 
0.00000000099999999984 0.00000000099999999984 0.00000000099999999984 0.00000000099999999984 0.00000000099999999984 0.00000000099999999984 0.99999999400000005867 
0.00000000099999999992 0.00000000099999999992 0.00000000099999999992 0.00000000099999999992 0.00000000099999999992 0.00000000099999999992 0.99999999400000005867 
0.00000000099999999994 0.00000000099999999994 0.00000000099999999994 0.00000000099999999994 0.00000000099999999994 0.00000000099999999994 0.99999999399999994765 
0.00000000099999999985 0.00000000099999999985 0.00000000099999999985 0.00000000099999999985 0.00000000099999999985 0.00000000099999999985 0.99999999399999994765 
0.00000000099999999994 0.00000000099999999994 0.00000000099999999994 0.00000000099999999994 0.00000000099999999994 0.00000000099999999994 0.99999999400000005867 
