0.00000000099999999995 0.00000000099999999995 0.00000000099999999995 0.00000000099999999995 0.00000000099999999995 0.00000000099999999995 0.99999998700000003460 0.00000000099999999995 0.00000000099999999995 0.00000000099999999995 0.00000000099999999995 0.00000000099999999995 0.00000000099999999995 0.00000000099999999995 
0.00000000099999999989 0.00000000099999999989 0.00000000099999999989 0.00000000099999999989 0.00000000099999999989 0.00000000099999999989 0.99999998700000014562 0.00000000099999999989 0.00000000099999999989 0.00000000099999999989 0.00000000099999999989 0.00000000099999999989 0.00000000099999999989 0.00000000099999999989 
0.00000000099999999994 0.00000000099999999994 0.00000000099999999994 0.00000000099999999994 0.00000000099999999994 0.00000000099999999994 0.99999998700000003460 0.00000000099999999994 0.00000000099999999994 0.00000000099999999994 0.00000000099999999994 0.00000000099999999994 0.00000000099999999994 0.00000000099999999994 
0.00000000099999999988 0.00000000099999999988 0.00000000099999999988 0.00000000099999999988 0.00000000099999999988 0.00000000099999999988 0.99999998700000014562 0.00000000099999999988 0.00000000099999999988 0.00000000099999999988 0.00000000099999999988 0.00000000099999999988 0.00000000099999999988 0.00000000099999999988 
0.00000000099999999992 0.00000000099999999992 0.00000000099999999992 0.00000000099999999992 0.00000000099999999992 0.00000000099999999992 0.99999998700000014562 0.00000000099999999992 0.00000000099999999992 0.00000000099999999992 0.00000000099999999992 0.00000000099999999992 0.00000000099999999992 0.00000000099999999992 
0.00000000099999999998 0.00000000280725864912 0.00000000099999999998 0.00000000099999999998 0.00000000099999999998 0.00352964854693203680 0.95572732264989435080 0.00000000099999999998 0.00000000099999999998 0.04074301599591512862 0.00000000099999999998 0.00000000099999999998 0.00000000099999999998 0.00000000099999999998 
0.00000000099999999995 0.00000000099999999995 0.00000000099999999995 0.00000000099999999995 0.00000000099999999995 0.00000000099999999995 0.98701786176506911552 0.00000000099999999995 0.01298212623493100355 0.00000000099999999995 0.00000000099999999995 0.00000000099999999995 0.00000000099999999995 0.00000000099999999995 
0.00000000099999999998 0.00000000099999999998 0.04022849749881698272 0.00000000099999999998 0.00000000099999999998 0.00000000099999999998 0.83691089257412243363 0.00001327918265886830 0.06941434542948395070 0.02497657014476718090 0.02845640717015069862 0.00000000099999999998 0.00000000099999999998 0.00000000099999999998 
0.00000000099999999993 0.00000000099999999993 0.00000000099999999993 0.00000000099999999993 0.00000000099999999993 0.00000000099999999993 0.99999998700000003460 0.00000000099999999993 0.00000000099999999993 0.00000000099999999993 0.00000000099999999993 0.00000000099999999993 0.00000000099999999993 0.00000000099999999993 
0.00000000099999999997 0.00000000099999999997 0.00000000099999999997 0.00000000099999999997 0.00000000099999999997 0.00000000099999999997 0.88890415382848420034 0.00000000099999999997 0.05458959570124054250 0.03125065669650946981 0.02524099665986906382 0.00001458811389684254 0.00000000099999999997 0.00000000099999999997 
0.00000000099999999991 0.00000000099999999991 0.00000000099999999991 0.00000000099999999991 0.00000000099999999991 0.00000000099999999991 0.99999998700000003460 0.00000000099999999991 0.00000000099999999991 0.00000000099999999991 0.00000000099999999991 0.00000000099999999991 0.00000000099999999991 0.00000000099999999991 
0.00000000099999999993 0.00000000099999999993 0.00000000099999999993 0.00000000099999999993 0.00000000099999999993 0.00000000099999999993 0.99999998700000003460 0.00000000099999999993 0.00000000099999999993 0.00000000099999999993 0.00000000099999999993 0.00000000099999999993 0.00000000099999999993 0.00000000099999999993 
0.00000000099999999995 0.00000000099999999995 0.00000000099999999995 0.01451449897058482673 0.00000000099999999995 0.00000000099999999995 0.97512137795533027074 0.00000000099999999995 0.00000000099999999995 0.00000000099999999995 0.01036411207408511129 0.00000000099999999995 0.00000000099999999995 0.00000000099999999995 
0.99999998700000036767 0.00000000099999999986 0.00000000099999999986 0.00000000099999999986 0.00000000099999999986 0.00000000099999999986 0.00000000099999999986 0.00000000099999999986 0.00000000099999999986 0.00000000099999999986 0.00000000099999999986 0.00000000099999999986 0.00000000099999999986 0.00000000099999999986 
0.99999998700000025664 0.00000000099999999992 0.00000000099999999992 0.00000000099999999992 0.00000000099999999992 0.00000000099999999992 0.00000000099999999992 0.00000000099999999992 0.00000000099999999992 0.00000000099999999992 0.00000000099999999992 0.00000000099999999992 0.00000000099999999992 0.00000000099999999992 
0.98348349288826153458 0.01087122893733123187 0.00000000099999999994 0.00000000099999999994 0.00000000099999999994 0.00000000099999999994 0.00000000099999999994 0.00000000099999999994 0.00000000099999999994 0.00000000099999999994 0.00564526717440757848 0.00000000099999999994 0.00000000099999999994 0.00000000099999999994 
0.99999990587947040765 0.00000000099999999993 0.00000000099999999993 0.00000000099999999993 0.00000008212052997429 0.00000000099999999993 0.00000000099999999993 0.00000000099999999993 0.00000000099999999993 0.00000000099999999993 0.00000000099999999993 0.00000000099999999993 0.00000000099999999993 0.00000000099999999993 
0.99999998700000025664 0.00000000099999999992 0.00000000099999999992 0.00000000099999999992 0.00000000099999999992 0.00000000099999999992 0.00000000099999999992 0.00000000099999999992 0.00000000099999999992 0.00000000099999999992 0.00000000099999999992 0.00000000099999999992 0.00000000099999999992 0.00000000099999999992 
0.99999998700000025664 0.00000000099999999992 0.00000000099999999992 0.00000000099999999992 0.00000000099999999992 0.00000000099999999992 0.00000000099999999992 0.00000000099999999992 0.00000000099999999992 0.00000000099999999992 0.00000000099999999992 0.00000000099999999992 0.00000000099999999992 0.00000000099999999992 
0.99999998700000025664 0.00000000099999999990 0.00000000099999999990 0.00000000099999999990 0.00000000099999999990 0.00000000099999999990 0.00000000099999999990 0.00000000099999999990 0.00000000099999999990 0.00000000099999999990 0.00000000099999999990 0.00000000099999999990 0.00000000099999999990 0.00000000099999999990 
0.97837409425759680470 0.00000356026669917625 0.00000000099999999995 0.00000000099999999995 0.00000000099999999995 0.00000000099999999995 0.00000000099999999995 0.00000000099999999995 0.00000000099999999995 0.00000000099999999995 0.00288792262103001150 0.00000000099999999995 0.01873441285467428510 0.00000000099999999995 
0.88258637230604608526 0.00000000099999999992 0.00000000099999999992 0.00000000099999999992 0.00000000099999999992 0.00000000099999999992 0.00000000099999999992 0.00000000099999999992 0.00000000099999999992 0.00000000099999999992 0.00000000099999999992 0.11741361569395415698 0.00000000099999999992 0.00000000099999999992 
0.99999998700000025664 0.00000000099999999988 0.00000000099999999988 0.00000000099999999988 0.00000000099999999988 0.00000000099999999988 0.00000000099999999988 0.00000000099999999988 0.00000000099999999988 0.00000000099999999988 0.00000000099999999988 0.00000000099999999988 0.00000000099999999988 0.00000000099999999988 
0.91775641739151603282 0.00000000099999999996 0.00000000099999999996 0.00000000099999999996 0.00000107499747096909 0.00000000099999999996 0.00000000099999999996 0.00000000099999999996 0.00000000099999999996 0.01381022227050271098 0.00216749593136960272 0.06626478040914082768 0.00000000099999999996 0.00000000099999999996 
0.81061061217683538782 0.01279298483642497646 0.00000103051615867313 0.00000000099999999996 0.00000000099999999996 0.00000000099999999996 0.00000000099999999996 0.00000000099999999996 0.00000000099999999996 0.00000000099999999996 0.00000000099999999996 0.15090350358252022089 0.00000000099999999996 0.02569185988806108045 
0.99999998700000025664 0.00000000099999999993 0.00000000099999999993 0.00000000099999999993 0.00000000099999999993 0.00000000099999999993 0.00000000099999999993 0.00000000099999999993 0.00000000099999999993 0.00000000099999999993 0.00000000099999999993 0.00000000099999999993 0.00000000099999999993 0.00000000099999999993 
0.78351389114575820116 0.03668953643972338446 0.00000000099999999997 0.00000000099999999997 0.00000000099999999997 0.00000000099999999997 0.00000000099999999997 0.02054010622085629054 0.00000000099999999997 0.00000000099999999997 0.01725488514404342408 0.14200157204961896817 0.00000000099999999997 0.00000000099999999997 
0.98822909937304448391 0.00000000099999999993 0.00000000099999999993 0.00000000099999999993 0.00000000099999999993 0.00000000099999999993 0.00000000099999999993 0.00000000099999999993 0.00000000099999999993 0.00000000099999999993 0.00000000099999999993 0.01177088862695587282 0.00000000099999999993 0.00000000099999999993 
0.99999998700000036767 0.00000000099999999991 0.00000000099999999991 0.00000000099999999991 0.00000000099999999991 0.00000000099999999991 0.00000000099999999991 0.00000000099999999991 0.00000000099999999991 0.00000000099999999991 0.00000000099999999991 0.00000000099999999991 0.00000000099999999991 0.00000000099999999991 
0.00000000099999999994 0.01350626847548226477 0.00000000099999999994 0.00000000099999999994 0.00000000099999999994 0.00000000099999999994 0.00000000099999999994 0.00000000099999999994 0.00000000099999999994 0.00000000099999999994 0.00000000099999999994 0.52296492243195902283 0.00000000099999999994 0.46352879809255875809 
0.00000000099999999988 0.00000421804211586520 0.00000000099999999988 0.00000000099999999988 0.00000000099999999988 0.00000000099999999988 0.00000000099999999988 0.00000000099999999988 0.00000000099999999988 0.00000000099999999988 0.00000000099999999988 0.38884749997441608871 0.00000000099999999988 0.61114827098346802270 
0.00000000099999999994 0.04337961206676850534 0.00000000099999999994 0.02140543582910627018 0.00000000099999999994 0.00000000099999999994 0.00000000099999999994 0.00000000099999999994 0.00000000099999999994 0.00000000099999999994 0.00000000099999999994 0.39242604337003800241 0.00000000099999999994 0.54278889873408719957 
0.00000000099999999995 0.00000000099999999995 0.00000000099999999995 0.01082610016592467500 0.00084515397529665048 0.01040880413686811126 0.00000000099999999995 0.00000000099999999995 0.00000000099999999995 0.00000000099999999995 0.00000000099999999995 0.52185782513833878227 0.00000000099999999995 0.45606210758357174084 
0.00000000099999999993 0.02336872175542037758 0.00000000099999999993 0.00279220234615706582 0.00000000099999999993 0.00000000099999999993 0.00000000099999999993 0.00000000099999999993 0.00000000099999999993 0.03892216820290204937 0.00000000099999999993 0.47499696535355734328 0.00000000099999999993 0.45991993334196329402 
0.00000000099999999997 0.07033703056297226086 0.00000000099999999997 0.00000000099999999997 0.00000642657485822906 0.00000000099999999997 0.00000000099999999997 0.00000000099999999997 0.00000000099999999997 0.00000000099999999997 0.00005890188540391746 0.45737281158132730985 0.00000000937529805488 0.47222481202014010560 
0.00000000099999999988 0.00000011912133576348 0.00000000099999999988 0.00000000099999999988 0.00000000099999999988 0.00000000099999999988 0.00000000099999999988 0.00000000099999999988 0.00000000099999999988 0.00000000099999999988 0.00000000099999999988 0.38978144742069198436 0.00000000099999999988 0.61021842245797219828 
0.00000000099999999997 0.12794188388597790840 0.00000000099999999997 0.01538347756869175298 0.00000000099999999997 0.00000000099999999997 0.00000000099999999997 0.00005442099654999247 0.00000000099999999997 0.00000003068535721287 0.00000000099999999997 0.41344248613082629218 0.00142437925993625235 0.44175331447266064089 
0.00000000099999999994 0.05706173134095168104 0.00000000099999999994 0.00000000099999999994 0.01181847101481063936 0.00000000099999999994 0.00000000099999999994 0.00000000099999999994 0.00000000099999999994 0.00000000099999999994 0.00000000099999999994 0.54901346820864704856 0.00000000099999999994 0.38210631943559064672 
0.00020833479460199240 0.09462069486627387727 0.00000000099999999996 0.00001413543764027097 0.00228515711909558009 0.01250137726548016144 0.00000000099999999996 0.00000000099999999996 0.00000000099999999996 0.00000000099999999996 0.00000000099999999996 0.37661687746434002744 0.00000000099999999996 0.51375341605256807931 
0.00000000099999999983 0.03744772453940305168 0.00000000099999999983 0.00000000099999999983 0.00000000099999999983 0.00000000099999999983 0.00000000099999999983 0.00000000099999999983 0.00000000099999999983 0.00000000099999999983 0.00000000099999999983 0.96255226346059685749 0.00000000099999999983 0.00000000099999999983 
0.00064093866534351007 0.09337886152520787075 0.00000000099999999996 0.02087203138982485218 0.00000000099999999996 0.00000000099999999996 0.00000000099999999996 0.00000000099999999996 0.00000000099999999996 0.03343137827244875571 0.00000000099999999996 0.38636904478846423316 0.00000000099999999996 0.46530773735871072683 
0.00000000099999999992 0.02393345630088832693 0.00000000099999999992 0.00000000099999999992 0.00000000099999999992 0.00000000099999999992 0.00000000099999999992 0.00000000099999999992 0.00000000099999999992 0.00000000099999999992 0.00000000099999999992 0.48513793892009721143 0.00000000099999999992 0.49092859377901443274 
0.00000000099999999995 0.00415836025143976207 0.00000000099999999995 0.00982716757109320001 0.00000000099999999995 0.00000000099999999995 0.00000000099999999995 0.00000000099999999995 0.00000000099999999995 0.00000000099999999995 0.01152179730707795016 0.46048228945637686982 0.00000000099999999995 0.51401037641401214895 
0.00000000099999999996 0.01452486211884578167 0.00000000099999999996 0.02389763956432485251 0.00736427257774395581 0.00000000099999999996 0.00000000099999999996 0.00000000099999999996 0.00000000099999999996 0.00356420389905062534 0.00479471698506257239 0.45572272765561633312 0.00000000099999999996 0.49013157019935599257 
0.00000000099999999995 0.00081413974545620357 0.00000000099999999995 0.00000000099999999995 0.00000008819514341504 0.00000000099999999995 0.00000000099999999995 0.00000000099999999995 0.00000000099999999995 0.00000000099999999995 0.00322097222341724684 0.50892452656805908795 0.00000000099999999995 0.48704026426792401683 
0.00000000099999999995 0.06302780746375351295 0.00000000099999999995 0.00159138666352783204 0.00000000099999999995 0.00000000099999999995 0.00000000099999999995 0.00000000099999999995 0.00000000099999999995 0.00000000099999999995 0.00000000099999999995 0.51395657861401411459 0.00000000099999999995 0.42142421725870454763 
0.00000000099999999997 0.11319033229492443671 0.09322042249004725001 0.00332061771385168620 0.00000000099999999997 0.00000000099999999997 0.05913327622265843880 0.00003858461194063842 0.00000000099999999997 0.00000000099999999997 0.00000000099999999997 0.71952810915305931427 0.00000000099999999997 0.01156865051351818781 
0.02562529679377172770 0.03542406273626073909 0.00000000099999999999 0.00000000099999999999 0.00479757113593443345 0.08676743994435570650 0.09178939621556132800 0.07570541696852389757 0.30655439469125717045 0.33353877858795527578 0.00000000099999999999 0.02345516215546957287 0.00000000099999999999 0.01634247677091009085 
0.00000000099999999997 0.05585866674876367732 0.00000000099999999997 0.00000000099999999997 0.00000000099999999997 0.09540978199505707746 0.00000000099999999997 0.10502502111479521119 0.32774259635045188688 0.34245952418403813322 0.00000000099999999997 0.07350440160689405977 0.00000000099999999997 0.00000000099999999997 
0.00000000099999999997 0.07457019546817961198 0.00000000099999999997 0.00000000099999999997 0.00906777787694239452 0.09911886617699988689 0.00000000099999999997 0.11269729090042232555 0.35540358908649305469 0.34914227249096285721 0.00000000099999999997 0.00000000099999999997 0.00000000099999999997 0.00000000099999999997 
0.02999698622874776358 0.00006413391686792455 0.00000000099999999998 0.02615772888551820205 0.06497911719424875887 0.10175259567783387360 0.00000000099999999998 0.12990892172581419706 0.31152537802699203917 0.33561412828339504122 0.00000000099999999998 0.00000100506058230594 0.00000000099999999998 0.00000000099999999998 
0.05625879845077580432 0.06751868032169684730 0.00000000099999999998 0.00000000099999999998 0.00000000766886605360 0.09851646316932209657 0.00000000099999999998 0.12911800350365101875 0.35524027032904120782 0.29334776955664709774 0.00000000099999999998 0.00000000099999999998 0.00000000099999999998 0.00000000099999999998 
0.00000000099999999998 0.04572384341007274672 0.00000000099999999998 0.00051950581577343260 0.00000000099999999998 0.11766288635321300871 0.00000000099999999998 0.15905992053396381114 0.31128743795735713817 0.33464547380919429376 0.00000000099999999998 0.00000000099999999998 0.00000000099999999998 0.03110092512042557378 
0.02330140826774869389 0.06729998563229210029 0.00000000099999999997 0.02224112379765959616 0.00001265800392927209 0.08334511291400249766 0.06602491794002816883 0.08569528435131587574 0.30349174529936079336 0.34189531359291036594 0.00669243544461116217 0.00000001175614159284 0.00000000099999999997 0.00000000099999999997 
0.00000000099999999999 0.05907431604921935253 0.00000000099999999999 0.00000000099999999999 0.04674166953643880962 0.13647951031763971841 0.00000000099999999999 0.13241514551743943651 0.26008011223400462342 0.32928889928450200131 0.00884303576199016277 0.00000027884326769146 0.00000000099999999999 0.02707702745549832660 
0.07358504788373054772 0.00000000099999999999 0.00000000099999999999 0.00000000099999999999 0.04876370077377808337 0.12026779616678902329 0.00000000099999999999 0.13446023952318245098 0.29893117094184451510 0.32399180712276626215 0.00000000099999999999 0.00000023058790896049 0.00000000099999999999 0.00000000099999999999 
0.00000421384375043401 0.07189534932243252241 0.00000000099999999999 0.00000000099999999999 0.00000000099999999999 0.09668398012068289693 0.01807619031418783093 0.09378523341737844687 0.35340194422405007968 0.34733927672875136716 0.01881380602876649849 0.00000000099999999999 0.00000000099999999999 0.00000000099999999999 
0.00000000099999999995 0.00000000099999999995 0.00634113719106963424 0.00000000099999999995 0.00000000099999999995 0.00000000099999999995 0.00000000099999999995 0.00000000099999999995 0.00000000099999999995 0.00000000099999999995 0.00000000099999999995 0.75045963966334972017 0.00000000099999999995 0.24319921214558065659 
0.00000000099999999996 0.05488301154935518872 0.02739214576996601425 0.00570076199171011024 0.02553004024160487884 0.03078288551361835559 0.00000000099999999996 0.00000000099999999996 0.00000000099999999996 0.00000000099999999996 0.00000000099999999996 0.76617448700724233301 0.00000000099999999996 0.08953666092650312824 
0.00000000099999999993 0.00000000099999999993 0.00000000099999999993 0.00000597529060192039 0.01756593090460599471 0.00000000099999999993 0.00000000099999999993 0.00000000099999999993 0.00000000099999999993 0.00000000099999999993 0.00000000099999999993 0.82882732826409311055 0.00000000099999999993 0.15360075554069890780 
0.00000000099999999994 0.00000000099999999994 0.00000000099999999994 0.00000000099999999994 0.04421961437990248184 0.00000000099999999994 0.00000000099999999994 0.00000000099999999994 0.00000000099999999994 0.00000000099999999994 0.00187433758876323956 0.83457761893903659178 0.00000000099999999994 0.11932841909229771615 
0.00000000099999999998 0.00000000099999999998 0.01234089909521331532 0.07348791585345290645 0.04870844657786110865 0.00738551670283530293 0.00000000099999999998 0.00000000099999999998 0.00000000099999999998 0.00000113033890714968 0.00000000099999999998 0.78209592728802013184 0.00000000099999999998 0.07598015714371000873 
0.00063096700021285888 0.04746656631895992962 0.00000000099999999997 0.00000000099999999997 0.04606594011373656150 0.02098115558715531875 0.00000000099999999997 0.00000000099999999997 0.00000000099999999997 0.00161609324527330371 0.00000000099999999997 0.73270269015341826790 0.00021971881931854352 0.15031686276192529617 
0.00000000099999999993 0.00406473663140972507 0.00000000099999999993 0.00000000099999999993 0.00000000099999999993 0.00000000099999999993 0.00000000099999999993 0.00000000099999999993 0.00000000099999999993 0.00000000099999999993 0.00000000099999999993 0.82182995913926037979 0.00000000099999999993 0.17410529322932999374 
0.00000036867365062954 0.04262193498863154489 0.00000000099999999997 0.01642093973234938498 0.00348860395860685953 0.02206862399304906561 0.00000000099999999997 0.00000000099999999997 0.00000000099999999997 0.00491482537320207715 0.00000000099999999997 0.73456486596886105822 0.00375224625592423785 0.17216758605572518581 
0.00000000099999999995 0.00000000099999999995 0.00000000099999999995 0.01641032405281617895 0.00975852631624954739 0.00000000099999999995 0.00000000099999999995 0.00000000099999999995 0.00000000099999999995 0.00000000099999999995 0.00000000099999999995 0.97383113863093417883 0.00000000099999999995 0.00000000099999999995 
0.00000000099999999995 0.00000000099999999995 0.00000000099999999995 0.00000000099999999995 0.03253285313780336641 0.00000000099999999995 0.00000000099999999995 0.00000000099999999995 0.00000000099999999995 0.00956150107724339747 0.00000000099999999995 0.81149522620307168452 0.00000000099999999995 0.14641040958188153431 
0.02166360927685763091 0.00000000099999999998 0.02977196866775656120 0.02269691691497100622 0.05277644968830861455 0.02351053240497991137 0.60124582602328857650 0.06246563039449110066 0.00000000099999999998 0.02453820214713536146 0.00206340922865947069 0.05090164104009724938 0.00000000099999999998 0.10836581121345463530 
0.10166852232931952726 0.00000000099999999997 0.00000000099999999997 0.00000000099999999997 0.00000000099999999997 0.00000000099999999997 0.73130377427650072875 0.00000000099999999997 0.00000000099999999997 0.01123781500559997877 0.01196380125189834900 0.00000000099999999997 0.00000000099999999997 0.14382607813668168983 
0.23711015553123390709 0.01650788687115998729 0.00000000099999999999 0.00000107309571094010 0.02655337548955202451 0.01256599017724825164 0.41418085272370580574 0.05623121554243752651 0.00000000099999999999 0.02841968723085424448 0.03860672228170671655 0.03053845767174484527 0.00000000099999999999 0.13928458038464586188 
0.13420981927695707636 0.00087763065572252100 0.06922295805997548401 0.00000000099999999999 0.01408278978530589677 0.00000000099999999999 0.69710529193822312610 0.00000000099999999999 0.00000000099999999999 0.00000000099999999999 0.00002764264888049275 0.00025893161592016757 0.01719288939246503556 0.06702204162655006625 
0.00000004176590120929 0.09646259646888813433 0.00000000099999999997 0.00000000099999999997 0.34902466654161423687 0.00000000099999999997 0.00000000099999999997 0.02052834493475878819 0.00000000099999999997 0.04747056542320552547 0.00000000099999999997 0.29244940243077144348 0.00000000099999999997 0.19406437543486065866 
0.00191451803058271868 0.13086836213650612781 0.01211711694044099660 0.00000000099999999998 0.30076888418393438185 0.00000000099999999998 0.00000000099999999998 0.00294503872445473934 0.00000000099999999998 0.00013974736069766422 0.00000000099999999998 0.35471387534162368560 0.00000000099999999998 0.19653245128175952927 
0.05612734889012700734 0.13774818370429103842 0.02132727694267374380 0.00000000099999999997 0.25883903411467734657 0.00000000099999999997 0.00000000099999999997 0.00000000099999999997 0.00000000099999999997 0.00000000099999999997 0.00000000099999999997 0.35947665846646686960 0.00000000099999999997 0.16648148988176392216 
0.08186866804505320283 0.05300484159886569013 0.05157169078347914604 0.01360326239510604301 0.28752006656033474163 0.00000000099999999998 0.00000000099999999998 0.02638364397115045348 0.00000000099999999998 0.00000051845732177050 0.00407571153593966600 0.36260784600960321855 0.00000000099999999998 0.11936374664314623739 
0.01134948535302570186 0.09342501437429946709 0.04701655770397140249 0.00099164713535260544 0.37786833330168034806 0.00000000099999999997 0.00000000099999999997 0.00000000099999999997 0.00000000099999999997 0.00651394415397057395 0.00000000099999999997 0.33602849777494570027 0.00000000099999999997 0.12680651420275446117 
0.11597810948150324983 0.09094359670271173757 0.03847614113908894018 0.00000000099999999998 0.25840809709698514540 0.00000000099999999998 0.00000000099999999998 0.04275023159179767995 0.00000000099999999998 0.00228189816094044986 0.00000000099999999998 0.34609009043238619929 0.00000000099999999998 0.10507182939458672988 
0.00000000099999999977 0.00000000099999999977 0.99999998700000014562 0.00000000099999999977 0.00000000099999999977 0.00000000099999999977 0.00000000099999999977 0.00000000099999999977 0.00000000099999999977 0.00000000099999999977 0.00000000099999999977 0.00000000099999999977 0.00000000099999999977 0.00000000099999999977 
0.40571456669545535867 0.01786938405605009023 0.00521934786031996636 0.00000000099999999999 0.00000000099999999999 0.00000000099999999999 0.00000000099999999999 0.00000000099999999999 0.00000000099999999999 0.01081349107562868533 0.02935305996574403414 0.33722078389353304928 0.00090773353647575204 0.19290162691679302309 
0.34005396705698787141 0.06358936568038082993 0.01258256024756078742 0.03636188774710291671 0.00107772264446011454 0.00000000099999999998 0.12435878938857687637 0.00000000099999999998 0.00000000099999999998 0.00000000099999999998 0.00000000099999999998 0.22699861847057586917 0.00000000099999999998 0.19497708276435485319 
0.42190374752491938137 0.11213009301132229045 0.04201507385427839109 0.02132232669870682412 0.00000011821828805541 0.00000000099999999998 0.00245446488990608931 0.03795316186213538306 0.00000000099999999998 0.00000000099999999998 0.01121984460492112326 0.23039621571395360600 0.00000000099999999998 0.12060494962156897980 
0.40569170488048506007 0.14341559184289690010 0.05637876813021718003 0.01383054756409087156 0.00000000099999999998 0.03847519569615354823 0.00000000099999999998 0.01343138142950563857 0.00000000099999999998 0.00000000099999999998 0.00000000099999999998 0.21135377944420050134 0.00474896520494884605 0.11267406080750150266 
0.43108467491476859523 0.03071094867969503123 0.02148581412756515874 0.01324470800367467602 0.07867848009635466933 0.00000000099999999998 0.14023524049384078483 0.00000000099999999998 0.00000000099999999998 0.00000097530780450832 0.00000000099999999998 0.10542344898376260209 0.00602467695298667272 0.17311102843954767616 
0.50534935344493958631 0.09033859607873037656 0.02351661995692177001 0.00000000099999999999 0.07993266972307669360 0.01116905670832642021 0.00000000099999999999 0.00000000099999999999 0.00000000099999999999 0.00000000099999999999 0.00756954090225860684 0.16607897385675557400 0.00714580467369721733 0.10889937965529387920 
0.43917674087006181027 0.05329126215937556033 0.01479531737646025587 0.01177914156227075938 0.08224362863318639139 0.00000000099999999998 0.03681220104162231249 0.00000000099999999998 0.00000000099999999998 0.00000000099999999998 0.00000000099999999998 0.19223313932048324837 0.02107769099006262872 0.14859087304647725092 
0.37566289506951211496 0.04868415856952852672 0.02446141162359067450 0.03925607369025002624 0.08463185894242546137 0.00000000099999999998 0.06876848733396140334 0.05293414459433319619 0.00000000099999999998 0.02539693530542942723 0.00000178047725449872 0.14565893963032594538 0.00000000099999999998 0.13454331176338871212 
0.36463250050514278700 0.10067039430545883516 0.00921982384878707560 0.02132441051264827997 0.02426002261080689726 0.00079522110979599091 0.05427734517449193941 0.06007303781362888923 0.00000000099999999998 0.00000000099999999998 0.00000000099999999998 0.23362727315144929396 0.00000000099999999998 0.13111996696779004701 
0.43031581882601749323 0.00000000099999999998 0.01271199083106053056 0.00000000099999999998 0.07377206393102470061 0.00000000099999999998 0.05372215143276433402 0.00000000099999999998 0.00000000099999999998 0.00000000099999999998 0.00000000099999999998 0.27133348059061868085 0.00358196134276692231 0.15456252604574730047 
0.33944920622880159211 0.13134041047123093393 0.00648782912448077169 0.05847612331602108221 0.04762641485743294295 0.00607538313693794033 0.05896173782874915975 0.02015906187084234510 0.00000000099999999999 0.00000000099999999999 0.01183731332483971797 0.14200247417843189779 0.01193724331168368076 0.16564680035054804574 
0.41982319160815118053 0.09568153121821287854 0.03521116960765523218 0.03883599104083659131 0.04619265340774203477 0.00000000099999999999 0.04245203536679870160 0.00000000099999999999 0.00000000099999999999 0.01979125682834440708 0.00000000099999999999 0.18623111521979854310 0.00290476928869905747 0.11287628241376175542 
0.39657080997475413486 0.09013910511788533753 0.03817797578099013656 0.01841198679717724260 0.03468639900089229289 0.00000000099999999998 0.00000000099999999998 0.02986447405620549708 0.00000000099999999998 0.03210802657066778865 0.00000000099999999998 0.26047856435797084318 0.00000000099999999998 0.09956265334345698603 
0.57371714447156374472 0.00000000099999999997 0.04748489394744524056 0.00000000099999999997 0.08421279556036424807 0.00000000099999999997 0.14290193236265377741 0.03622676591703802990 0.00000000099999999997 0.00000000099999999997 0.00000000099999999997 0.00000000099999999997 0.00000000099999999997 0.11545645974093504682 
0.32903184459903384029 0.07637160100587182809 0.02865722191308506597 0.00959978454989752865 0.04850311142564107947 0.00000000099999999998 0.06194566404996189324 0.03837728668800301918 0.00000000099999999998 0.00000000691149472401 0.00000000099999999998 0.33904645828384766260 0.00000000099999999998 0.06846701657316341116 
0.00000000099999999994 0.02993378622272330203 0.00000000099999999994 0.00000624830905566191 0.02806163627446445208 0.01474810402177637383 0.00000000099999999994 0.00000000099999999994 0.00000000099999999994 0.31570454266522790521 0.04775181053201526388 0.56379386497473693574 0.00000000099999999994 0.00000000099999999994 
0.00000000099999999969 0.00000000099999999969 0.00000000099999999969 0.00000000099999999969 0.00000000099999999969 0.00000000099999999969 0.00000000099999999969 0.00000000099999999969 0.00000000099999999969 0.99999998700000003460 0.00000000099999999969 0.00000000099999999969 0.00000000099999999969 0.00000000099999999969 
0.00000000099999999965 0.00000000099999999965 0.00000000099999999965 0.00000000099999999965 0.00000000099999999965 0.00000000099999999965 0.00000000099999999965 0.00000000099999999965 0.00000000099999999965 0.99999998700000003460 0.00000000099999999965 0.00000000099999999965 0.00000000099999999965 0.00000000099999999965 
0.00000000099999999982 0.00000000099999999982 0.00000000099999999982 0.00000000099999999982 0.00000000099999999982 0.00000000099999999982 0.00000000099999999982 0.00000000099999999982 0.00000000099999999982 0.99999998700000003460 0.00000000099999999982 0.00000000099999999982 0.00000000099999999982 0.00000000099999999982 
0.00000000099999999969 0.00000000099999999969 0.00000000099999999969 0.00000000099999999969 0.00000000099999999969 0.00000000099999999969 0.00000000099999999969 0.00000000099999999969 0.00000000099999999969 0.99999998700000014562 0.00000000099999999969 0.00000000099999999969 0.00000000099999999969 0.00000000099999999969 
0.00000000099999999967 0.00000000099999999967 0.00000000099999999967 0.00000000099999999967 0.00000000099999999967 0.00000000099999999967 0.00000000099999999967 0.00000000099999999967 0.00000000099999999967 0.99999998700000014562 0.00000000099999999967 0.00000000099999999967 0.00000000099999999967 0.00000000099999999967 
0.00000000099999999983 0.00000000099999999983 0.00000000099999999983 0.00000000099999999983 0.00000000099999999983 0.00000000099999999983 0.00000000099999999983 0.00000000099999999983 0.00000000099999999983 0.99999998700000014562 0.00000000099999999983 0.00000000099999999983 0.00000000099999999983 0.00000000099999999983 
0.00000000099999999969 0.00000000099999999969 0.00000000099999999969 0.00000000099999999969 0.00000000099999999969 0.00000000099999999969 0.00000000099999999969 0.00000000099999999969 0.00000000099999999969 0.99999998700000003460 0.00000000099999999969 0.00000000099999999969 0.00000000099999999969 0.00000000099999999969 
0.00000000099999999991 0.00007285749948666219 0.00000000099999999991 0.00000000099999999991 0.00000000099999999991 0.00000000099999999991 0.00000000099999999991 0.00000000099999999991 0.00000000099999999991 0.80525335105925166523 0.02536742216795216318 0.16930635927330942025 0.00000000099999999991 0.00000000099999999991 
0.00000000099999999979 0.00000000099999999979 0.00000000099999999979 0.00000000099999999979 0.00000000099999999979 0.00000000099999999979 0.00000000099999999979 0.00000000099999999979 0.00000000099999999979 0.99999998700000003460 0.00000000099999999979 0.00000000099999999979 0.00000000099999999979 0.00000000099999999979 
0.00000755529861696888 0.03122151494760648169 0.00000000099999999998 0.03376859662401662798 0.04719333818241946282 0.01230162289394794335 0.00000000099999999998 0.00000000099999999998 0.00000000099999999998 0.00000000099999999998 0.00000000099999999998 0.62191649420262207215 0.01874217690311263604 0.23484869494765781006 
0.00000000099999999994 0.00000000099999999994 0.00000000099999999994 0.03778810874282067384 0.07004438374121041422 0.00000000099999999994 0.00000000099999999994 0.00000000099999999994 0.00000000099999999994 0.00000000099999999994 0.00000000099999999994 0.65359448827256128034 0.00410316940801231343 0.23446984083539529342 
0.06039117726035806571 0.00000000099999999998 0.00000000099999999998 0.00000000099999999998 0.06564025117132438192 0.00000740428383989837 0.00739134404966379412 0.00000000099999999998 0.00000000099999999998 0.07769300995572266111 0.00000000099999999998 0.78747092590183032090 0.00140588037726080829 0.00000000099999999998 
0.00000000099999999993 0.00000000099999999993 0.00000000099999999993 0.00000000099999999993 0.01908412627004961101 0.00000000099999999993 0.00000000099999999993 0.00000000099999999993 0.00000000099999999993 0.12749941725798488723 0.00000000099999999993 0.85341644547196549020 0.00000000099999999993 0.00000000099999999993 
0.02224397827019079094 0.00000000099999999997 0.00000000099999999997 0.02380018805529677400 0.01702094867977985149 0.04428087145425711746 0.00000000099999999997 0.00000000099999999997 0.00000000099999999997 0.10410445320457888119 0.00000000099999999997 0.78854955233589674179 0.00000000099999999997 0.00000000099999999997 
0.00000000099999999994 0.00000000099999999994 0.00000000099999999994 0.00000000099999999994 0.03428957822545522505 0.02642907989525222767 0.00000000099999999994 0.00000000099999999994 0.00000000099999999994 0.10676167123242952250 0.00000000099999999994 0.83251966064686300228 0.00000000099999999994 0.00000000099999999994 
0.00000000099999999992 0.00000000099999999992 0.00000000099999999992 0.00000000099999999992 0.01807366118582700437 0.00091109918794565444 0.00000000099999999992 0.00000000099999999992 0.00000000099999999992 0.00937538101603955371 0.00000000099999999992 0.97163984861018781736 0.00000000099999999992 0.00000000099999999992 
0.00000000099999999992 0.00000000099999999992 0.00000000099999999992 0.00000000099999999992 0.03316385099773506984 0.02380557494441663466 0.00000000099999999992 0.00000000099999999992 0.00000000099999999992 0.08504562566249432298 0.00000000099999999992 0.85798493839535405758 0.00000000099999999992 0.00000000099999999992 
0.00000000099999999996 0.00000000099999999996 0.00000000099999999996 0.00000000099999999996 0.04389796661348693840 0.00005390373803680420 0.00000000099999999996 0.00000000099999999996 0.00000000099999999996 0.00561293503885031478 0.00000000099999999996 0.94984578546908815522 0.00058940014053783995 0.00000000099999999996 
0.00000000099999999992 0.00000000099999999992 0.00000000099999999992 0.00000000099999999992 0.03210857951639365521 0.00000000099999999992 0.00000000099999999992 0.00000000099999999992 0.00000000099999999992 0.04496815894389746826 0.00000000099999999992 0.92292325053970902804 0.00000000099999999992 0.00000000099999999992 
0.00000000099999999989 0.00000000099999999989 0.00000000099999999989 0.00000000099999999989 0.00000000099999999989 0.02568746292466057499 0.00000000099999999989 0.00000000099999999989 0.00000000099999999989 0.08255000630012422624 0.00000000099999999989 0.89176251977521525660 0.00000000099999999989 0.00000000099999999989 
0.00000000099999999991 0.00000000099999999991 0.00000000099999999991 0.00000000099999999991 0.00000000099999999991 0.00000000099999999991 0.00000000099999999991 0.00000000099999999991 0.00000000099999999991 0.07763624702183467841 0.00000000099999999991 0.92236374097816531403 0.00000000099999999991 0.00000000099999999991 
0.00000000099999999993 0.00000000099999999993 0.00000000099999999993 0.00000000099999999993 0.00000000099999999993 0.03719490857676867324 0.00000000099999999993 0.00000000099999999993 0.00000000099999999993 0.02430327106626084185 0.00000000099999999993 0.93850180935697058437 0.00000000099999999993 0.00000000099999999993 
0.00000000099999999994 0.00000000099999999994 0.00000000099999999994 0.01459277535500740769 0.02897731684802455979 0.02914329756790846188 0.00000000099999999994 0.00000000099999999994 0.00000000099999999994 0.04004444539166513578 0.00000000099999999994 0.88724215583739451940 0.00000000099999999994 0.00000000099999999994 
0.00000000099999999993 0.00000000099999999993 0.00000000099999999993 0.00000000099999999993 0.00000000099999999993 0.00000000099999999993 0.00000000099999999993 0.00000000099999999993 0.00000000099999999993 0.08257582122269703506 0.00000000099999999993 0.91742416677730298513 0.00000000099999999993 0.00000000099999999993 
0.00000000099999999996 0.01597257580739529573 0.00000000099999999996 0.02026078311941099594 0.02806600104944665178 0.02914774380950842583 0.00000000099999999996 0.00000000099999999996 0.00000000099999999996 0.08034410772457793726 0.00001331962771652189 0.82619546186194425808 0.00000000099999999996 0.00000000099999999996 
0.00000000099999999992 0.00000000099999999992 0.00000000099999999992 0.00000000099999999992 0.02916944580364065620 0.00587671109575917464 0.00000000099999999992 0.00000000099999999992 0.00000000099999999992 0.03240576743701294865 0.01005674070012343643 0.92249132596346372637 0.00000000099999999992 0.00000000099999999992 
0.00000000099999999991 0.00000000099999999991 0.00000000099999999991 0.00000000099999999991 0.00000000099999999991 0.00000000099999999991 0.00000000099999999991 0.00000000099999999991 0.00000000099999999991 0.02778153294680092700 0.00000000099999999991 0.97221845505319903769 0.00000000099999999991 0.00000000099999999991 
0.00000000099999999994 0.00000000099999999994 0.00000000099999999994 0.00574492432651242061 0.00000000099999999994 0.00000000099999999994 0.00000000099999999994 0.00000000099999999994 0.00000000099999999994 0.04033395640948079369 0.00000000099999999994 0.95392110826400677848 0.00000000099999999994 0.00000000099999999994 
0.00000000099999999989 0.00000000099999999989 0.00000000099999999989 0.00000000099999999989 0.00000000099999999989 0.00000000099999999989 0.00000000099999999989 0.00000000099999999989 0.00000000099999999989 0.00692974505667285842 0.00000000099999999989 0.99307024294332724157 0.00000000099999999989 0.00000000099999999989 
