0.00000000100000000000 0.12461621450329818384 0.74591760625628078518 0.00002018691728118974 0.12944599132313991396 
0.00000000100000000000 0.11758028691011936095 0.70559360401607262858 0.04783907778993132937 0.12898703028387678571 
0.00000000100000000000 0.14346342623609281697 0.73955129060038593547 0.00000000100000000000 0.11698528116352130413 
0.00000000100000000000 0.10829440648817093007 0.73144573793704725784 0.02140184147067753645 0.13885801310410419984 
0.00000000099999999999 0.14616756395905536325 0.72578846018975062826 0.00000000099999999999 0.12804397385119417607 
0.00000000100000000000 0.17845642799435323944 0.69067556928083484458 0.00000000100000000000 0.13086800072481194479 
0.00000000100000000000 0.11146595871758147034 0.71061883112778378990 0.02047141137565516508 0.15744379777897957173 
0.00000000100000000000 0.14015405076629744441 0.67449902614121415301 0.00000000100000000000 0.18534692109248826486 
0.00000000100000000000 0.10809929280114193018 0.71494627347633565861 0.04336389990128835387 0.13359053282123412032 
0.00000000100000000000 0.18686402084005263036 0.64255340930171755964 0.00000000100000000000 0.17058256785822972779 
0.00000000100000000000 0.15458481464607376488 0.71701258746353846441 0.00000000100000000000 0.12840259589038791055 
0.00000000099999999999 0.16975540732770633134 0.66310483007500986563 0.01058510075180284400 0.15655466084548097516 
0.00000000100000000000 0.14824994014419726196 0.72801698090176958367 0.00000000100000000000 0.12373307695403308604 
0.39646180406777137284 0.04454375326412898795 0.30604626319804495438 0.24971930606715209144 0.00322887340290253918 
0.39402000460759561973 0.05370758697076644800 0.31785710673293171569 0.23441530068870633507 0.00000000099999999999 
0.47917443106340507075 0.00574175268436903294 0.27766821338814534625 0.23741560186408050548 0.00000000099999999999 
0.37035227213116461709 0.02407161080603859721 0.26337224057655400644 0.34220387548624264795 0.00000000099999999999 
0.43426137807414844083 0.03183451189219473065 0.31075077990522964599 0.22315332912842719693 0.00000000099999999999 
0.39325146444289688086 0.03841070649126472614 0.32209713747281892848 0.24402731547362138675 0.00221337611939819530 
0.39962028835761026491 0.00000000099999999999 0.30561725087585966953 0.29476245876652995559 0.00000000099999999999 
0.45155592928621346438 0.01318067728539586494 0.34382684272223651423 0.19143654970615420208 0.00000000099999999999 
0.53485634905790246929 0.00505878762410994550 0.29255641082960187616 0.16752845148838560463 0.00000000099999999999 
0.44894095430047620265 0.06052344144992081315 0.26092257794474388310 0.22961302530485924733 0.00000000099999999999 
0.40807744087971919988 0.05138653518808849324 0.28524104722537663159 0.25529497570681547458 0.00000000099999999999 
0.48445778601468503233 0.00000000100000000000 0.28707480710959243364 0.22846740487572239631 0.00000000100000000000 
0.42084410540929373390 0.06071968917029434143 0.28665259634566869762 0.23178360807474307492 0.00000000099999999999 
0.49702420351947651511 0.06868984311805832743 0.28894225359878772386 0.14534369876367739249 0.00000000099999999999 
0.41286420494969439110 0.02223618298528862169 0.24855223330180065133 0.31634737776321614211 0.00000000100000000000 
0.39864411238357433387 0.02225223782058850797 0.31133199060244187706 0.26777165819339526776 0.00000000099999999999 
0.73287943992748516564 0.00000000099999999999 0.22318674877194721873 0.04393380930056770689 0.00000000099999999999 
0.75008278791954430265 0.00000000099999999998 0.24991720908045578220 0.00000000099999999998 0.00000000099999999998 
0.62624208665740332957 0.00000000099999999999 0.26610879491951555664 0.10764911642308108708 0.00000000099999999999 
0.67703680979113245453 0.00000000099999999999 0.19577598455929906551 0.12718720364956853652 0.00000000099999999999 
0.70602642974216311966 0.00414423299213356917 0.21027892742401907422 0.07955040884168416981 0.00000000099999999998 
0.67624683060268397927 0.00000000099999999999 0.24470129113882707617 0.07905187625848905664 0.00000000099999999999 
0.75030225159827013126 0.00000000099999999998 0.24969774540172984256 0.00000000099999999998 0.00000000099999999998 
0.65813146759187057810 0.00000000099999999999 0.24872002578418392349 0.09314850462394559660 0.00000000099999999999 
0.75931799951780942770 0.00000000099999999999 0.15324598895748009486 0.08743600952471038135 0.00000000099999999999 
0.64910977530272606639 0.00000000099999999999 0.22945442056451587076 0.12143580213275803614 0.00000000099999999999 
0.99999999600000011313 0.00000000099999999993 0.00000000099999999993 0.00000000099999999993 0.00000000099999999993 
0.65795553196302103416 0.00000000099999999999 0.21739765296036858699 0.12464681307661047704 0.00000000099999999999 
0.72199375659831777075 0.00000000099999999998 0.21323644629506191550 0.06476979510662039807 0.00000000099999999998 
0.67901471442448513294 0.00000000099999999999 0.25044357915536646919 0.07054170442014835729 0.00000000099999999999 
0.64984085884102471553 0.00000000099999999999 0.22734185588644650888 0.12281728327252888766 0.00000000099999999999 
0.68124172762627965838 0.00000000099999999999 0.23328596366110715410 0.08547230671261325796 0.00000000099999999999 
0.74980112471532611718 0.00000000099999999999 0.17843294326628286739 0.07176593001839118302 0.00000000099999999999 
0.85454816224464369423 0.00000000100000000000 0.14342964027156773765 0.00202219548378854272 0.00000000100000000000 
0.08761171297556469284 0.46213962545923309433 0.09950988121746909276 0.01320965969168514526 0.33752912065604789849 
0.16035573750163026330 0.47369397528121476304 0.00000000100000000000 0.00244587124628584032 0.36350441497086927178 
0.05872371941363910969 0.49939100720373919007 0.00000000100000000000 0.04953154844239206211 0.39235372394022977049 
0.04433614057235177319 0.46274774525751810605 0.01609660827406661152 0.12039718126669869680 0.35642232462936485060 
0.09295595146719516644 0.43995222237261250031 0.03766460610852893215 0.03784885426607522557 0.39157836578558813390 
0.05274054460642259995 0.50054847133752067290 0.10451267719695091218 0.00464437604792043712 0.33755393081118534315 
0.07895206485877054314 0.46311393448420501429 0.03904395738190495624 0.06703819748638423226 0.35185184578873551775 
0.08352425758451460791 0.51278102302695560688 0.10387629956213637050 0.02794273144320933225 0.27187568838318409981 
0.04196123815240824367 0.48466319752247194463 0.07954080949985019300 0.06998818026952921545 0.32384657455574039631 
0.08690525427023507166 0.49397980245078909611 0.03873414719733478395 0.00000000100000000000 0.38038079508164102105 
0.85275675752996094037 0.00000000099999999998 0.10529866856501020334 0.04194457190502871163 0.00000000099999999998 
0.90661523923784181900 0.01039993017460707353 0.01645457868050885508 0.06653025090704223210 0.00000000099999999998 
0.95026632612879924356 0.00000000099999999998 0.00000000099999999998 0.04973367087120082047 0.00000000099999999998 
0.94961181719922460598 0.00000000099999999998 0.00000000099999999998 0.05038817980077554132 0.00000000099999999998 
0.84618302397725442265 0.00194366768922266207 0.01816754728679317865 0.13370576004672965476 0.00000000099999999999 
0.89168266617742408808 0.01864065322414291612 0.01419983789217186577 0.07547684170626092759 0.00000000099999999999 
0.99999999600000000211 0.00000000099999999998 0.00000000099999999998 0.00000000099999999998 0.00000000099999999998 
0.86709467652459204512 0.03610913512953053267 0.04732229945198751508 0.04947388789389000480 0.00000000099999999999 
0.99441795668723798052 0.00000000099999999997 0.00000000099999999997 0.00558204031276197596 0.00000000099999999997 
0.92145464941961041649 0.00000000099999999999 0.00186901958631868889 0.07667632899407086922 0.00000000099999999999 
0.02000199301544385022 0.16301346961723833795 0.67473589310776616035 0.14224864325955161037 0.00000000100000000000 
0.01085564534240626190 0.11558266170280684371 0.77318987394452953765 0.08537771136814899242 0.01499410764210841983 
0.12423440189053641669 0.15181761943481381083 0.56450186477070296576 0.15357223395983751746 0.00587387994410910712 
0.03673573101241285610 0.08167455248771031406 0.75157028612229315190 0.07808546210743069760 0.05193396827015295258 
0.49388932149963338247 0.02414424749035640888 0.09930489656968835566 0.38266153344032177719 0.00000000099999999999 
0.54548767928306518549 0.00000000099999999999 0.10770069767496597002 0.34681162104196877616 0.00000000099999999999 
0.57790605659892424484 0.00000000099999999999 0.11745162768352061800 0.30464231371755512434 0.00000000099999999999 
0.50221643489780976033 0.00000000099999999999 0.15452036139932281977 0.34326320170286733768 0.00000000099999999999 
0.49246800767293430479 0.00000000099999999999 0.11117324430171818261 0.39635874602534743039 0.00000000099999999999 
0.56784858408382854478 0.00000000099999999999 0.14686370143005123001 0.28528771248612022626 0.00000000099999999999 
0.00000000099999999997 0.00000000099999999997 0.99999999600000000211 0.00000000099999999997 0.00000000099999999997 
0.57069845655556072916 0.02893609100157734301 0.26148771384382385463 0.13887773759903815352 0.00000000100000000000 
0.44065917259923731431 0.00000000099999999999 0.35720576614290483475 0.20213505925785782424 0.00000000099999999999 
0.51194914889778087019 0.00000000100000000000 0.29945632334878574676 0.18859452575343330083 0.00000000100000000000 
0.53091381527817749220 0.02703928916825519557 0.29004530907194125966 0.15200158548162612249 0.00000000100000000000 
0.30890474904295495140 0.00000000099999999999 0.41589099034058152338 0.27520425861646358179 0.00000000099999999999 
0.45760765950132042956 0.02385266753517036389 0.24406913647793862521 0.26593343908871541759 0.00853709739685522447 
0.43360083561657764006 0.00000000099999999999 0.30108088700456830944 0.26531827537885394053 0.00000000099999999999 
0.36093234598429713156 0.03706288723990815159 0.32815929198601861971 0.27384547378977608378 0.00000000100000000000 
0.48301013097649703187 0.00655981564737957799 0.29660334917945802014 0.21382670319666527425 0.00000000100000000000 
0.47991465308741348972 0.00000000100000000000 0.29108762028424872703 0.22899772462833767328 0.00000000100000000000 
0.43102936645209910527 0.00000000100000000000 0.30072430761172452840 0.26824632393617620085 0.00000000100000000000 
0.44183758804093486994 0.01449960495563314480 0.29196167155944063865 0.25170113444399139224 0.00000000099999999999 
0.51426901782481815317 0.03291536513846344408 0.24402583185331927496 0.20878978418339899648 0.00000000099999999999 
0.17597255907382136630 0.02014965038736325764 0.48879697777821284888 0.31508081176060259709 0.00000000100000000000 
0.55349885668168397057 0.00000000099999999999 0.26188900515293112026 0.18461213616538482696 0.00000000099999999999 
0.60721609400033227377 0.38270671330324318449 0.00000000099999999997 0.01007719069642457055 0.00000000099999999997 
0.00000000099999999992 0.99999999600000011313 0.00000000099999999992 0.00000000099999999992 0.00000000099999999992 
0.00000000099999999991 0.99999999600000000211 0.00000000099999999991 0.00000000099999999991 0.00000000099999999991 
0.00000000099999999994 0.99999999600000000211 0.00000000099999999994 0.00000000099999999994 0.00000000099999999994 
0.00000000099999999992 0.99999999600000000211 0.00000000099999999992 0.00000000099999999992 0.00000000099999999992 
0.00000000099999999992 0.99999999600000011313 0.00000000099999999992 0.00000000099999999992 0.00000000099999999992 
0.00000000099999999995 0.99999999600000000211 0.00000000099999999995 0.00000000099999999995 0.00000000099999999995 
0.00000000099999999992 0.99999999600000011313 0.00000000099999999992 0.00000000099999999992 0.00000000099999999992 
0.15644233833168069703 0.84355765866831922128 0.00000000099999999996 0.00000000099999999996 0.00000000099999999996 
0.00000000099999999994 0.99999999600000011313 0.00000000099999999994 0.00000000099999999994 0.00000000099999999994 
0.73227358237754336390 0.00860047582255685748 0.13368885458189314064 0.12543708621800653269 0.00000000099999999999 
0.77280830485238616312 0.00000000099999999998 0.07935669713031696937 0.14783499601729677142 0.00000000099999999998 
0.81297428075871602804 0.11056507982845571736 0.00350538846375470425 0.07295524994907356953 0.00000000100000000000 
0.83047064792515790099 0.16910795787270793689 0.00000000099999999998 0.00042139220213415499 0.00000000099999999998 
0.78810084128919344337 0.17118765391238202622 0.00000000099999999999 0.04071150279842452452 0.00000000099999999999 
0.81470584217190455956 0.17796153492723876255 0.00000000099999999999 0.00733262090085665726 0.00000000099999999999 
0.94425696297954175851 0.05574303402045815981 0.00000000099999999997 0.00000000099999999997 0.00000000099999999997 
0.82546065833860637895 0.14844287325143604162 0.00000000099999999998 0.02609646640995765335 0.00000000099999999998 
0.91545231373829205612 0.05919036462128249992 0.00000000099999999999 0.02535731964042555256 0.00000000099999999999 
0.88989424120908500182 0.08793189373623952476 0.00000000099999999997 0.02217386305467534610 0.00000000099999999997 
0.86204776511533620642 0.13795223188466368414 0.00000000099999999997 0.00000000099999999997 0.00000000099999999997 
0.88059014199308782711 0.11940985500691227161 0.00000000099999999997 0.00000000099999999997 0.00000000099999999997 
0.91674198483265767479 0.08325801216734243781 0.00000000099999999997 0.00000000099999999997 0.00000000099999999997 
0.85763670925356894070 0.09848542599912114837 0.00000000099999999998 0.04387786274731010627 0.00000000099999999998 
0.88581820059838478620 0.11418179640161528476 0.00000000099999999998 0.00000000099999999998 0.00000000099999999998 
0.82374555612752375922 0.14529158534358938004 0.00000000099999999998 0.03096285652888677853 0.00000000099999999998 
0.88549294284315249737 0.11450705415684749033 0.00000000099999999998 0.00000000099999999998 0.00000000099999999998 
0.94960403724665520819 0.05039595975334491135 0.00000000099999999998 0.00000000099999999998 0.00000000099999999998 
0.94920109320237011641 0.05079890379762985742 0.00000000099999999999 0.00000000099999999999 0.00000000099999999999 
0.94687189049055164869 0.05312810650944845697 0.00000000099999999997 0.00000000099999999997 0.00000000099999999997 
0.84489598330098403256 0.15510401369901596902 0.00000000099999999997 0.00000000099999999997 0.00000000099999999997 
0.98794757158233703631 0.01205242541766287333 0.00000000099999999998 0.00000000099999999998 0.00000000099999999998 
0.95259988700429365505 0.04740010999570635347 0.00000000099999999998 0.00000000099999999998 0.00000000099999999998 
0.88563036700481156949 0.11436962999518845985 0.00000000099999999998 0.00000000099999999998 0.00000000099999999998 
0.01061494918571366172 0.00000000099999999998 0.98938504781428637802 0.00000000099999999998 0.00000000099999999998 
0.00426374656208383662 0.00000000099999999996 0.99573625043791613720 0.00000000099999999996 0.00000000099999999996 
0.00000000099999999999 0.70153373041409561317 0.29024911377420958836 0.00000000099999999999 0.00821715381169496259 
0.00000000099999999999 0.76373458603699506675 0.23626541096300490707 0.00000000099999999999 0.00000000099999999999 
0.00000000099999999999 0.68702088042692333048 0.27805556032074191242 0.00000000099999999999 0.03492355725233477204 
0.25847779562220013494 0.74152220137779989440 0.00000000099999999999 0.00000000099999999999 0.00000000099999999999 
0.00000000100000000000 0.77611536167922556828 0.20985100051057947734 0.00000000100000000000 0.01403363581019508033 
0.00000000099999999999 0.76705922588720321098 0.23294077111279676284 0.00000000099999999999 0.00000000099999999999 
0.00000000099999999999 0.74674422462651979249 0.23664506034823812319 0.00000000099999999999 0.01661071302524212007 
0.00000000100000000000 0.57510048293553417409 0.38969253890406369001 0.00456675022447492352 0.03064022693592728316 
0.00000000099999999999 0.75179068529028625356 0.24820931170971369251 0.00000000099999999999 0.00000000099999999999 
0.00000000099999999999 0.79199709036466059420 0.20800290663533951840 0.00000000099999999999 0.00000000099999999999 
0.00000000100000000000 0.70608710213250869270 0.29391288674285914739 0.00000000100000000000 0.00000000912463225401 
0.00000000099999999999 0.69631929813773008053 0.27408608989025978753 0.00000000099999999999 0.02959460997201010871 
0.07193905779784966203 0.23752276653635240322 0.56391702260235010424 0.05720675924093418518 0.06941439382251356205 
0.48401877783227531538 0.05808611040987742002 0.23136123442328052069 0.22653387633456661954 0.00000000099999999999 
0.36858664553460895874 0.02705152910458240648 0.25698364479881397049 0.34737817956199462666 0.00000000099999999999 
0.38553740062555247325 0.04246803244029020985 0.28395700483187930052 0.28803756110227790588 0.00000000099999999999 
0.33107162850503485396 0.03411656433442857711 0.28932905779037199068 0.34548274837016468286 0.00000000099999999999 
0.37433902135136548628 0.00436290716474726451 0.29779762655973335272 0.32350044392415377992 0.00000000099999999999 
0.38082322318061789801 0.00000000099999999999 0.31657058976439583775 0.30260618505498615427 0.00000000099999999999 
0.41541883478386404382 0.00571455244500013778 0.30230599745476210982 0.27656061431637363190 0.00000000100000000000 
0.33329608957082390575 0.01736147116184022163 0.32831041027705093471 0.32103202799028485170 0.00000000099999999999 
0.31891238060670390464 0.01552070498874802938 0.32641637317490690418 0.33915054022964125080 0.00000000100000000000 
0.39795202071595248139 0.00387521166261770153 0.31349282101036191062 0.28467994561106785278 0.00000000099999999999 
0.36753333829676648747 0.06558695248409450451 0.28879282958020446870 0.27808687863893455372 0.00000000099999999999 
0.31112040028883647391 0.02175903126223740006 0.29284774897815724071 0.37427281847076870891 0.00000000099999999999 
0.34900662380139468866 0.02573159784312506471 0.33087549968381135823 0.29438627767166886118 0.00000000099999999999 
0.38147209979231655463 0.01264789919719018670 0.27960219900674615490 0.32627780100374703665 0.00000000099999999999 
0.33536034027256206302 0.00000000099999999999 0.33753544748218289318 0.32710421024525498934 0.00000000099999999999 
0.38769045189378809058 0.00000000099999999999 0.29639178294292911620 0.31591776316328268326 0.00000000099999999999 
0.37843537224163487087 0.01105496540997656131 0.32799861855049117221 0.28251104279789746032 0.00000000099999999999 
0.32241510634603648411 0.04182816409415197195 0.35908515349025571517 0.27667157506955580848 0.00000000099999999999 
0.35084229981696585243 0.00000000099999999999 0.35709474013026804018 0.29206295805276599742 0.00000000099999999999 
0.34846780755815348618 0.00165714209301395451 0.32847951656026036504 0.32139553278857208030 0.00000000099999999999 
0.03890900583876947399 0.00000000099999999997 0.96109099116123053452 0.00000000099999999997 0.00000000099999999997 
0.97680751455821279716 0.02319248244178712115 0.00000000099999999998 0.00000000099999999998 0.00000000099999999998 
0.94478170263549610119 0.00000000099999999999 0.05521829436450397671 0.00000000099999999999 0.00000000099999999999 
0.99048255107489102667 0.00000000099999999998 0.00951744592510901828 0.00000000099999999998 0.00000000099999999998 
0.97148314530327062322 0.00000000099999999999 0.02851685169672938877 0.00000000099999999999 0.00000000099999999999 
0.99999999600000011313 0.00000000099999999995 0.00000000099999999995 0.00000000099999999995 0.00000000099999999995 
0.97059644524571719870 0.02940355175428287227 0.00000000099999999999 0.00000000099999999999 0.00000000099999999999 
0.99999999600000000211 0.00000000099999999991 0.00000000099999999991 0.00000000099999999991 0.00000000099999999991 
0.99999999600000011313 0.00000000099999999995 0.00000000099999999995 0.00000000099999999995 0.00000000099999999995 
0.99999999600000011313 0.00000000099999999997 0.00000000099999999997 0.00000000099999999997 0.00000000099999999997 
0.93233633686691785858 0.00000000099999999998 0.06766366013308211524 0.00000000099999999998 0.00000000099999999998 
0.99999999600000011313 0.00000000099999999995 0.00000000099999999995 0.00000000099999999995 0.00000000099999999995 
0.99999992849084640145 0.00000000099999999997 0.00000006850915360159 0.00000000099999999997 0.00000000099999999997 
0.99999999600000011313 0.00000000099999999997 0.00000000099999999997 0.00000000099999999997 0.00000000099999999997 
0.22262474239205487514 0.02677148559662418173 0.00000000099999999998 0.75060377001132083663 0.00000000099999999998 
0.99999999600000011313 0.00000000099999999993 0.00000000099999999993 0.00000000099999999993 0.00000000099999999993 
0.20176937969715194598 0.00000000099999999998 0.00000000099999999998 0.79823061730284794457 0.00000000099999999998 
0.14196689620525468345 0.00000000099999999997 0.00000000099999999997 0.85803310079474526262 0.00000000099999999997 
0.27899867888809071204 0.02549908105231277894 0.00000000099999999998 0.69550223805959643375 0.00000000099999999998 
0.16645885847838043370 0.00000000099999999997 0.00000000099999999997 0.83354113852161948461 0.00000000099999999997 
0.07541294204212045660 0.05210944319519552476 0.00000000099999999999 0.87247761276268387398 0.00000000099999999999 
0.13611002408096500860 0.05588034300950023986 0.08802998730008207429 0.71997964460945262921 0.00000000099999999999 
0.25254541034251903886 0.02537032105552200142 0.00000000099999999998 0.72208426660195890179 0.00000000099999999998 
0.19382749389632064618 0.00004986028340788114 0.00000000099999999998 0.80612264382027154497 0.00000000099999999998 
0.24732286990367333135 0.00126942358955412600 0.00000000099999999998 0.75140770450677241143 0.00000000099999999998 
0.16543320834194560898 0.00956909155139057215 0.00000000099999999998 0.82499769810666367942 0.00000000099999999998 
0.00000000099999999995 0.00000000099999999995 0.00000000099999999995 0.99999999600000000211 0.00000000099999999995 
0.00000000099999999994 0.00000000099999999994 0.00000000099999999994 0.99999999600000000211 0.00000000099999999994 
0.04513683141726072823 0.00000000099999999998 0.00000000099999999998 0.95486316558273920396 0.00000000099999999998 
0.00000000099999999996 0.00000000099999999996 0.00000000099999999996 0.99999999600000000211 0.00000000099999999996 
0.00000000099999999997 0.00000000099999999997 0.00000000099999999997 0.99999999600000000211 0.00000000099999999997 
0.03042830201811924304 0.00000000099999999998 0.00000000099999999998 0.96957169498188067180 0.00000000099999999998 
0.00000000099999999997 0.00000000099999999997 0.00000000099999999997 0.99999999600000000211 0.00000000099999999997 
0.00000000099999999996 0.00000000099999999996 0.00000000099999999996 0.99999999600000000211 0.00000000099999999996 
0.00000000099999999996 0.00000000099999999996 0.00000000099999999996 0.99999999600000000211 0.00000000099999999996 
0.00000000099999999998 0.00000000099999999998 0.00000000099999999998 0.99999999599999989108 0.00000000099999999998 
0.00000000099999999999 0.00000000099999999999 0.00000000099999999999 0.99999999600000000211 0.00000000099999999999 
0.05761777579460105464 0.00000000099999999998 0.00000000099999999998 0.94238222120539905102 0.00000000099999999998 
0.00000000099999999997 0.00000000099999999997 0.00000000099999999997 0.99999999599999989108 0.00000000099999999997 
0.03073760968445670566 0.00000000099999999997 0.00000000099999999997 0.96926238731554326122 0.00000000099999999997 
0.06069800439174736356 0.02215743912206213570 0.00000000099999999999 0.91714455448619036648 0.00000000099999999999 
0.03545536832512197895 0.96454462867487800182 0.00000000099999999998 0.00000000099999999998 0.00000000099999999998 
0.00000000099999999997 0.99999999600000000211 0.00000000099999999997 0.00000000099999999997 0.00000000099999999997 
0.00000000099999999997 0.99999999600000000211 0.00000000099999999997 0.00000000099999999997 0.00000000099999999997 
0.00000000099999999997 0.99999993782577545343 0.00000000099999999997 0.00000005917422454066 0.00000000099999999997 
0.00000000099999999999 0.99999999600000000211 0.00000000099999999999 0.00000000099999999999 0.00000000099999999999 
0.00000000099999999997 0.99999999600000000211 0.00000000099999999997 0.00000000099999999997 0.00000000099999999997 
0.00000000099999999996 0.99999999600000000211 0.00000000099999999996 0.00000000099999999996 0.00000000099999999996 
0.00000000099999999996 0.99999999600000011313 0.00000000099999999996 0.00000000099999999996 0.00000000099999999996 
0.06001708430664953742 0.90017562322575939149 0.01009946161026292234 0.02970782985732813367 0.00000000100000000000 
0.00000000099999999996 0.99999999600000011313 0.00000000099999999996 0.00000000099999999996 0.00000000099999999996 
0.00000000099999999997 0.99999999600000000211 0.00000000099999999997 0.00000000099999999997 0.00000000099999999997 
0.00000000099999999996 0.99999999600000000211 0.00000000099999999996 0.00000000099999999996 0.00000000099999999996 
0.00000000099999999997 0.99999999600000011313 0.00000000099999999997 0.00000000099999999997 0.00000000099999999997 
0.00000000099999999997 0.99999999600000011313 0.00000000099999999997 0.00000000099999999997 0.00000000099999999997 
0.00000000099999999997 0.99999999600000011313 0.00000000099999999997 0.00000000099999999997 0.00000000099999999997 
0.00000000099999999996 0.99999999600000011313 0.00000000099999999996 0.00000000099999999996 0.00000000099999999996 
0.00000000099999999997 0.99999999600000000211 0.00000000099999999997 0.00000000099999999997 0.00000000099999999997 
0.00000000099999999995 0.99999999600000011313 0.00000000099999999995 0.00000000099999999995 0.00000000099999999995 
0.00000000099999999997 0.99999999600000000211 0.00000000099999999997 0.00000000099999999997 0.00000000099999999997 
0.00000000099999999997 0.99999999600000011313 0.00000000099999999997 0.00000000099999999997 0.00000000099999999997 
0.00000000099999999998 0.99999999600000011313 0.00000000099999999998 0.00000000099999999998 0.00000000099999999998 
0.00075561859664950498 0.00000000099999999997 0.99924437840335056382 0.00000000099999999997 0.00000000099999999997 
0.00000087039103395258 0.56295848836277329053 0.33925077248015678144 0.04959132118419767171 0.04819854758183838433 
0.13184325431104557125 0.86815674268895437482 0.00000000099999999995 0.00000000099999999995 0.00000000099999999995 
0.80371927484074279224 0.19628072215925715382 0.00000000099999999998 0.00000000099999999998 0.00000000099999999998 
0.21034010568226779725 0.78965989131773217657 0.00000000099999999996 0.00000000099999999996 0.00000000099999999996 
0.28024139856343255328 0.71975859843656753156 0.00000000099999999997 0.00000000099999999997 0.00000000099999999997 
0.00000000099999999991 0.99999999600000011313 0.00000000099999999991 0.00000000099999999991 0.00000000099999999991 
0.00000000099999999993 0.99999999600000000211 0.00000000099999999993 0.00000000099999999993 0.00000000099999999993 
0.99999999600000011313 0.00000000099999999994 0.00000000099999999994 0.00000000099999999994 0.00000000099999999994 
0.98188685820653320846 0.01811313879346667169 0.00000000099999999996 0.00000000099999999996 0.00000000099999999996 
0.99999999600000000211 0.00000000099999999995 0.00000000099999999995 0.00000000099999999995 0.00000000099999999995 
0.99999999600000000211 0.00000000099999999996 0.00000000099999999996 0.00000000099999999996 0.00000000099999999996 
0.99999999600000011313 0.00000000099999999994 0.00000000099999999994 0.00000000099999999994 0.00000000099999999994 
0.99999999600000011313 0.00000000099999999994 0.00000000099999999994 0.00000000099999999994 0.00000000099999999994 
0.99999999600000011313 0.00000000099999999995 0.00000000099999999995 0.00000000099999999995 0.00000000099999999995 
0.98606854507355712336 0.01393145192644301179 0.00000000099999999996 0.00000000099999999996 0.00000000099999999996 
0.00000000099999999995 0.00000000099999999995 0.00000000099999999995 0.00000000099999999995 0.99999999599999989108 
0.00000000099999999989 0.00000000099999999989 0.00000000099999999989 0.00000000099999999989 0.99999999599999989108 
0.00000000099999999995 0.00000000099999999995 0.00000000099999999995 0.00000000099999999995 0.99999999600000000211 
0.00000000099999999996 0.00000000099999999996 0.00000000099999999996 0.00000000099999999996 0.99999999600000000211 
0.00000000099999999990 0.00000000099999999990 0.00000000099999999990 0.00000000099999999990 0.99999999599999989108 
0.00000000099999999996 0.00000000099999999996 0.00000000099999999996 0.00000000099999999996 0.99999999599999989108 
0.00000000099999999993 0.00000000099999999993 0.00000000099999999993 0.00000000099999999993 0.99999999600000000211 
0.00000000099999999994 0.00000000099999999994 0.00000000099999999994 0.00000000099999999994 0.99999999599999989108 
0.00000000099999999994 0.00000000099999999994 0.00000000099999999994 0.00000000099999999994 0.99999999600000000211 
0.00000000099999999992 0.00000000099999999992 0.00000000099999999992 0.00000000099999999992 0.99999999599999989108 
0.72856893206731931922 0.00000000099999999998 0.15412232187171573394 0.11730874406096492013 0.00000000099999999998 
0.67830623778024212722 0.00000000099999999998 0.15770579350180077838 0.16398796671795706770 0.00000000099999999998 
0.71275220951323947638 0.00000000099999999999 0.11244556030224667209 0.17480222818451390809 0.00000000099999999999 
0.72670105175425092625 0.00000000099999999999 0.16058345463155254684 0.11271549161419647245 0.00000000099999999999 
0.67006506565236456652 0.00000000099999999998 0.14812600684620014224 0.18180892550143537556 0.00000000099999999998 
0.70091561581907280143 0.00000000099999999999 0.16149365997381906479 0.13759072220710807932 0.00000000099999999999 
0.63181849038381920902 0.00000000099999999998 0.17862749125698954011 0.18955401635919141845 0.00000000099999999998 
0.65941834514392361211 0.00000000099999999998 0.14583323107193929546 0.19474842178413709348 0.00000000099999999998 
0.69128080755360499232 0.00000000099999999998 0.14379980844901293913 0.16491938199738204185 0.00000000099999999998 
0.68744398668360817695 0.00000000099999999999 0.12522402791527253996 0.18733198340111928415 0.00000000099999999999 
0.67614265821128050060 0.00000000099999999999 0.13936266756391577082 0.18449467222480375739 0.00000000099999999999 
0.66128282820045303225 0.00000000099999999999 0.20055963528466380641 0.13815753451488319015 0.00000000099999999999 
0.65853020849063470532 0.00000000099999999999 0.16995918354918651549 0.17151060596017869697 0.00000000099999999999 
0.75505407019426118431 0.00000000099999999999 0.08966168106507466096 0.15528424674066404476 0.00000000099999999999 
0.69727485774023068021 0.00000000099999999999 0.15186211582602837655 0.15086302443374091653 0.00000000099999999999 
0.72615439551816818309 0.00000000099999999999 0.08065580126455942911 0.19318980121727238886 0.00000000099999999999 
0.91445808358283631190 0.00000000837810577365 0.00000000099999999998 0.08554190603905806323 0.00000000099999999998 
0.85548301953526584285 0.00000000099999999998 0.00000000099999999998 0.14451697746473413098 0.00000000099999999998 
0.88641467804512352746 0.00000000099999999998 0.00000000099999999998 0.11358531895487648800 0.00000000099999999998 
0.92487370123817014278 0.00000000689872102647 0.00000000099999999998 0.07512628986310875001 0.00000000099999999998 
0.87424149043116650137 0.03909266365480485589 0.00000000099999999999 0.08666584391402863685 0.00000000099999999999 
0.82250036723426811491 0.05951026612808513194 0.00000000099999999998 0.11798936463764661542 0.00000000099999999998 
0.83718664937104791957 0.02470134418878037683 0.00000000099999999999 0.13811200444017177058 0.00000000099999999999 
0.82886323561995622899 0.05296045774204011930 0.00000000099999999997 0.11817630463800379848 0.00000000099999999997 
0.86027886286230792479 0.00000000099999999998 0.00000000099999999998 0.13972113413769210455 0.00000000099999999998 
0.84999679316137288776 0.09655248688995919648 0.00000000099999999997 0.05345071794866790293 0.00000000099999999997 
0.90996566835782743965 0.01495924246892024398 0.00000000099999999998 0.07507508717325224457 0.00000000099999999998 
0.81879334578905649256 0.04946855357818998739 0.00000030117771672194 0.13173779845503671981 0.00000000099999999999 
0.98395359544667881924 0.00000000099999999998 0.00000000099999999998 0.01604640155332132112 0.00000000099999999998 
0.87579932664966808620 0.00000000099999999998 0.02830669040140346843 0.09589398094892852276 0.00000000099999999998 
0.86049035713822497051 0.02403038207475424390 0.00000000099999999999 0.11547925878702079705 0.00000000099999999999 
0.86305157427431189454 0.00000000099999999997 0.00000000099999999997 0.13694842272568802377 0.00000000099999999997 
0.86870542989931642808 0.00000000099999999997 0.00000000099999999997 0.13129456710068354575 0.00000000099999999997 
0.83410854166233372453 0.00000000099999999997 0.00000000099999999997 0.16589145533766624929 0.00000000099999999997 
0.82669062478708488229 0.00000000099999999998 0.00000000099999999998 0.17330937221291514705 0.00000000099999999998 
0.77213806211265489932 0.00000000099999999998 0.00000000099999999998 0.22786193488734507451 0.00000000099999999998 
0.86441140757884959989 0.00000000099999999997 0.00000000099999999997 0.13558858942115045720 0.00000000099999999997 
0.76900395968855494999 0.00000000099999999998 0.04799872962401650900 0.18299730868742841716 0.00000000099999999998 
0.79373600721950676729 0.00000000099999999999 0.01447179909869193183 0.19179219168180128285 0.00000000099999999999 
0.82226281912050991352 0.00000000099999999997 0.00000000099999999997 0.17773717787949017133 0.00000000099999999997 
0.79861127793345998427 0.00000000099999999999 0.02599459508848817393 0.17539412497805176305 0.00000000099999999999 
0.81575572963025777540 0.00000000099999999998 0.00000000099999999998 0.18424426736974228169 0.00000000099999999998 
0.75388669917744655091 0.00000000099999999998 0.00000000099999999998 0.24611329782255356169 0.00000000099999999998 
0.81824662849647766816 0.00000000099999999997 0.00000000099999999997 0.18175336850352233342 0.00000000099999999997 
0.82714160335964181936 0.00000000099999999999 0.00000000099999999999 0.17285839364035823773 0.00000000099999999999 
0.00000000099999999994 0.00000000099999999994 0.00000000099999999994 0.99999999599999989108 0.00000000099999999994 
0.00000000099999999995 0.00000000099999999995 0.00000000099999999995 0.99999999599999989108 0.00000000099999999995 
0.00000000099999999995 0.00000000099999999995 0.00000000099999999995 0.99999999599999989108 0.00000000099999999995 
0.00000000099999999996 0.00000000099999999996 0.00000000099999999996 0.99999999599999989108 0.00000000099999999996 
0.00000000099999999995 0.00000000099999999995 0.00000000099999999995 0.99999999600000000211 0.00000000099999999995 
0.00000000099999999996 0.00000000099999999996 0.00000000099999999996 0.99999999599999989108 0.00000000099999999996 
0.00000000099999999994 0.00000000099999999994 0.00000000099999999994 0.99999999599999989108 0.00000000099999999994 
0.02215924887202121163 0.00000000099999999997 0.00000000099999999997 0.97784074812797883158 0.00000000099999999997 
0.00000000099999999995 0.00000000099999999995 0.00000000099999999995 0.99999999599999989108 0.00000000099999999995 
0.00000000099999999995 0.00000000099999999995 0.00000000099999999995 0.99999999599999989108 0.00000000099999999995 
0.00000000099999999996 0.00000000099999999996 0.00000000099999999996 0.99999999599999989108 0.00000000099999999996 
0.00000000099999999994 0.00000000099999999994 0.00000000099999999994 0.99999999599999989108 0.00000000099999999994 
0.00000000099999999997 0.00000000099999999997 0.00000000099999999997 0.99999999599999989108 0.00000000099999999997 
0.00000000099999999995 0.00000000099999999995 0.00000000099999999995 0.99999999599999989108 0.00000000099999999995 
0.14208787400560585201 0.07890325448199746183 0.00000000099999999998 0.77900886951239667333 0.00000000099999999998 
0.16257876049979183564 0.00000000099999999998 0.00000000099999999998 0.83742123650020816594 0.00000000099999999998 
0.19040452924057202355 0.03005506608304939209 0.00000000099999999999 0.77954040267637858541 0.00000000099999999999 
0.22325214724704220415 0.00727466985892183220 0.00003576644766758417 0.76943741544636834462 0.00000000099999999999 
0.22697477106877880781 0.06450878026148701427 0.00000000099999999999 0.70851644666973412345 0.00000000099999999999 
0.17455418035677544575 0.04305826534449497950 0.00000131255134199990 0.78238624074738749581 0.00000000099999999999 
0.19178623249074530643 0.00000000100000000000 0.00416894104395135363 0.80404482446530323170 0.00000000100000000000 
0.09635543681303104790 0.08687709693652236054 0.00000000099999999999 0.81676746425044655098 0.00000000099999999999 
0.23403066111117704073 0.01377306992820290579 0.00000000099999999998 0.75219626696061991922 0.00000000099999999998 
0.07002341862521314908 0.05331351736018867526 0.00000000099999999998 0.87666306201459809344 0.00000000099999999998 
0.00000001604186709398 0.04856319971883131525 0.80092012145007762669 0.13403974606724178287 0.01647691672198205171 
0.04700459063295459039 0.03699572886721021886 0.76678241246205569581 0.12636086032782126165 0.02285640770995812227 
0.08228820497329483730 0.00972630356883984019 0.75711165941108926614 0.15087383104677598578 0.00000000100000000000 
0.00241761143315198527 0.03256571482293403597 0.81072257750421106159 0.15429409523970288864 0.00000000099999999999 
0.06894291986585079912 0.03305894876218797712 0.73157865351459261394 0.14271471491328152625 0.02370476294408715295 
0.05944775854671723730 0.05030546273719869316 0.77520199684409663021 0.09667906308884513522 0.01836571878314235615 
0.00000071371361469299 0.00048873770626760738 0.85723607317166394814 0.10249258452551132659 0.03978189088294244863 
0.06092453015607416505 0.00369050984678916116 0.83212039388171632481 0.08080911477580235425 0.02245545133961803635 
0.09359921062933287961 0.01545987966284225953 0.71660604524636395407 0.17433486346146101487 0.00000000100000000000 
0.05464494418387736557 0.05401490448697219421 0.72994259125146065958 0.16139755907768971177 0.00000000100000000000 
0.05434842452089073267 0.00000000099999999998 0.94565157247910935912 0.00000000099999999998 0.00000000099999999998 
0.00000000099999999997 0.00000000099999999997 0.00000000099999999997 0.99999999599999989108 0.00000000099999999997 
0.00735946932165713018 0.00000000099999999997 0.00000000099999999997 0.99264052767834287661 0.00000000099999999997 
0.00000000099999999998 0.00000000099999999998 0.00000000099999999998 0.99999999599999989108 0.00000000099999999998 
0.00000000099999999997 0.00000000099999999997 0.00000000099999999997 0.99999999600000000211 0.00000000099999999997 
0.00000000099999999998 0.00000000099999999998 0.00000000099999999998 0.99999999600000000211 0.00000000099999999998 
0.00000000099999999997 0.00000000099999999997 0.00000000099999999997 0.99999999599999989108 0.00000000099999999997 
0.00000000099999999997 0.00000000099999999997 0.00000000099999999997 0.99999999599999989108 0.00000000099999999997 
0.00000000099999999996 0.00000000099999999996 0.00000000099999999996 0.99999999599999989108 0.00000000099999999996 
0.00000000099999999996 0.00000000099999999996 0.00000000099999999996 0.99999999600000000211 0.00000000099999999996 
0.00000000099999999997 0.00000000099999999997 0.00000000099999999997 0.99999999600000000211 0.00000000099999999997 
0.06850418240698101513 0.00000000099999999998 0.00000000099999999998 0.93149581459301900033 0.00000000099999999998 
0.00000000099999999997 0.00000000099999999997 0.00000000099999999997 0.99999999599999989108 0.00000000099999999997 
0.00000000099999999997 0.00000000099999999997 0.00000000099999999997 0.99999999599999989108 0.00000000099999999997 
0.00000000099999999998 0.00000000099999999998 0.00000000099999999998 0.99999999600000000211 0.00000000099999999998 
