0.00000000100000000000 0.11723356956112618299 0.13031019892166753604 0.75245623051720622598 
0.00000000100000000000 0.13403989067586086215 0.13104925657416166551 0.73491085174997750062 
0.00000000100000000000 0.13716889132106366289 0.11810560275926448859 0.74472550491967193231 
0.00000000100000000000 0.11386322778105542608 0.13902384583196844559 0.74711292538697604559 
0.00000000100000000000 0.13948065659119071591 0.12842190773924627711 0.73209743466956311853 
0.00000000100000000000 0.17247845090399985257 0.13177797059439466665 0.69574357750160553682 
0.00000020880804642870 0.11598040857639253798 0.15801665409922346917 0.72600272851633762539 
0.00000000100000000000 0.13465336261070795509 0.18729261838184974032 0.67805401800744236063 
0.02432553642614913858 0.11173602035717725145 0.13638013861221029432 0.72755830460446324626 
0.00000000100000000000 0.18255386309150825608 0.17074675390920721063 0.64669938199928445055 
0.00000000100000000000 0.14823991371326974975 0.12983627235473690908 0.72192381293199336945 
0.00000000100000000000 0.16782089020968740667 0.15841504843904161137 0.67376406035127101024 
0.00000000100000000000 0.13942407187662575474 0.12529443847552823588 0.73528148864784603767 
0.62690566990210172538 0.05301753791192678755 0.00244629791481859420 0.31763049427115297441 
0.60872042868204945254 0.06108767607152534168 0.00000000099999999999 0.33019189424642531039 
0.69038917694674584169 0.02241407073452834908 0.00000000099999999999 0.28719675131872568485 
0.69538880456465257396 0.03356554963419722259 0.00000000099999999999 0.27104564480115017622 
0.63380129203083845901 0.04468844253745698353 0.00000000099999999999 0.32151026443170466207 
0.61421759365947026232 0.05041750135550004258 0.00292755194991953715 0.33243735303511007251 
0.68073131869301795049 0.00000002576601544311 0.00000000099999999999 0.31926865454096670094 
0.61759745380093800105 0.03209245554642591036 0.00000000099999999999 0.35031008965263599197 
0.66782318721402322836 0.02972448242091383155 0.00000000099999999999 0.30245232936506305510 
0.66048969844332305890 0.06728932452701591460 0.00000000099999999999 0.27222097602966105478 
0.64218854603079300603 0.06741847936449169021 0.00000000099999999999 0.29039297360471533205 
0.69070392760058452186 0.01589619472023060670 0.00000000100000000000 0.29339987667918504544 
0.63052277292736769176 0.07313613190139560405 0.00000000099999999999 0.29634109417123671859 
0.61347291965739292330 0.08505663608675508025 0.00000000099999999999 0.30147044325585198310 
0.71003523124868217486 0.03236731058110906695 0.00000000100000000000 0.25759745717020876565 
0.64653997522323980451 0.03284607445900847300 0.00000000099999999999 0.32061394931775166750 
0.76503211997323672389 0.00000000099999999999 0.00000000099999999999 0.23496787802676319390 
0.73431663225532750605 0.00000000099999999998 0.00000000099999999998 0.26568336574467260602 
0.72298837662487769329 0.00000000099999999999 0.00000000099999999999 0.27701162137512230776 
0.79021171836864767535 0.00204060507101869182 0.00000000099999999999 0.20774767556033357785 
0.75872922374483786623 0.01638600991465654147 0.00000000099999999998 0.22488476534050561018 
0.73815616428384800418 0.00000000099999999999 0.00000000099999999999 0.26184383371615210789 
0.73371748469440478679 0.00000000099999999998 0.00000000099999999998 0.26628251330559526977 
0.73813626795207976095 0.00000000099999999999 0.00000000099999999999 0.26186373004792035113 
0.83820659768863392536 0.00000000099999999999 0.00000000099999999999 0.16179340031136615896 
0.74373805774787737910 0.00000000099999999999 0.00000000099999999999 0.25626194025212273297 
0.99999999699999997382 0.00000000099999999996 0.00000000099999999996 0.00000000099999999996 
0.76031737557578893405 0.00363212273150373714 0.00000000099999999999 0.23605050069270744340 
0.76858024909936506486 0.00000000099999999998 0.00000000099999999998 0.23141974890063499171 
0.73212528217167260891 0.00000000099999999999 0.00000000099999999999 0.26787471582832750316 
0.75667500704832990621 0.00089289651934025733 0.00000000099999999999 0.24243209543232993597 
0.75094969985391302192 0.00000000099999999999 0.00000000099999999999 0.24905029814608695138 
0.80504061868585186090 0.00000000925215587856 0.00000000099999999999 0.19495937106199234812 
0.82641558565417849724 0.03086960272154390741 0.00000000100000000000 0.14271481062427762709 
0.09459610453302189081 0.46584797783166087548 0.33682983802921817595 0.10272607960609919653 
0.14384754955767886653 0.49257786389617774780 0.36357458554614324742 0.00000000100000000000 
0.10028229434957215693 0.50733486817160566851 0.39238283647882221672 0.00000000100000000000 
0.15835648072206034986 0.46694244421680269896 0.35517070683107715423 0.01953036823005989062 
0.11970828213906990756 0.45007571789532235806 0.39155815537630667134 0.03865784458930107692 
0.04330717749535693134 0.51293190379661124378 0.33808399839967229195 0.10567692030835945660 
0.13596174402297142580 0.47112659765257181022 0.35313004918039075930 0.03978160914406586590 
0.10140170130901821066 0.52056622228635707206 0.27093166449924255268 0.10710041190538230338 
0.09576129483964337941 0.49643469093178810292 0.32327980237969833333 0.08452421184887018435 
0.07637492368562526224 0.50402777263776121774 0.37790323343832871172 0.04169407023828489156 
0.87819971603336133281 0.01476392091733041978 0.00000000099999999998 0.10703636204930831732 
0.90080023221211813489 0.05874938684612206197 0.00000000099999999998 0.04045037994175977591 
0.98096211308288883135 0.00000014905960171818 0.00000000099999999999 0.01903773685750951433 
0.99109077899216468932 0.00888823242058093578 0.00000000099999999999 0.00002098758725435821 
0.92049764752701124237 0.04957938621768135518 0.00000000099999999999 0.02992296525530761114 
0.92407218389088274790 0.03846438198599767821 0.00000000099999999999 0.03746343312311969931 
0.92954725285064254692 0.01176248898622756292 0.00000000099999999999 0.05869025716312979701 
0.87219704193511737866 0.04715993033174747245 0.00000000099999999999 0.08064302673313522574 
0.99532080427563518477 0.00467919372436477726 0.00000000099999999997 0.00000000099999999997 
0.95963533765221842309 0.02419608806675191057 0.00000000099999999999 0.01616857328102974667 
0.15668811107728652932 0.15638630413757131921 0.00000000100000000000 0.68692558378514212425 
0.09190518997474779461 0.10954590584212794968 0.01707491565414342299 0.78147398852898086741 
0.27045776422452094678 0.15040643159124630901 0.00744980334208430409 0.57168600084214848955 
0.11056138954159051846 0.07419188409030390285 0.05390182919834264619 0.76134489716976283535 
0.86393200037186912432 0.02937296292861641886 0.00000000099999999999 0.10669503569951448163 
0.88357987132341864189 0.00000001462905737703 0.00000000099999999999 0.11642011304752403200 
0.87349398183351911751 0.00000000099999999999 0.00000000099999999999 0.12650601616648102232 
0.83576672236550941797 0.00000000099999999999 0.00000000099999999999 0.16423327563449058308 
0.88263614266412038223 0.00000415291094281862 0.00000000099999999999 0.11735970342493672047 
0.83472936743253434155 0.00749459556677868708 0.00000000099999999999 0.15777603600068695888 
0.00000000099999999997 0.00000000099999999997 0.00000000099999999997 0.99999999699999997382 
0.68272424994835800849 0.04816150570047411650 0.00000000100000000000 0.26911424335116779227 
0.63627487891377221274 0.00000000099999999999 0.00000000099999999999 0.36372511908622778831 
0.69689487508612013578 0.00000000100000000000 0.00000000100000000000 0.30310512291387975425 
0.66259310550642980253 0.04146270645642198549 0.00000000100000000000 0.29594418703714819863 
0.57492981168505841172 0.00003204030824096019 0.00000000099999999999 0.42503814700670078386 
0.71205824522074101512 0.03337633565568948191 0.00886490046292181047 0.24570051866064768209 
0.69106754445365237149 0.00000000099999999999 0.00000000099999999999 0.30893245354634768507 
0.62460136160476031897 0.03933515995697384887 0.00000000100000000000 0.33606347743826581187 
0.67623124201116080467 0.01923805208386543397 0.00000000100000000000 0.30453070490497374800 
0.69596365556894967952 0.00000287190618166363 0.00000000100000000000 0.30403347152486881466 
0.68916437408147901422 0.00039993345172796070 0.00000000100000000000 0.31043569146679295123 
0.67347628682886551132 0.02589404737432041484 0.00000000099999999999 0.30062966479681413334 
0.70114332259657441426 0.04849622182935259262 0.00000000099999999999 0.25036045457407313242 
0.48712786959282566857 0.01608543357959601669 0.00000000100000000000 0.49678669582757839507 
0.73180395192032754448 0.00233044321097574834 0.00000000100000000000 0.26586560386869673156 
0.58506258475153738452 0.41493741324846250551 0.00000000099999999997 0.00000000099999999997 
0.00000000099999999993 0.99999999699999997382 0.00000000099999999993 0.00000000099999999993 
0.00000000099999999992 0.99999999700000008485 0.00000000099999999992 0.00000000099999999992 
0.00000000099999999995 0.99999999699999997382 0.00000000099999999995 0.00000000099999999995 
0.00000000099999999993 0.99999999699999997382 0.00000000099999999993 0.00000000099999999993 
0.00000000099999999993 0.99999999699999997382 0.00000000099999999993 0.00000000099999999993 
0.00000000099999999995 0.99999999699999997382 0.00000000099999999995 0.00000000099999999995 
0.00000000099999999993 0.99999999699999997382 0.00000000099999999993 0.00000000099999999993 
0.10941640440083548469 0.89058359359916450249 0.00000000099999999997 0.00000000099999999997 
0.00000000099999999995 0.99999999700000008485 0.00000000099999999995 0.00000000099999999995 
0.82851754161759760819 0.03029995089666288888 0.00000000099999999999 0.14118250648573948958 
0.90655016847338620867 0.00000000099999999998 0.00000000099999999998 0.09344982952661395892 
0.82606906680064962067 0.16474771695668385951 0.00000004159236521913 0.00918317465030135498 
0.76930984907959876207 0.23069014892040137776 0.00000000099999999999 0.00000000099999999999 
0.77314003159306055046 0.22685996640693942283 0.00000000099999999999 0.00000000099999999999 
0.76705806507660501126 0.23294193292339501755 0.00000000099999999999 0.00000000099999999999 
0.88557272263842901072 0.11442727536157110135 0.00000000099999999997 0.00000000099999999997 
0.79509346366143340834 0.20105601734041933515 0.00385051799814729563 0.00000000099999999999 
0.88162336776049476939 0.11837663023950512065 0.00000000099999999999 0.00000000099999999999 
0.83668793624757220595 0.16331206175242779510 0.00000000099999999998 0.00000000099999999998 
0.79014018649363670921 0.20985981150636337511 0.00000000099999999997 0.00000000099999999997 
0.80422729168728346316 0.19577270631271642687 0.00000000099999999997 0.00000000099999999997 
0.85316860104801905962 0.14683139695198094143 0.00000000099999999998 0.00000000099999999998 
0.85936853042039940132 0.14063146757960062749 0.00000000099999999998 0.00000000099999999998 
0.81501210086565745172 0.18498789713434254933 0.00000000099999999999 0.00000000099999999999 
0.80819180733896811564 0.19180819066103182990 0.00000000099999999998 0.00000000099999999998 
0.83549513830368571377 0.16450485969631442607 0.00000000099999999998 0.00000000099999999998 
0.82900634249729754366 0.17099365550270254066 0.00000000099999999999 0.00000000099999999999 
0.85747199528321171869 0.13592906798856371764 0.00659893572822446185 0.00000000099999999999 
0.82329182421921132118 0.17670817378078873539 0.00000000099999999998 0.00000000099999999998 
0.78715037486930050648 0.21284962313069952233 0.00000000099999999998 0.00000000099999999998 
0.82426464821697398300 0.17573534978302615683 0.00000000099999999999 0.00000000099999999999 
0.87740817283019123529 0.12259182516980884903 0.00000000099999999999 0.00000000099999999999 
0.86613574760824618703 0.13386425039175381402 0.00000000099999999999 0.00000000099999999999 
0.00000000099999999997 0.00000000099999999997 0.00000000099999999997 0.99999999700000008485 
0.00000000099999999997 0.00000000099999999997 0.00000000099999999997 0.99999999700000008485 
0.00000000100000000000 0.69703635876455916076 0.00793930001216398493 0.29502434022327689300 
0.00000000099999999999 0.75970989775470265659 0.00000000099999999999 0.24029010024529734446 
0.00000000100000000000 0.68228465816810868194 0.03625496077057469707 0.28146038006131662845 
0.22669566755002054648 0.77112966752250522440 0.00000000100000000000 0.00217466392747428256 
0.00000000100000000000 0.77350449813628052720 0.01532390827109557201 0.21117159259262410775 
0.00000000100000000000 0.76413283173602863929 0.00000000100000000000 0.23586716626397141727 
0.00000000100000000000 0.74517632513933051985 0.01801482192048495592 0.23680885194018452822 
0.00000000100000000000 0.57342354447143284446 0.03183641771532298020 0.39474003681324415505 
0.00000000099999999999 0.74878662826020037091 0.00000000099999999999 0.25121336973979968565 
0.00000000100000000000 0.79001730728315389118 0.00000084872594930974 0.20998184299089678317 
0.00000000100000000000 0.70290532131063054866 0.00235366994289949727 0.29474100774647005174 
0.00000000100000000000 0.69177131806190172991 0.02891867801572125737 0.27931000292237700977 
0.11941223917746776606 0.23847180358098865605 0.07075338928909706560 0.57136256795244644291 
0.69992183113203554345 0.06455334321951848586 0.00000000099999999999 0.23552482464844587406 
0.70476810568531367274 0.03063958845683909665 0.00000000099999999999 0.26459230485784729359 
0.65803241678335111509 0.04727731100829914851 0.00000000099999999999 0.29469027120834972999 
0.66533581153360443761 0.03535839620919369042 0.00000000099999999999 0.29930579125720174760 
0.68137136810154108613 0.00981940984670265360 0.00000000099999999999 0.30880922105175634407 
0.67214103106881428751 0.00000000099999999999 0.00000000099999999999 0.32785896693118582457 
0.67835023096049507085 0.01085660706689762535 0.00000000100000000000 0.31079316097260739626 
0.64181153652438971413 0.02043878023727403043 0.00000000099999999999 0.33774968223833623515 
0.64744808438254952687 0.01595171711067745746 0.00000000100000000000 0.33660019750677294681 
0.66284200871409548750 0.01547718535636275448 0.00000000099999999999 0.32168080492954170824 
0.63362399334177010868 0.06991230639170711858 0.00000000099999999999 0.29646369926652288429 
0.67286749083382868530 0.02295179825068087431 0.00000000099999999999 0.30418070991549045479 
0.62902566200192089330 0.03067126366637514673 0.00000000099999999999 0.34030307333170395356 
0.68824052492605514164 0.02136385710051938794 0.00000000099999999999 0.29039561697342552993 
0.65226744763967381413 0.00000000099999999999 0.00000000099999999999 0.34773255036032613141 
0.69062047853220276394 0.00000014988085193078 0.00000000100000000000 0.30937937058694542358 
0.65020427337794561851 0.01461535663944760720 0.00000000099999999999 0.33518036898260672451 
0.59230877301332751639 0.04100968269879934347 0.00000000099999999999 0.36668154328787316842 
0.63236208137664062789 0.00000000099999999999 0.00000000099999999999 0.36763791662335948418 
0.65667349516319450942 0.00454913522640631833 0.00000000099999999999 0.33877736861039914329 
0.01167316012796724110 0.00000000099999999998 0.00000000099999999998 0.98832683787203268189 
0.90473999211144229271 0.07075179788417343407 0.00000000099999999999 0.02450820900438423558 
0.88867624644215781338 0.05020012009833244027 0.00000000100000000000 0.06112363245950973301 
0.94503316479899190927 0.03183939000488687082 0.00000000099999999999 0.02312744419612124472 
0.93319872727534169954 0.02475067779923365713 0.00000000099999999999 0.04205059392542465774 
0.99999999699999997382 0.00000000099999999997 0.00000000099999999997 0.00000000099999999997 
0.96583279333937899214 0.03416720466062097422 0.00000000099999999999 0.00000000099999999999 
0.99999999699999997382 0.00000000099999999995 0.00000000099999999995 0.00000000099999999995 
0.99845721775166773604 0.00000000099999999998 0.00000000099999999998 0.00154278024833226089 
0.97661592324885293515 0.02338366457627094261 0.00000000099999999999 0.00000041117487618412 
0.90463639526607753094 0.01666754351784026714 0.00000000099999999998 0.07869606021608208102 
0.99999999700000008485 0.00000000099999999997 0.00000000099999999997 0.00000000099999999997 
0.94370210614231098134 0.00334127764341364628 0.00000000099999999999 0.05295661521427539459 
0.99999999698819463934 0.00000000101180545554 0.00000000099999999999 0.00000000099999999999 
0.98493852291234251783 0.01506147508765746761 0.00000000099999999998 0.00000000099999999998 
0.99999999700000008485 0.00000000099999999995 0.00000000099999999995 0.00000000099999999995 
0.99495212127391530199 0.00504787672608477626 0.00000000099999999999 0.00000000099999999999 
0.99999999700000008485 0.00000000099999999998 0.00000000099999999998 0.00000000099999999998 
0.97166325689106736174 0.02833674110893249706 0.00000000099999999998 0.00000000099999999998 
0.99999999699999997382 0.00000000099999999998 0.00000000099999999998 0.00000000099999999998 
0.93611952580290636039 0.04696606592824723037 0.00000000099999999999 0.01691440726884636120 
0.86205807730130690203 0.03656618248675754662 0.00000000099999999999 0.10137573921193571147 
0.98454426638799530380 0.01545573161200472501 0.00000000099999999999 0.00000000099999999999 
0.99289607673400859245 0.00710392126599130539 0.00000000099999999998 0.00000000099999999998 
0.99471663673853194521 0.00528336126146807319 0.00000000099999999998 0.00000000099999999998 
0.98253935975844730599 0.01041062257779629650 0.00000000099999999999 0.00705001666375643966 
0.99999999700000008485 0.00000000099999999997 0.00000000099999999997 0.00000000099999999997 
0.99999999700000008485 0.00000000099999999996 0.00000000099999999996 0.00000000099999999996 
0.99999999699999997382 0.00000000099999999998 0.00000000099999999998 0.00000000099999999998 
0.99999999700000008485 0.00000000099999999997 0.00000000099999999997 0.00000000099999999997 
0.99999999700000008485 0.00000000099999999998 0.00000000099999999998 0.00000000099999999998 
0.99999999699999997382 0.00000000099999999999 0.00000000099999999999 0.00000000099999999999 
0.99999999700000008485 0.00000000099999999998 0.00000000099999999998 0.00000000099999999998 
0.99999999700000008485 0.00000000099999999997 0.00000000099999999997 0.00000000099999999997 
0.99999999699999997382 0.00000000099999999998 0.00000000099999999998 0.00000000099999999998 
0.99999687991269647913 0.00000311808730340585 0.00000000099999999999 0.00000000099999999999 
0.98359518779134214039 0.00000000099999999999 0.00000000099999999999 0.01640481020865781209 
0.99999999700000008485 0.00000000099999999998 0.00000000099999999998 0.00000000099999999998 
0.99999999700000008485 0.00000000099999999997 0.00000000099999999997 0.00000000099999999997 
0.99999999699999997382 0.00000000099999999998 0.00000000099999999998 0.00000000099999999998 
0.98289044028917083029 0.01710955771082905627 0.00000000099999999999 0.00000000099999999999 
0.01003299801784430720 0.98996699998215564875 0.00000000099999999998 0.00000000099999999998 
0.00000000099999999997 0.99999999699999997382 0.00000000099999999997 0.00000000099999999997 
0.00000000099999999998 0.99999999699999997382 0.00000000099999999998 0.00000000099999999998 
0.00000000099999999997 0.99999999699999997382 0.00000000099999999997 0.00000000099999999997 
0.00000000099999999999 0.99999999699999997382 0.00000000099999999999 0.00000000099999999999 
0.00000000099999999997 0.99999999699999997382 0.00000000099999999997 0.00000000099999999997 
0.00000000099999999997 0.99999999700000008485 0.00000000099999999997 0.00000000099999999997 
0.00000000099999999997 0.99999999699999997382 0.00000000099999999997 0.00000000099999999997 
0.07754847677121941285 0.90721023394969158016 0.00000000100000000000 0.01524128827908912721 
0.00000000099999999997 0.99999999699999997382 0.00000000099999999997 0.00000000099999999997 
0.00000000099999999998 0.99999999699999997382 0.00000000099999999998 0.00000000099999999998 
0.00000000099999999997 0.99999999700000008485 0.00000000099999999997 0.00000000099999999997 
0.00000000099999999997 0.99999999699999997382 0.00000000099999999997 0.00000000099999999997 
0.00000000099999999998 0.99999999700000008485 0.00000000099999999998 0.00000000099999999998 
0.00000000099999999997 0.99999999700000008485 0.00000000099999999997 0.00000000099999999997 
0.00000000099999999996 0.99999999700000008485 0.00000000099999999996 0.00000000099999999996 
0.00000000099999999997 0.99999999700000008485 0.00000000099999999997 0.00000000099999999997 
0.00000000099999999996 0.99999999699999997382 0.00000000099999999996 0.00000000099999999996 
0.00000000099999999998 0.99999999700000008485 0.00000000099999999998 0.00000000099999999998 
0.00000000099999999998 0.99999999699999997382 0.00000000099999999998 0.00000000099999999998 
0.00000000099999999998 0.99999999700000008485 0.00000000099999999998 0.00000000099999999998 
0.00000000099999999997 0.00000000099999999997 0.00000000099999999997 0.99999999700000008485 
0.03361369952943044082 0.56833301982678541275 0.04944631329959171123 0.34860696734419249765 
0.09142337088819840751 0.90857662711180153803 0.00000000099999999996 0.00000000099999999996 
0.72433605562020630941 0.27566394237979374715 0.00000000099999999998 0.00000000099999999998 
0.17917278457096447175 0.82082721342903552930 0.00000000099999999997 0.00000000099999999997 
0.23187472349564974827 0.76812527450435019727 0.00000000099999999997 0.00000000099999999997 
0.00000000099999999992 0.99999999699999997382 0.00000000099999999992 0.00000000099999999992 
0.00000000099999999994 0.99999999699999997382 0.00000000099999999994 0.00000000099999999994 
0.99999999700000008485 0.00000000099999999997 0.00000000099999999997 0.00000000099999999997 
0.89760520012407374324 0.10239479787592624394 0.00000000099999999997 0.00000000099999999997 
0.95266319475616945134 0.04733680324383062604 0.00000000099999999997 0.00000000099999999997 
0.96000295372175248332 0.03999704427824762182 0.00000000099999999997 0.00000000099999999997 
0.95911390109829353090 0.04088609690170644240 0.00000000099999999997 0.00000000099999999997 
0.99999996594292384078 0.00000003205707606761 0.00000000099999999997 0.00000000099999999997 
0.97466210065496916570 0.02533789734503081106 0.00000000099999999997 0.00000000099999999997 
0.91537053677828428278 0.08462946122171574603 0.00000000099999999997 0.00000000099999999997 
0.00000000099999999996 0.00000000099999999996 0.99999999699999997382 0.00000000099999999996 
0.00000000099999999992 0.00000000099999999992 0.99999999699999986280 0.00000000099999999992 
0.00000000099999999996 0.00000000099999999996 0.99999999699999986280 0.00000000099999999996 
0.00000000099999999997 0.00000000099999999997 0.99999999699999986280 0.00000000099999999997 
0.00000000099999999993 0.00000000099999999993 0.99999999699999997382 0.00000000099999999993 
0.00000000099999999997 0.00000000099999999997 0.99999999699999997382 0.00000000099999999997 
0.00000000099999999995 0.00000000099999999995 0.99999999699999997382 0.00000000099999999995 
0.00000000099999999995 0.00000000099999999995 0.99999999699999986280 0.00000000099999999995 
0.00000000099999999995 0.00000000099999999995 0.99999999699999986280 0.00000000099999999995 
0.00000000099999999994 0.00000000099999999994 0.99999999699999997382 0.00000000099999999994 
0.83627460567645373057 0.00000000099999999998 0.00000000099999999998 0.16372539232354629823 
0.82788223829084262029 0.00000000099999999998 0.00000000099999999998 0.17211775970915740852 
0.87137278641113025124 0.00000000664725271687 0.00000000099999999999 0.12862720594161713983 
0.82543808737783774809 0.00000000099999999999 0.00000000099999999999 0.17456191062216241949 
0.84142389106580250946 0.00000000099999999999 0.00000000099999999999 0.15857610693419760262 
0.83019566461227123355 0.00000000099999999999 0.00000000099999999999 0.16980433338772879526 
0.80478130109149792482 0.00000000099999999999 0.00000000099999999999 0.19521869690850204848 
0.84426451963674675749 0.00000000099999999998 0.00000000099999999998 0.15573547836325335458 
0.84519453286484047538 0.00000000099999999999 0.00000000099999999999 0.15480546513515955342 
0.86347579316325417942 0.00000000099999999999 0.00000000099999999999 0.13652420483674593266 
0.84631158511594206661 0.00000000099999999999 0.00000000099999999999 0.15368841288405790668 
0.78336801191785043752 0.00000000099999999999 0.00000000099999999999 0.21663198608214970231 
0.81200156081107555117 0.00000000099999999999 0.00000000099999999999 0.18799843718892444988 
0.87849913210822361265 0.00521559985776872716 0.00000000099999999999 0.11628526703400768327 
0.83008731546771563625 0.00000000099999999999 0.00000000099999999999 0.16991268253228447582 
0.89907138927224894420 0.00000000099999999999 0.00000000099999999999 0.10092860872775115400 
0.94992556735437649884 0.05007443064562355772 0.00000000099999999998 0.00000000099999999998 
0.99999965340375296385 0.00000034459624700871 0.00000000099999999998 0.00000000099999999998 
0.97184616167264481490 0.02815383632735530758 0.00000000099999999998 0.00000000099999999998 
0.95246887412100156300 0.04753112387899829927 0.00000000099999999999 0.00000000099999999999 
0.91282206995935211147 0.08717792804064794510 0.00000000099999999999 0.00000000099999999999 
0.89675747666173100114 0.10324252133826911093 0.00000000099999999999 0.00000000099999999999 
0.94397143146295281468 0.05600997816370412857 0.00000000099999999999 0.00001858937334303119 
0.91193786939086551868 0.08806212860913457952 0.00000000099999999997 0.00000000099999999997 
0.96979968160352403306 0.03020031639647612759 0.00000000099999999998 0.00000000099999999998 
0.87117296656945952815 0.12882703143054047290 0.00000000099999999998 0.00000000099999999998 
0.93147989592823032812 0.06852010207176978396 0.00000000099999999998 0.00000000099999999998 
0.91454485548189923261 0.06200581031796022907 0.00000000099999999999 0.02344933320014051109 
0.99409719989463407597 0.00590279810536588866 0.00000000099999999998 0.00000000099999999998 
0.95765353538428854563 0.00000000099999999998 0.00000000099999999998 0.04234646261571151094 
0.93196450592583102157 0.05200000476447263348 0.00000000099999999999 0.01603548830969638711 
0.99999999699999997382 0.00000000099999999997 0.00000000099999999997 0.00000000099999999997 
0.99999999700000008485 0.00000000099999999998 0.00000000099999999998 0.00000000099999999998 
0.99999965677883873028 0.00000000099999999998 0.00000000099999999998 0.00000034122116133691 
0.99999999700000008485 0.00000000099999999998 0.00000000099999999998 0.00000000099999999998 
0.99999999700000008485 0.00000000099999999998 0.00000000099999999998 0.00000000099999999998 
0.99999999699999997382 0.00000000099999999998 0.00000000099999999998 0.00000000099999999998 
0.94933575068441922173 0.00000000099999999998 0.00000000099999999998 0.05066424731558083483 
0.97277165987640856759 0.00000000099999999999 0.00000000099999999999 0.02722833812359141611 
0.99999999699999997382 0.00000000099999999997 0.00000000099999999997 0.00000000099999999997 
0.98063529305430996441 0.00000000099999999999 0.00000000099999999999 0.01936470494569008868 
0.99972654193179266713 0.00027345606820728714 0.00000000099999999999 0.00000000099999999999 
0.99999999700000008485 0.00000000099999999998 0.00000000099999999998 0.00000000099999999998 
0.99999999700000008485 0.00000000099999999998 0.00000000099999999998 0.00000000099999999998 
0.99999999554354501718 0.00000000245645493273 0.00000000099999999999 0.00000000099999999999 
0.99999999699999997382 0.00000000099999999997 0.00000000099999999997 0.00000000099999999997 
0.99999999700000008485 0.00000000099999999997 0.00000000099999999997 0.00000000099999999997 
0.99999999700000008485 0.00000000099999999997 0.00000000099999999997 0.00000000099999999997 
0.99999999700000008485 0.00000000099999999997 0.00000000099999999997 0.00000000099999999997 
0.99999999699999997382 0.00000000099999999996 0.00000000099999999996 0.00000000099999999996 
0.99999999700000008485 0.00000000099999999997 0.00000000099999999997 0.00000000099999999997 
0.99999999699999997382 0.00000000099999999996 0.00000000099999999996 0.00000000099999999996 
0.99999999700000008485 0.00000000099999999997 0.00000000099999999997 0.00000000099999999997 
0.99999999699999997382 0.00000000099999999997 0.00000000099999999997 0.00000000099999999997 
0.99999999699999997382 0.00000000099999999996 0.00000000099999999996 0.00000000099999999996 
0.99999999699999997382 0.00000000099999999997 0.00000000099999999997 0.00000000099999999997 
0.99999999700000008485 0.00000000099999999996 0.00000000099999999996 0.00000000099999999996 
0.99999999699999997382 0.00000000099999999998 0.00000000099999999998 0.00000000099999999998 
0.99999999699999997382 0.00000000099999999996 0.00000000099999999996 0.00000000099999999996 
0.92283340226589938293 0.07716659573410059036 0.00000000099999999999 0.00000000099999999999 
0.99999999629541291846 0.00000000099999999999 0.00000000099999999999 0.00000000170458706094 
0.97915873183025470272 0.02084126616974520466 0.00000000099999999999 0.00000000099999999999 
0.95153733610942514698 0.00450373880869486560 0.00000000099999999999 0.04395892408188007555 
0.93973316627783132216 0.06026683172216876216 0.00000000099999999999 0.00000000099999999999 
0.96601485739198478253 0.02444861513605671097 0.00000000099999999999 0.00953652647195858683 
0.97019826328733449472 0.00000000100000000000 0.00674243327957604974 0.02305930243308946040 
0.92418697468521926464 0.07100929159601918061 0.00000000099999999999 0.00480373271876143905 
0.99974222989118277649 0.00025775320206031569 0.00000000099999999999 0.00000001590675693444 
0.94694866472178274019 0.05305133327821715677 0.00000000099999999999 0.00000000099999999999 
0.13558760833435518078 0.03342933196949922359 0.01814346183309608479 0.81283959786304949002 
0.17582822729045505250 0.02637024714938311296 0.02152912741128449117 0.77627239814887727398 
0.23050578154109496731 0.00006628542888462871 0.00000000703933621016 0.76942792599068410286 
0.15954324719664983445 0.02090034337801090561 0.00000000099999999999 0.81955640842533927781 
0.21108364599110560067 0.02292455591417498495 0.02460511814743017098 0.74138667994728923993 
0.15462931309790739487 0.04187080057977931452 0.01947195722583115393 0.78402792909648222341 
0.09527918215006138392 0.00000000100000000000 0.04017681766679474797 0.86454399918314384088 
0.13249969864718774692 0.00014192553844216978 0.02488683783825212936 0.84247153797611795678 
0.26501785136678657206 0.00774931662095371381 0.00000002333779197360 0.72723280867446771225 
0.21159650309235936150 0.04779927703205530398 0.00000000100000000000 0.74060421887558536280 
0.01613858590223062398 0.00000000099999999998 0.00000000099999999998 0.98386141209776933891 
0.96683213268517043115 0.00000000099999999999 0.00000000099999999999 0.03316786531482963929 
0.99999999700000008485 0.00000000099999999998 0.00000000099999999998 0.00000000099999999998 
0.99999999699999997382 0.00000000099999999999 0.00000000099999999999 0.00000000099999999999 
0.95288382404039106977 0.00000000099999999998 0.00000000099999999998 0.04711617395960895210 
0.99551395399508746387 0.00000000099999999998 0.00000000099999999998 0.00448604400491266642 
0.99999740764458833198 0.00000000099999999999 0.00000000099999999999 0.00000259035541165088 
0.99999999699999997382 0.00000000099999999999 0.00000000099999999999 0.00000000099999999999 
0.99999999700000008485 0.00000000099999999999 0.00000000099999999999 0.00000000099999999999 
0.99999999700000008485 0.00000000099999999998 0.00000000099999999998 0.00000000099999999998 
0.98655597488629220848 0.00000000099999999999 0.00000000099999999999 0.01344402311370787757 
0.98916014145371289334 0.00000000099999999999 0.00000000099999999999 0.01083985654628708169 
0.99119775553558053804 0.00000000099999999998 0.00000000099999999998 0.00880224246441955842 
0.96606324117897224291 0.00000000099999999999 0.00000000099999999999 0.03393675682102788305 
0.94704525059611488480 0.00000000099999999999 0.00000000099999999999 0.05295474740388526197 
0.99999961580871277178 0.00000000099999999998 0.00000000099999999998 0.00000038219128729415 
0.97485653097775215592 0.00000000099999999998 0.00000000099999999998 0.02514346702224776534 
0.99999999700000008485 0.00000000099999999998 0.00000000099999999998 0.00000000099999999998 
0.98246219151200309128 0.00000000099999999998 0.00000000099999999998 0.01753780648799711794 
0.97607506758309126038 0.00000000099999999999 0.00000000099999999999 0.02392493041690870251 
0.99999999699999997382 0.00000000099999999998 0.00000000099999999998 0.00000000099999999998 
0.00001934477223611623 0.28319676720070963150 0.08659813415804554215 0.63018575386900865798 
0.01591749594486184180 0.24455360451822313883 0.10528114755106569855 0.63424775198584937286 
0.00004891712537490877 0.29263395407253728342 0.09344055657622256372 0.61387657222586522465 
0.03339850133135760513 0.32000949278832402367 0.10839765368235389220 0.53819435219796463166 
0.02599611808731210755 0.33819701535572754825 0.09040456832617990712 0.54540229823078045790 
0.06126615689129111947 0.29353751381182757729 0.10815592554195760377 0.53704040375492378967 
0.00001842718429932771 0.35452145532793521987 0.07431757325236494627 0.57114254423540056216 
0.01939528981562061924 0.37388073850497371975 0.09974934116730561906 0.50697463051210001073 
0.00561728564090010433 0.35147551437225271753 0.07791568081037079929 0.56499151917647649768 
0.02425607756422919897 0.37361811782882370370 0.09108212649076988243 0.51104367811617712469 
0.00000001813716374601 0.34696948597261212388 0.08085727417204582879 0.57217322171817830423 
0.05777265688810973021 0.30459384435339015296 0.10519589418152765214 0.53243760457697242305 
0.03530224256283780865 0.36104824744956320881 0.07809314311902680605 0.52555636686857221118 
0.00000005272651863823 0.32835422124758911755 0.07427369518156959338 0.59737203084432266564 
0.07947851035081190951 0.20328143554329305975 0.09202405140252074844 0.62521600270337418515 
0.00000000099999999994 0.99999999700000008485 0.00000000099999999994 0.00000000099999999994 
0.02202610302679320828 0.27500848534137584123 0.11442146275626527419 0.58854394887556571447 
0.00000000100000000000 0.31613670454117015485 0.07257126247393506924 0.61129203198489479032 
0.35717381006076703853 0.31385598967482425392 0.00000000099999999999 0.32897019926440862481 
0.17426271250508323929 0.51246873771562639899 0.00000000099999999998 0.31326854877929039001 
0.16815940659828240711 0.51371401015957740555 0.00000000099999999998 0.31812658224214024338 
0.15698373900680004378 0.52858229935637379704 0.00000000099999999998 0.31443396063682604868 
0.14316918368424341734 0.57429426919375470284 0.00000000099999999998 0.28253654612200196361 
0.40904443417079383583 0.28331103143096536545 0.00000000099999999999 0.30764453339824082700 
0.33068385776169956225 0.27741697399815312686 0.00000000100000000000 0.39189916724014728366 
0.31354500585389311063 0.35124134226534631242 0.00000000099999999999 0.33521365088076077177 
0.33761755574769997112 0.31296672917369267042 0.00000000099999999999 0.34941571407860738674 
0.37377000459453180170 0.29599516307023915340 0.00000000099999999999 0.33023483133522896216 
0.15706351472640564526 0.53903288664118331752 0.00000000099999999998 0.30390359763241098223 
0.38350885297651549077 0.27937304291471715123 0.00000000099999999999 0.33711810310876733077 
0.29239599162178764313 0.31507519623388940966 0.00000000099999999999 0.39252881114432308651 
0.15761289534176278759 0.56685174252021652830 0.00000000099999999998 0.27553536113802074015 
0.32516159573186936838 0.35131062559046810634 0.00000000099999999999 0.32352777767766255357 
0.42832703459058146800 0.27381263380798920304 0.00000000100000000000 0.29786033060142946827 
0.39273306610657332527 0.31446771401857409600 0.00000000099999999999 0.29279921887485249599 
0.35220900518228065446 0.33353777319449001704 0.00000000099999999999 0.31425322062322946781 
0.00000000099999999997 0.08444221161652201713 0.00000000099999999997 0.91555778638347795617 
0.00000000099999999997 0.11662152968709212086 0.00000000099999999997 0.88337846831290778304 
0.00000000099999999997 0.09192671733834560654 0.00000000099999999997 0.90807328066165426961 
0.00000000099999999997 0.09659788677956035463 0.00000000099999999997 0.90340211122043967418 
0.00000000099999999997 0.12491979929576779718 0.00000000099999999997 0.87508019870423214837 
0.00000000099999999998 0.11310743344440729596 0.00000000099999999998 0.88689256455559262182 
0.98720199142885778354 0.01279800657114227823 0.00000000099999999998 0.00000000099999999998 
0.99999999700000008485 0.00000000099999999997 0.00000000099999999997 0.00000000099999999997 
0.99999999699999997382 0.00000000099999999998 0.00000000099999999998 0.00000000099999999998 
0.99999999699999997382 0.00000000099999999998 0.00000000099999999998 0.00000000099999999998 
0.98443568038916340335 0.01556431761083661158 0.00000000099999999998 0.00000000099999999998 
0.99999999699999997382 0.00000000099999999998 0.00000000099999999998 0.00000000099999999998 
0.99998112206698808180 0.00001887593301184179 0.00000000099999999998 0.00000000099999999998 
0.98456593947858561666 0.01543405852141441735 0.00000000100000000000 0.00000000100000000000 
0.97439631303750362523 0.02560368496249634460 0.00000000099999999998 0.00000000099999999998 
0.00000000099999999997 0.00000000099999999997 0.00000000099999999997 0.99999999700000008485 
0.00000000099999999997 0.00000000099999999997 0.00000000099999999997 0.99999999699999997382 
0.00000000099999999996 0.00000000099999999996 0.00000000099999999996 0.99999999699999997382 
0.07068146055078601553 0.00000000099999999998 0.00000000099999999998 0.92931853744921399940 
0.02614422314600356456 0.00000000099999999998 0.00000000099999999998 0.97385577485399654751 
0.00411185504712775242 0.00000000099999999998 0.00000000099999999998 0.99588814295287231282 
0.01316685506882812016 0.00000000099999999998 0.00000000099999999998 0.98683314293117196936 
0.00000000099999999997 0.00000000099999999997 0.00000000099999999997 0.99999999699999997382 
0.00000000099999999997 0.00000000099999999997 0.00000000099999999997 0.99999999699999997382 
0.00002089898078734690 0.00000000099999999997 0.00000000099999999997 0.99997909901921266940 
0.00000000099999999998 0.06186653875091997767 0.93813345924907998175 0.00000000099999999998 
0.00000000099999999997 0.00000000099999999997 0.99999999699999997382 0.00000000099999999997 
0.00000000099999999996 0.00000000099999999996 0.99999999699999986280 0.00000000099999999996 
0.00000000099999999998 0.00000000099999999998 0.99999999699999986280 0.00000000099999999998 
0.00000000099999999996 0.00000000099999999996 0.99999999699999986280 0.00000000099999999996 
0.00000000099999999998 0.00000000285006906186 0.99999999514993098693 0.00000000099999999998 
0.00000000099999999998 0.00000000099999999998 0.99999999699999986280 0.00000000099999999998 
0.00000000099999999995 0.00000000099999999995 0.99999999699999986280 0.00000000099999999995 
0.00000000099999999998 0.00000000099999999998 0.99999999699999997382 0.00000000099999999998 
0.00000000099999999995 0.00000000099999999995 0.99999999699999986280 0.00000000099999999995 
0.27887825206217292662 0.02633408731262579239 0.00000000099999999999 0.69478765962520117050 
0.34622017016117684340 0.00000466263449969637 0.00000000099999999999 0.65377516620432352124 
0.29752004094129930190 0.00000000099999999999 0.00000000099999999999 0.70247995705870058814 
0.31187422711681306309 0.00000000099999999999 0.00000000099999999999 0.68812577088318693797 
0.30241444433642233891 0.00000013572340532800 0.00000000099999999999 0.69758541894017223051 
0.23574896744026740958 0.01264038018156602924 0.00000000099999999999 0.75161065137816662762 
0.24621030274918057068 0.00000000099999999999 0.00000000099999999999 0.75378969525081940262 
0.26570114802799843501 0.00000000099999999999 0.00000000099999999999 0.73429884997200167707 
0.25571124977563353120 0.00000000099999999999 0.00000000099999999999 0.74428874822436652536 
