0.00000000099999999992 0.00000000099999999992 0.00000000099999999992 0.00000000099999999992 0.00000000099999999992 0.00000000099999999992 0.00000000099999999992 0.99999998300000025875 0.00000000099999999992 0.00000000099999999992 0.00000000099999999992 0.00000000099999999992 0.00000000099999999992 0.00000000099999999992 0.00000000099999999992 0.00000000099999999992 0.00000000099999999992 0.00000000099999999992 
0.00000000099999999984 0.00000000099999999984 0.00000000099999999984 0.00000000099999999984 0.00000000099999999984 0.00000000099999999984 0.00000000099999999984 0.99999998300000025875 0.00000000099999999984 0.00000000099999999984 0.00000000099999999984 0.00000000099999999984 0.00000000099999999984 0.00000000099999999984 0.00000000099999999984 0.00000000099999999984 0.00000000099999999984 0.00000000099999999984 
0.00000000099999999990 0.00000000099999999990 0.00000000099999999990 0.00000000099999999990 0.00000000099999999990 0.00000000099999999990 0.00000000099999999990 0.99999998300000025875 0.00000000099999999990 0.00000000099999999990 0.00000000099999999990 0.00000000099999999990 0.00000000099999999990 0.00000000099999999990 0.00000000099999999990 0.00000000099999999990 0.00000000099999999990 0.00000000099999999990 
0.00000000099999999983 0.00000000099999999983 0.00000000099999999983 0.00000000099999999983 0.00000000099999999983 0.00000000099999999983 0.00000000099999999983 0.99999998300000025875 0.00000000099999999983 0.00000000099999999983 0.00000000099999999983 0.00000000099999999983 0.00000000099999999983 0.00000000099999999983 0.00000000099999999983 0.00000000099999999983 0.00000000099999999983 0.00000000099999999983 
0.00000000099999999989 0.00000000099999999989 0.00000000099999999989 0.00000000099999999989 0.00000000099999999989 0.00000000099999999989 0.00000000099999999989 0.99999998300000014773 0.00000000099999999989 0.00000000099999999989 0.00000000099999999989 0.00000000099999999989 0.00000000099999999989 0.00000000099999999989 0.00000000099999999989 0.00000000099999999989 0.00000000099999999989 0.00000000099999999989 
0.00000000099999999996 0.00000000099999999996 0.00000000099999999996 0.00000000099999999996 0.00000000099999999996 0.00000000099999999996 0.00000000099999999996 0.92166588058680543050 0.00000000099999999996 0.00000000099999999996 0.00000000099999999996 0.07833410341319484160 0.00000000099999999996 0.00000000099999999996 0.00000000099999999996 0.00000000099999999996 0.00000000099999999996 0.00000000099999999996 
0.00000000099999999992 0.00000000099999999992 0.00000000099999999992 0.00000000099999999992 0.00000000099999999992 0.00000000099999999992 0.00000000099999999992 0.99999998300000025875 0.00000000099999999992 0.00000000099999999992 0.00000000099999999992 0.00000000099999999992 0.00000000099999999992 0.00000000099999999992 0.00000000099999999992 0.00000000099999999992 0.00000000099999999992 0.00000000099999999992 
0.00000000099999999995 0.00000000099999999995 0.00000000099999999995 0.00000000099999999995 0.00000000099999999995 0.00000000099999999995 0.00000000099999999995 0.87620864144983912070 0.02068083415632204075 0.01839788915200508621 0.00000000099999999995 0.00000000099999999995 0.05998728537272649680 0.02472533686910734219 0.00000000099999999995 0.00000000099999999995 0.00000000099999999995 0.00000000099999999995 
0.00000000099999999991 0.00000000099999999991 0.00000000099999999991 0.00000000099999999991 0.00000000099999999991 0.00000000099999999991 0.00000000099999999991 0.99999998300000014773 0.00000000099999999991 0.00000000099999999991 0.00000000099999999991 0.00000000099999999991 0.00000000099999999991 0.00000000099999999991 0.00000000099999999991 0.00000000099999999991 0.00000000099999999991 0.00000000099999999991 
0.00000000099999999994 0.00000000099999999994 0.00000000099999999994 0.00000000099999999994 0.00000000099999999994 0.00000000099999999994 0.00000000099999999994 0.92216330259760126431 0.00000000099999999994 0.00172631148770236971 0.00000000099999999994 0.00000000099999999994 0.04147537905264373631 0.03463499286205273808 0.00000000099999999994 0.00000000099999999994 0.00000000099999999994 0.00000000099999999994 
0.00000000099999999985 0.00000000099999999985 0.00000000099999999985 0.00000000099999999985 0.00000000099999999985 0.00000000099999999985 0.00000000099999999985 0.99999998300000025875 0.00000000099999999985 0.00000000099999999985 0.00000000099999999985 0.00000000099999999985 0.00000000099999999985 0.00000000099999999985 0.00000000099999999985 0.00000000099999999985 0.00000000099999999985 0.00000000099999999985 
0.00000000099999999988 0.00000000099999999988 0.00000000099999999988 0.00000000099999999988 0.00000000099999999988 0.00000000099999999988 0.00000000099999999988 0.99999998300000014773 0.00000000099999999988 0.00000000099999999988 0.00000000099999999988 0.00000000099999999988 0.00000000099999999988 0.00000000099999999988 0.00000000099999999988 0.00000000099999999988 0.00000000099999999988 0.00000000099999999988 
0.00000000099999999994 0.00000000099999999994 0.00000000099999999994 0.00000000099999999994 0.00000000099999999994 0.00000000099999999994 0.00000000099999999994 0.98623835018201011504 0.00000000099999999994 0.00485140884331918595 0.00000000099999999994 0.00000000099999999994 0.00000000099999999994 0.00000000099999999994 0.00000000099999999994 0.00000000099999999994 0.00891022597467077022 0.00000000099999999994 
0.00000000099999999968 0.00000000099999999968 0.00000000099999999968 0.00000000099999999968 0.00000000099999999968 0.00000000099999999968 0.00000000099999999968 0.00000000099999999968 0.00000000099999999968 0.00000000099999999968 0.99999998300000003670 0.00000000099999999968 0.00000000099999999968 0.00000000099999999968 0.00000000099999999968 0.00000000099999999968 0.00000000099999999968 0.00000000099999999968 
0.00000000099999999980 0.00000000099999999980 0.00000000099999999980 0.00000000099999999980 0.00000000099999999980 0.00000000099999999980 0.00000000099999999980 0.00000000099999999980 0.00000000099999999980 0.00000000099999999980 0.99999998300000003670 0.00000000099999999980 0.00000000099999999980 0.00000000099999999980 0.00000000099999999980 0.00000000099999999980 0.00000000099999999980 0.00000000099999999980 
0.00000000099999999981 0.00000000099999999981 0.00000000099999999981 0.00000000099999999981 0.00000000099999999981 0.00000000099999999981 0.00000000099999999981 0.00000000099999999981 0.00000000099999999981 0.00000000099999999981 0.99999998300000003670 0.00000000099999999981 0.00000000099999999981 0.00000000099999999981 0.00000000099999999981 0.00000000099999999981 0.00000000099999999981 0.00000000099999999981 
0.00000000099999999984 0.00000000099999999984 0.00000000099999999984 0.00000000099999999984 0.00000000099999999984 0.00000000099999999984 0.00000000099999999984 0.00000000099999999984 0.00000000099999999984 0.00000000099999999984 0.99999998300000014773 0.00000000099999999984 0.00000000099999999984 0.00000000099999999984 0.00000000099999999984 0.00000000099999999984 0.00000000099999999984 0.00000000099999999984 
0.00000000099999999982 0.00000000099999999982 0.00000000099999999982 0.00000000099999999982 0.00000000099999999982 0.00000000099999999982 0.00000000099999999982 0.00000000099999999982 0.00000000099999999982 0.00000000099999999982 0.99999998300000014773 0.00000000099999999982 0.00000000099999999982 0.00000000099999999982 0.00000000099999999982 0.00000000099999999982 0.00000000099999999982 0.00000000099999999982 
0.00000000099999999979 0.00000000099999999979 0.00000000099999999979 0.00000000099999999979 0.00000000099999999979 0.00000000099999999979 0.00000000099999999979 0.00000000099999999979 0.00000000099999999979 0.00000000099999999979 0.99999998300000014773 0.00000000099999999979 0.00000000099999999979 0.00000000099999999979 0.00000000099999999979 0.00000000099999999979 0.00000000099999999979 0.00000000099999999979 
0.00000000099999999974 0.00000000099999999974 0.00000000099999999974 0.00000000099999999974 0.00000000099999999974 0.00000000099999999974 0.00000000099999999974 0.00000000099999999974 0.00000000099999999974 0.00000000099999999974 0.99999998300000003670 0.00000000099999999974 0.00000000099999999974 0.00000000099999999974 0.00000000099999999974 0.00000000099999999974 0.00000000099999999974 0.00000000099999999974 
0.00000000099999999991 0.00000000099999999991 0.00000000099999999991 0.00000000099999999991 0.00000000099999999991 0.00000000099999999991 0.00000000099999999991 0.00000000099999999991 0.00000000099999999991 0.00000000099999999991 0.99999951060587899399 0.00000000099999999991 0.00000000099999999991 0.00000000099999999991 0.00000000099999999991 0.00000047339412111656 0.00000000099999999991 0.00000000099999999991 
0.00000000099999999982 0.00000000099999999982 0.00000000099999999982 0.00000000099999999982 0.00000000099999999982 0.00000000099999999982 0.00000000099999999982 0.00000000099999999982 0.00000000099999999982 0.00000000099999999982 0.99999998300000003670 0.00000000099999999982 0.00000000099999999982 0.00000000099999999982 0.00000000099999999982 0.00000000099999999982 0.00000000099999999982 0.00000000099999999982 
0.00000000099999999971 0.00000000099999999971 0.00000000099999999971 0.00000000099999999971 0.00000000099999999971 0.00000000099999999971 0.00000000099999999971 0.00000000099999999971 0.00000000099999999971 0.00000000099999999971 0.99999998300000014773 0.00000000099999999971 0.00000000099999999971 0.00000000099999999971 0.00000000099999999971 0.00000000099999999971 0.00000000099999999971 0.00000000099999999971 
0.07146754365135335463 0.01130868222043281482 0.00000000099999999994 0.00000000099999999994 0.12120700319957561364 0.00000000099999999994 0.00000000099999999994 0.00000000099999999994 0.00000000099999999994 0.00000000099999999994 0.77790816725904776696 0.00000000099999999994 0.00000000099999999994 0.01810859066959051925 0.00000000099999999994 0.00000000099999999994 0.00000000099999999994 0.00000000099999999994 
0.00641882234227362375 0.00000000099999999987 0.00000000099999999987 0.00000000099999999987 0.00000000099999999987 0.00000000099999999987 0.00000000099999999987 0.00000000099999999987 0.00000000099999999987 0.00000000099999999987 0.99358116165772647488 0.00000000099999999987 0.00000000099999999987 0.00000000099999999987 0.00000000099999999987 0.00000000099999999987 0.00000000099999999987 0.00000000099999999987 
0.00000000099999999982 0.00000000099999999982 0.00000000099999999982 0.00000000099999999982 0.00000000099999999982 0.00000000099999999982 0.00000000099999999982 0.00000000099999999982 0.00000000099999999982 0.00000000099999999982 0.99999998300000014773 0.00000000099999999982 0.00000000099999999982 0.00000000099999999982 0.00000000099999999982 0.00000000099999999982 0.00000000099999999982 0.00000000099999999982 
0.07735174076782455610 0.00000000099999999995 0.00000000099999999995 0.00000000099999999995 0.00000000099999999995 0.06325858385246309334 0.00000000099999999995 0.00000000099999999995 0.00000000099999999995 0.01908207281101729005 0.84030758856869525175 0.00000000099999999995 0.00000000099999999995 0.00000000099999999995 0.00000000099999999995 0.00000000099999999995 0.00000000099999999995 0.00000000099999999995 
0.00000000099999999983 0.00000000099999999983 0.00000000099999999983 0.00000000099999999983 0.00000000099999999983 0.00000000099999999983 0.00000000099999999983 0.00000000099999999983 0.00000000099999999983 0.00000000099999999983 0.99999998300000003670 0.00000000099999999983 0.00000000099999999983 0.00000000099999999983 0.00000000099999999983 0.00000000099999999983 0.00000000099999999983 0.00000000099999999983 
0.00000000099999999980 0.00000000099999999980 0.00000000099999999980 0.00000000099999999980 0.00000000099999999980 0.00000000099999999980 0.00000000099999999980 0.00000000099999999980 0.00000000099999999980 0.00000000099999999980 0.99999998300000014773 0.00000000099999999980 0.00000000099999999980 0.00000000099999999980 0.00000000099999999980 0.00000000099999999980 0.00000000099999999980 0.00000000099999999980 
0.03231334728451799865 0.00000000099999999993 0.00000000099999999993 0.00000000099999999993 0.00000000099999999993 0.02286561910252372584 0.94482101861295864076 0.00000000099999999993 0.00000000099999999993 0.00000000099999999993 0.00000000099999999993 0.00000000099999999993 0.00000000099999999993 0.00000000099999999993 0.00000000099999999993 0.00000000099999999993 0.00000000099999999993 0.00000000099999999993 
0.00000000099999999972 0.00000000099999999972 0.00000000099999999972 0.00000000099999999972 0.00000000099999999972 0.00000000099999999972 0.99999998300000014773 0.00000000099999999972 0.00000000099999999972 0.00000000099999999972 0.00000000099999999972 0.00000000099999999972 0.00000000099999999972 0.00000000099999999972 0.00000000099999999972 0.00000000099999999972 0.00000000099999999972 0.00000000099999999972 
0.00000000099999999990 0.00000000099999999990 0.00000000099999999990 0.00000000099999999990 0.00000000099999999990 0.00000000099999999990 0.97721731140726086906 0.00000000099999999990 0.00000000099999999990 0.00000000099999999990 0.00000000099999999990 0.00000000099999999990 0.00000000099999999990 0.00000000099999999990 0.00000000099999999990 0.00000000099999999990 0.00000000099999999990 0.02278267259273947243 
0.06987960428776238131 0.00000000099999999994 0.00000000099999999994 0.00000000099999999994 0.00000000099999999994 0.00000000099999999994 0.93012000328201616117 0.00000000099999999994 0.00000000099999999994 0.00000000099999999994 0.00000000099999999994 0.00000000099999999994 0.00000000099999999994 0.00000037743022165943 0.00000000099999999994 0.00000000099999999994 0.00000000099999999994 0.00000000099999999994 
0.00000000099999999990 0.00000000099999999990 0.00000000099999999990 0.00000000099999999990 0.00000000099999999990 0.00000000099999999990 0.97103318313926156868 0.00000000099999999990 0.00000000099999999990 0.00000000099999999990 0.00000000099999999990 0.00000000099999999990 0.00000000099999999990 0.02896680086073845709 0.00000000099999999990 0.00000000099999999990 0.00000000099999999990 0.00000000099999999990 
0.00000000099999999992 0.00000000099999999992 0.00000000099999999992 0.00000000099999999992 0.00000000099999999992 0.00000000099999999992 0.99999998300000014773 0.00000000099999999992 0.00000000099999999992 0.00000000099999999992 0.00000000099999999992 0.00000000099999999992 0.00000000099999999992 0.00000000099999999992 0.00000000099999999992 0.00000000099999999992 0.00000000099999999992 0.00000000099999999992 
0.00000000099999999973 0.00000000099999999973 0.00000000099999999973 0.00000000099999999973 0.00000000099999999973 0.00000000099999999973 0.99999998300000014773 0.00000000099999999973 0.00000000099999999973 0.00000000099999999973 0.00000000099999999973 0.00000000099999999973 0.00000000099999999973 0.00000000099999999973 0.00000000099999999973 0.00000000099999999973 0.00000000099999999973 0.00000000099999999973 
0.00000000099999999994 0.00000000099999999994 0.00000000099999999994 0.00000000099999999994 0.00000000099999999994 0.11461895686886912349 0.88538102713113120412 0.00000000099999999994 0.00000000099999999994 0.00000000099999999994 0.00000000099999999994 0.00000000099999999994 0.00000000099999999994 0.00000000099999999994 0.00000000099999999994 0.00000000099999999994 0.00000000099999999994 0.00000000099999999994 
0.25035770951568919740 0.00000000099999999993 0.00000000099999999993 0.00000000099999999993 0.04199131098293194808 0.04256279485588362888 0.59138301399895665256 0.00000000099999999993 0.00000000099999999993 0.00000000099999999993 0.00000000099999999993 0.00000000099999999993 0.00000000099999999993 0.00000000099999999993 0.00000000099999999993 0.00000000099999999993 0.00000000099999999993 0.07370515764653877422 
0.00000000099999999993 0.00000000099999999993 0.00000000099999999993 0.00000000099999999993 0.00000000099999999993 0.00000000256189050883 0.99999998143810964191 0.00000000099999999993 0.00000000099999999993 0.00000000099999999993 0.00000000099999999993 0.00000000099999999993 0.00000000099999999993 0.00000000099999999993 0.00000000099999999993 0.00000000099999999993 0.00000000099999999993 0.00000000099999999993 
0.96504060133271907240 0.00000000099999999978 0.00000000099999999978 0.00000000099999999978 0.00000000099999999978 0.03495938266728137317 0.00000000099999999978 0.00000000099999999978 0.00000000099999999978 0.00000000099999999978 0.00000000099999999978 0.00000000099999999978 0.00000000099999999978 0.00000000099999999978 0.00000000099999999978 0.00000000099999999978 0.00000000099999999978 0.00000000099999999978 
0.01930008320088871451 0.00000000099999999996 0.00000000099999999996 0.00000000099999999996 0.06401799612974756748 0.07172272846719823791 0.78656941382493161807 0.00000000099999999996 0.00000000099999999996 0.00000000099999999996 0.00000000099999999996 0.01517814258928480882 0.00000000099999999996 0.00855703873128458962 0.00000000099999999996 0.00000000099999999996 0.00000000099999999996 0.03465458605666476427 
0.00000000099999999987 0.00000000099999999987 0.00000000099999999987 0.00000000099999999987 0.00000000099999999987 0.00000000099999999987 0.99999998300000025875 0.00000000099999999987 0.00000000099999999987 0.00000000099999999987 0.00000000099999999987 0.00000000099999999987 0.00000000099999999987 0.00000000099999999987 0.00000000099999999987 0.00000000099999999987 0.00000000099999999987 0.00000000099999999987 
0.00000000099999999991 0.00000000099999999991 0.00000000099999999991 0.00000000099999999991 0.00000000099999999991 0.00000000099999999991 0.99861890857718393910 0.00000000099999999991 0.00000000099999999991 0.00138107542281625906 0.00000000099999999991 0.00000000099999999991 0.00000000099999999991 0.00000000099999999991 0.00000000099999999991 0.00000000099999999991 0.00000000099999999991 0.00000000099999999991 
0.00000000099999999992 0.00000000099999999992 0.00000000099999999992 0.00000000099999999992 0.00000000099999999992 0.00000000099999999992 0.99999998300000025875 0.00000000099999999992 0.00000000099999999992 0.00000000099999999992 0.00000000099999999992 0.00000000099999999992 0.00000000099999999992 0.00000000099999999992 0.00000000099999999992 0.00000000099999999992 0.00000000099999999992 0.00000000099999999992 
0.00000000099999999991 0.00000000099999999991 0.00000000099999999991 0.00000000099999999991 0.00000000099999999991 0.00000000099999999991 0.99999998300000014773 0.00000000099999999991 0.00000000099999999991 0.00000000099999999991 0.00000000099999999991 0.00000000099999999991 0.00000000099999999991 0.00000000099999999991 0.00000000099999999991 0.00000000099999999991 0.00000000099999999991 0.00000000099999999991 
0.02425900148876253271 0.00000000099999999992 0.00000000099999999992 0.00000000099999999992 0.00000000099999999992 0.02196916752467944003 0.95352921432620163511 0.00000000099999999992 0.00000000099999999992 0.00000000099999999992 0.00000000099999999992 0.00000000099999999992 0.00000000099999999992 0.00024260266035669949 0.00000000099999999992 0.00000000099999999992 0.00000000099999999992 0.00000000099999999992 
0.68635197801215996893 0.00000000099999999996 0.00000000099999999996 0.00451032668183765605 0.05493520312243115739 0.11139873077359124798 0.00000000099999999996 0.01701363535260456278 0.08710479523202260821 0.00000000099999999996 0.00000000099999999996 0.01165965933625101245 0.00000000099999999996 0.00000000099999999996 0.00000000099999999996 0.00000000099999999996 0.00047376444673515402 0.02655189804236699272 
0.00000000099999999992 0.00000000099999999992 0.91323546909370278968 0.00000000099999999992 0.00000000099999999992 0.00000000099999999992 0.00000000099999999992 0.00000000099999999992 0.00000000099999999992 0.00000000099999999992 0.00000000099999999992 0.00000000099999999992 0.00000000099999999992 0.08676451490629748242 0.00000000099999999992 0.00000000099999999992 0.00000000099999999992 0.00000000099999999992 
0.00000000099999999960 0.00000000099999999960 0.99999998300000025875 0.00000000099999999960 0.00000000099999999960 0.00000000099999999960 0.00000000099999999960 0.00000000099999999960 0.00000000099999999960 0.00000000099999999960 0.00000000099999999960 0.00000000099999999960 0.00000000099999999960 0.00000000099999999960 0.00000000099999999960 0.00000000099999999960 0.00000000099999999960 0.00000000099999999960 
0.00000000099999999947 0.00000000099999999947 0.99999998300000036977 0.00000000099999999947 0.00000000099999999947 0.00000000099999999947 0.00000000099999999947 0.00000000099999999947 0.00000000099999999947 0.00000000099999999947 0.00000000099999999947 0.00000000099999999947 0.00000000099999999947 0.00000000099999999947 0.00000000099999999947 0.00000000099999999947 0.00000000099999999947 0.00000000099999999947 
0.00000000099999999965 0.00000000099999999965 0.99999998300000036977 0.00000000099999999965 0.00000000099999999965 0.00000000099999999965 0.00000000099999999965 0.00000000099999999965 0.00000000099999999965 0.00000000099999999965 0.00000000099999999965 0.00000000099999999965 0.00000000099999999965 0.00000000099999999965 0.00000000099999999965 0.00000000099999999965 0.00000000099999999965 0.00000000099999999965 
0.00000000099999999973 0.00000000099999999973 0.99999998300000036977 0.00000000099999999973 0.00000000099999999973 0.00000000099999999973 0.00000000099999999973 0.00000000099999999973 0.00000000099999999973 0.00000000099999999973 0.00000000099999999973 0.00000000099999999973 0.00000000099999999973 0.00000000099999999973 0.00000000099999999973 0.00000000099999999973 0.00000000099999999973 0.00000000099999999973 
0.00000000099999999973 0.00000000099999999973 0.99999998300000036977 0.00000000099999999973 0.00000000099999999973 0.00000000099999999973 0.00000000099999999973 0.00000000099999999973 0.00000000099999999973 0.00000000099999999973 0.00000000099999999973 0.00000000099999999973 0.00000000099999999973 0.00000000099999999973 0.00000000099999999973 0.00000000099999999973 0.00000000099999999973 0.00000000099999999973 
0.00000000099999999986 0.00000000099999999986 0.98819160192330046666 0.00000000099999999986 0.00000000099999999986 0.00000000099999999986 0.00000000099999999986 0.00000000099999999986 0.00000000099999999986 0.00000000099999999986 0.00000000099999999986 0.00000000099999999986 0.00000000099999999986 0.01180838207669993208 0.00000000099999999986 0.00000000099999999986 0.00000000099999999986 0.00000000099999999986 
0.00000000099999999990 0.00000000099999999990 0.92703046882093398384 0.00000000099999999990 0.00000000099999999990 0.00000000099999999990 0.00000000099999999990 0.00000000099999999990 0.00000000099999999990 0.00000000099999999990 0.00000000099999999990 0.00000000099999999990 0.00000000099999999990 0.07296951517906620499 0.00000000099999999990 0.00000000099999999990 0.00000000099999999990 0.00000000099999999990 
0.00000000099999999976 0.00000000099999999976 0.99999998300000036977 0.00000000099999999976 0.00000000099999999976 0.00000000099999999976 0.00000000099999999976 0.00000000099999999976 0.00000000099999999976 0.00000000099999999976 0.00000000099999999976 0.00000000099999999976 0.00000000099999999976 0.00000000099999999976 0.00000000099999999976 0.00000000099999999976 0.00000000099999999976 0.00000000099999999976 
0.00000000099999999982 0.00000000099999999982 0.99999998300000036977 0.00000000099999999982 0.00000000099999999982 0.00000000099999999982 0.00000000099999999982 0.00000000099999999982 0.00000000099999999982 0.00000000099999999982 0.00000000099999999982 0.00000000099999999982 0.00000000099999999982 0.00000000099999999982 0.00000000099999999982 0.00000000099999999982 0.00000000099999999982 0.00000000099999999982 
0.39498105217091555863 0.00000000099999999993 0.00000000099999999993 0.00000000099999999993 0.00000000099999999993 0.00000000099999999993 0.59059848046688023793 0.00000000099999999993 0.01442045236220433624 0.00000000099999999993 0.00000000099999999993 0.00000000099999999993 0.00000000099999999993 0.00000000099999999993 0.00000000099999999993 0.00000000099999999993 0.00000000099999999993 0.00000000099999999993 
0.53136450686117808750 0.00832213942808718993 0.00000000099999999992 0.00000000099999999992 0.00000000099999999992 0.04007249146493042230 0.40532826112525260909 0.00000000099999999992 0.00224217196331745125 0.00000000099999999992 0.00000000099999999992 0.00000000099999999992 0.00000000099999999992 0.00000001321376430938 0.01267040494347031372 0.00000000099999999992 0.00000000099999999992 0.00000000099999999992 
0.47759795923121611816 0.00000000099999999988 0.00000000099999999988 0.00000000099999999988 0.00000000099999999988 0.00000000099999999988 0.52240202476878383475 0.00000000099999999988 0.00000000099999999988 0.00000000099999999988 0.00000000099999999988 0.00000000099999999988 0.00000000099999999988 0.00000000099999999988 0.00000000099999999988 0.00000000099999999988 0.00000000099999999988 0.00000000099999999988 
0.45801277511118293484 0.00000000099999999989 0.00000000099999999989 0.00000000099999999989 0.00000000099999999989 0.00000000099999999989 0.54198720888881712909 0.00000000099999999989 0.00000000099999999989 0.00000000099999999989 0.00000000099999999989 0.00000000099999999989 0.00000000099999999989 0.00000000099999999989 0.00000000099999999989 0.00000000099999999989 0.00000000099999999989 0.00000000099999999989 
0.54746624623331063830 0.01662905572945345967 0.00000000099999999995 0.00000000099999999995 0.00000000099999999995 0.00000000099999999995 0.38082732133436475452 0.00000000099999999995 0.00000000099999999995 0.00000000099999999995 0.00000000099999999995 0.00000000099999999995 0.00000000099999999995 0.00213967110103771606 0.00376732490958608252 0.00000000099999999995 0.04917036869224764017 0.00000000099999999995 
0.45667737704555777523 0.00339492981033317391 0.00000000099999999994 0.00000000099999999994 0.00000000099999999994 0.04193714909697286719 0.46823050387564285613 0.00000000099999999994 0.00000000099999999994 0.00000000099999999994 0.00000000099999999994 0.01073533758734793349 0.00000000099999999994 0.00000000099999999994 0.01902469058414557601 0.00000000099999999994 0.00000000099999999994 0.00000000099999999994 
0.45283467172915370380 0.00000000099999999988 0.00000000099999999988 0.00000000099999999988 0.00000000099999999988 0.00000000099999999988 0.54716531227084641564 0.00000000099999999988 0.00000000099999999988 0.00000000099999999988 0.00000000099999999988 0.00000000099999999988 0.00000000099999999988 0.00000000099999999988 0.00000000099999999988 0.00000000099999999988 0.00000000099999999988 0.00000000099999999988 
0.40871898067766332385 0.00000000099999999994 0.00000000099999999994 0.00000000099999999994 0.00000000099999999994 0.02681787783590928315 0.53441243528723747502 0.00000000099999999994 0.00000000099999999994 0.00000000099999999994 0.00000000099999999994 0.00000000099999999994 0.00000000099999999994 0.02024043405974528670 0.00981025913944484108 0.00000000099999999994 0.00000000099999999994 0.00000000099999999994 
0.79341398825763587155 0.00000000099999999990 0.00000000099999999990 0.00000000099999999990 0.00000000099999999990 0.00000000099999999990 0.20188270037688285652 0.00000000099999999990 0.00000000099999999990 0.00000000099999999990 0.00000000099999999990 0.00000000099999999990 0.00000000099999999990 0.00470329636548164412 0.00000000099999999990 0.00000000099999999990 0.00000000099999999990 0.00000000099999999990 
0.54000749690349458820 0.00000000099999999993 0.00000000099999999993 0.00000000099999999993 0.00000000099999999993 0.00000000099999999993 0.45434743874007677000 0.00000000099999999993 0.00000000099999999993 0.00000000099999999993 0.00000000099999999993 0.00000000099999999993 0.00000000099999999993 0.00564504935642903393 0.00000000099999999993 0.00000000099999999993 0.00000000099999999993 0.00000000099999999993 
0.05076586065917666757 0.04867353216888707645 0.00000000099999999997 0.03281190055961366592 0.00000000099999999997 0.00000000099999999997 0.00061165558787470032 0.63845733401942139640 0.01561218589267529544 0.00215632081760187139 0.03642856236576599155 0.00000000099999999997 0.00000000099999999997 0.03647494633890192850 0.01370195019000147035 0.00000000099999999997 0.01220706677552573297 0.11209867862455416554 
0.00000000099999999994 0.00000000099999999994 0.00000000099999999994 0.00000000099999999994 0.00000000099999999994 0.00000000099999999994 0.10654699048131605066 0.81906886888990459994 0.00000000099999999994 0.00000000099999999994 0.07382629837400384032 0.00000000099999999994 0.00000000099999999994 0.00055782825477580040 0.00000000099999999994 0.00000000099999999994 0.00000000099999999994 0.00000000099999999994 
0.00701996506752290087 0.02249604157052718933 0.00000000099999999998 0.05971934187823899759 0.15605091475799134915 0.01016355285827059800 0.04600854423368722773 0.40138868946180633612 0.00000000099999999998 0.03554041002327097687 0.07645572040555863313 0.00000000099999999998 0.00000000099999999998 0.03989897033611203986 0.00514987618875227537 0.00000000099999999998 0.00000000099999999998 0.14010796721826163092 
0.00000000099999999998 0.01069725366685786092 0.00000000099999999998 0.00000000099999999998 0.03200318797474491911 0.00000000099999999998 0.00000000099999999998 0.67206644600590503824 0.06775677824671483274 0.00000000099999999998 0.06492593618398567745 0.03009790328282965430 0.00000000099999999998 0.00000000099999999998 0.00000000099999999998 0.01689993619539461797 0.00000000099999999998 0.10555254844356749822 
0.18160932457974796050 0.32617562654422277424 0.00000000099999999996 0.02095487607790551959 0.06852555936424918615 0.07690083563780875098 0.22015887678703224828 0.00000000099999999996 0.00123428500329002288 0.00000000099999999996 0.00000000099999999996 0.00000000099999999996 0.00000000099999999996 0.04638809950484474448 0.00000000099999999996 0.00000000099999999996 0.00000000099999999996 0.05805250750089908929 
0.24290346279671604091 0.28388836643906062429 0.00000000099999999998 0.00396790813961542688 0.04796341493895023983 0.09952368861359545127 0.24078795280150239178 0.00000000099999999998 0.01820534432288295132 0.00000000099999999998 0.00000000352861591881 0.00000000099999999998 0.00000000099999999998 0.00000000099999999998 0.00000000099999999998 0.00000000099999999998 0.00000000099999999998 0.06275984941906123660 
0.28168501143654733898 0.24964713872575258757 0.00000000099999999996 0.00000000099999999996 0.04949493190413397498 0.12202383161505089837 0.15404786875795395407 0.00000000099999999996 0.01455870407568642978 0.00000000099999999996 0.04300044217286127374 0.00000000099999999996 0.00000000099999999996 0.00000000099999999996 0.00000000099999999996 0.00000000099999999996 0.00000000099999999996 0.08554206131201383401 
0.29986271039317013987 0.27423351688525021697 0.00000000099999999997 0.01991850565089862968 0.12392790891316324275 0.03717459925005552057 0.11945573078868883254 0.00000000099999999997 0.04844909711185808182 0.00401742029860946339 0.00000000099999999997 0.01005702533835447880 0.00000000099999999997 0.00000000099999999997 0.00000000099999999997 0.00000000099999999997 0.00759269747061449077 0.05531078089933707392 
0.26438932373852958024 0.36240173131079533864 0.00000000099999999995 0.00000000099999999995 0.07771231783337340104 0.07650303227434650244 0.10562071596395768147 0.00000000099999999995 0.04453986737840841953 0.00000000099999999995 0.00000000099999999995 0.00000000099999999995 0.00000000099999999995 0.00850997849001293785 0.00000000099999999995 0.00000000099999999995 0.00000000099999999995 0.06032302301057641813 
0.24053055385186283832 0.24694947228217295487 0.00000000099999999997 0.04235098541035555580 0.09246744019515268365 0.07722657929826329259 0.20118514080874067007 0.00000000099999999997 0.03977463161768397121 0.00000000099999999997 0.05139496996621199104 0.00096846901263975915 0.00000000099999999997 0.00163473687213161836 0.00000000099999999997 0.00000000099999999997 0.00000000099999999997 0.00551701368478471708 
0.00000000099999999971 0.00000000099999999971 0.00000000099999999971 0.00000000099999999971 0.00000000099999999971 0.00000000099999999971 0.00000000099999999971 0.00000000099999999971 0.99999998300000025875 0.00000000099999999971 0.00000000099999999971 0.00000000099999999971 0.00000000099999999971 0.00000000099999999971 0.00000000099999999971 0.00000000099999999971 0.00000000099999999971 0.00000000099999999971 
0.25340026759634109998 0.00000000099999999997 0.00000000099999999997 0.00000000099999999997 0.36163863415078706387 0.00695205468144228546 0.13760504072758034111 0.00000000099999999997 0.00000000099999999997 0.02987238961591241401 0.06731331694033797219 0.00000000099999999997 0.00000000099999999997 0.01847009089093857442 0.00000000099999999997 0.00000000099999999997 0.00000000099999999997 0.12474819539666039125 
0.15503473698791173097 0.00000000099999999997 0.00000000099999999997 0.00000000099999999997 0.34291022488014494263 0.05235466034649574607 0.13197024982234659141 0.12095970707965708613 0.00000000099999999997 0.00000000099999999997 0.02632542955586708935 0.00000000099999999997 0.00000000099999999997 0.00000000099999999997 0.00000000099999999997 0.00000000099999999997 0.02709928400497285672 0.14334569732260415975 
0.20634937371821635010 0.00000000099999999997 0.00000000099999999997 0.02152580583008536358 0.37938832197838939786 0.10397025221812640494 0.03335747461783138135 0.00000000099999999997 0.02399454583885304859 0.01105206778385727298 0.07942806560604014077 0.01932207673953901042 0.00000000099999999997 0.00000000099999999997 0.00000000099999999997 0.00000000099999999997 0.00000000099999999997 0.12161200766906166137 
0.17469239776285591659 0.00000000099999999997 0.00000000099999999997 0.00000000099999999997 0.22344177360294317780 0.13132316953268538540 0.05858089666025553810 0.00000000099999999997 0.04698504405901785669 0.00000000099999999997 0.19157625269161027148 0.01830863274035603172 0.00000000099999999997 0.00000000099999999997 0.03389857687774595896 0.00248379064539789576 0.01175593115927529679 0.10695352726785677111 
0.07551501731211114621 0.07424533502811203611 0.00000000099999999997 0.00000000099999999997 0.32020374474550067356 0.02736065167720278662 0.05065633119298713211 0.11424657353411754590 0.01463529223725668592 0.00000000099999999997 0.13662780151885109414 0.00000000099999999997 0.00000000099999999997 0.00612979576195248239 0.00000000099999999997 0.00742525182364378415 0.00879179162909771161 0.16416240753916683248 
0.10929830349876175355 0.06834830186587535772 0.00000000099999999998 0.00000000099999999998 0.46063876867509306878 0.08575161132894244809 0.09979711839003437002 0.00000000099999999998 0.01589098203496162529 0.00000000099999999998 0.10749960432385656517 0.00000000099999999998 0.00000000099999999998 0.00000000099999999998 0.00507921987744985176 0.00482611330764039659 0.00000000099999999998 0.04286996869738473465 
0.14110676294424903676 0.07392425697660273687 0.00000000099999999997 0.00000000099999999997 0.37220402314297568180 0.04914554575359136868 0.09156913498863229750 0.02074529282855612500 0.00190522089420089584 0.00000000099999999997 0.11137280773566002323 0.00000000099999999997 0.00000000099999999997 0.00000000099999999997 0.00000000099999999997 0.02240711448610428758 0.00055529958012205975 0.11506453366930574633 
0.09967947501166325719 0.07454300994431434235 0.00000000099999999998 0.04897099634389064093 0.37937555767826158792 0.04721955616097821967 0.06372803142670910304 0.06878893807860569920 0.01405271215351195507 0.00000000099999999998 0.06365335887882080101 0.00000000099999999998 0.00000000099999999998 0.01332329944984349951 0.00000000099999999998 0.00000000099999999998 0.03333077291916779206 0.09333428595423334806 
0.15955969476931303186 0.00000000099999999998 0.00000000099999999998 0.05838305299612521482 0.37586706451288753872 0.09106193924829951436 0.13127277335270465253 0.04600917636194415405 0.00000000099999999998 0.00000000099999999998 0.06001659442799504862 0.00000000099999999998 0.00000000099999999998 0.00000000099999999998 0.00000000099999999998 0.00000000099999999998 0.00971331993569801364 0.06811637539503316574 
0.19889991407530571710 0.04274125024471855244 0.00000000099999999997 0.00000000099999999997 0.44866137054626320513 0.00000000099999999997 0.10971144814808936330 0.00000000099999999997 0.00000000099999999997 0.00000000099999999997 0.08209065359308906351 0.00000000099999999997 0.00000000099999999997 0.00000000099999999997 0.00000000099999999997 0.00138992559597498179 0.00000000099999999997 0.11650542679655936928 
0.06597409457712671843 0.04179016731995405937 0.00000000099999999998 0.01764296223644985437 0.29437222204554397420 0.11567446711310723495 0.14657701532751968299 0.04222397115639969778 0.00000000099999999998 0.01265018618800428304 0.08451541238711257620 0.00000000099999999998 0.00000000099999999998 0.00000000099999999998 0.00461179910268203451 0.01188204224726882238 0.04633151755774674724 0.11575413774108445075 
0.15086011045651093188 0.03185816093612649225 0.00000000099999999998 0.00044052478911644344 0.37920133229589869650 0.08777057837876432733 0.05516904844537810770 0.00951311240918461913 0.03498150895767608570 0.00000000099999999998 0.10614012572280613622 0.00000000099999999998 0.00000000099999999998 0.02068925232861514377 0.00000000099999999998 0.00478836776109397341 0.03098719939487194416 0.08760067312395715400 
0.23006278948311603694 0.01732028470177381443 0.00000000099999999997 0.02692973960166636718 0.39869294355476947445 0.08107404535251369615 0.04686551549267950478 0.00000000099999999997 0.02320581049182834574 0.00000000099999999997 0.06543979203479391438 0.00000000099999999997 0.00000000099999999997 0.03017247674881132560 0.00000000099999999997 0.00000000099999999997 0.01142248528508394041 0.06881411025296352291 
0.00000000099999999995 0.08685344833816460719 0.00000000099999999995 0.02040854782847408705 0.27015564835388217180 0.00000000099999999995 0.00000000099999999995 0.12869080810900235257 0.03551072812428927861 0.00000000099999999995 0.30545046157200667070 0.00000000099999999995 0.00000000099999999995 0.00000000099999999995 0.00000000099999999995 0.00000000099999999995 0.00000000099999999995 0.15293034667418095585 
0.30499589733836807159 0.04298923309771564977 0.00000000099999999998 0.03276040729656680417 0.28914307677293138443 0.06904443595320264304 0.03784736301261540370 0.05003392638749737387 0.02483021239593895604 0.00000000099999999998 0.08300790096466245660 0.00000000099999999998 0.00000000099999999998 0.00387104485723033156 0.00000000099999999998 0.00000000099999999998 0.00938605899413572260 0.05209043692913546686 
0.55167217948181868081 0.03135039543697346054 0.00000000099999999992 0.00000000099999999992 0.00000000099999999992 0.03675824948801370562 0.00000000099999999992 0.00000000099999999992 0.00000000099999999992 0.04837519662998495534 0.00000000099999999992 0.00000000099999999992 0.00000000099999999992 0.31117460309740296864 0.01800500549532224256 0.00000000099999999992 0.00266435937048429801 0.00000000099999999992 
0.00000000099999999957 0.00000000099999999957 0.00000000099999999957 0.00000000099999999957 0.00000000099999999957 0.00000000099999999957 0.00000000099999999957 0.00000000099999999957 0.00000000099999999957 0.00000000099999999957 0.00000000099999999957 0.00000000099999999957 0.00000000099999999957 0.99999998300000014773 0.00000000099999999957 0.00000000099999999957 0.00000000099999999957 0.00000000099999999957 
0.00000000099999999952 0.00000000099999999952 0.00000000099999999952 0.00000000099999999952 0.00000000099999999952 0.00000000099999999952 0.00000000099999999952 0.00000000099999999952 0.00000000099999999952 0.00000000099999999952 0.00000000099999999952 0.00000000099999999952 0.00000000099999999952 0.99999998300000003670 0.00000000099999999952 0.00000000099999999952 0.00000000099999999952 0.00000000099999999952 
