0.00000000099999999999 0.04738175369877777043 0.08970719803937154957 0.00000000099999999999 0.00089921279181964884 0.05342786037224692142 0.00000000099999999999 0.80858397109778401557 0.00000000099999999999 
0.00000000099999999998 0.06789556836851454169 0.07634058908995128290 0.00000000099999999998 0.00000000099999999998 0.00000000099999999998 0.00000000099999999998 0.85576383654153409530 0.00000000099999999998 
0.00000000099999999999 0.04211383824046097124 0.08037435477136441186 0.00000000099999999999 0.00000000099999999999 0.06614277998214518339 0.00000000099999999999 0.80159493809682591525 0.00977408490920358974 
0.00000000099999999998 0.03136499614636308053 0.09352528255635590704 0.00000000099999999998 0.00000000099999999998 0.02175404539885660363 0.00000000099999999998 0.85335567089842434552 0.00000000099999999998 
0.00000000099999999998 0.05238391662940163757 0.08668954521217518694 0.00000000099999999998 0.00000000099999999998 0.01842188610259128806 0.00000000099999999998 0.83106553426101170690 0.01143911379482028326 
0.00000000099999999999 0.09587554275306070517 0.09606586247976095505 0.00000000099999999999 0.00000000099999999999 0.03584426254351273655 0.00000000099999999999 0.76506650941708831404 0.00714781880657733466 
0.00000000099999999999 0.04109458183473840842 0.12413919578279235256 0.00000000099999999999 0.00000000099999999999 0.04593649249398193413 0.00000000099999999999 0.78882972488848734915 0.00000000099999999999 
0.00000000099999999999 0.07443972534466944402 0.15192787873442611946 0.00000000099999999999 0.04437621957427227704 0.06912802454030746169 0.00000000099999999999 0.65996227952901498348 0.00016586927730972439 
0.00000000099999999999 0.02067089613060653017 0.08754524296644695947 0.00000000099999999999 0.00000000099999999999 0.01148666350714426694 0.00000000099999999999 0.86024059272735386994 0.02005660066844836692 
0.00000000099999999998 0.08972681248043477831 0.13550940123185925557 0.00000000099999999998 0.00000000099999999998 0.08639841119051828999 0.00000000099999999998 0.68836537009718767877 0.00000000099999999998 
0.00000000099999999998 0.07792947267438418701 0.08411584148780791581 0.00000000099999999998 0.00000000099999999998 0.00000000099999999998 0.00000000099999999998 0.83120529425994438277 0.00674938657786351790 
0.00000000099999999999 0.05636536424375914595 0.12395316535090963872 0.00000000099999999999 0.00000000099999999999 0.03779220262219186444 0.00000000099999999999 0.74840549766469233184 0.03348376611844697259 
0.00000000099999999998 0.05350244036769699618 0.07314399547960369341 0.00000000099999999998 0.00000000099999999998 0.06953798363431502871 0.00422570427008171420 0.79958987224830246898 0.00000000099999999998 
0.40218278955389474838 0.00000000099999999999 0.00000000099999999999 0.16613620499357256710 0.00000000099999999999 0.00000000099999999999 0.02199531172916522129 0.40799872862341673985 0.00168696109995076712 
0.37615013225525173457 0.00000000099999999998 0.00000000099999999998 0.17543490344369838674 0.00000000099999999998 0.00000000099999999998 0.00568588934973646501 0.40209764520806662302 0.04063142574324686562 
0.44818564712672698258 0.00000000099999999998 0.00000000099999999998 0.17185268718436169655 0.00000000099999999998 0.00000000099999999998 0.01920715192623215217 0.36075450876267917133 0.00000000099999999998 
0.36478135026634145310 0.00264555424157497361 0.00000000099999999999 0.25515638995313744131 0.00000000099999999999 0.00000000099999999999 0.03171217088669215506 0.34570453065225398293 0.00000000099999999999 
0.39924472540669636578 0.00000000099999999998 0.00000000099999999998 0.17415762058750444696 0.00741425279916575492 0.00000000099999999998 0.01039337025721418645 0.40879002694941912743 0.00000000099999999998 
0.38229574095355173258 0.00002330327832832442 0.00000000099999999998 0.16080720088336561413 0.00000000099999999998 0.00000000099999999998 0.02825684313085212104 0.41451880044272509940 0.01409810831117729209 
0.37918051039185790563 0.00000000099999999998 0.00000000099999999998 0.16668380719731595851 0.00053851727189760314 0.00000000099999999998 0.07171577220866062752 0.38188138893026768450 0.00000000099999999998 
0.42384919064831649838 0.00000000099999999998 0.00000000099999999998 0.16004185749832905428 0.00000000099999999998 0.03802664309504051598 0.00000000099999999998 0.37808230375831386461 0.00000000099999999998 
0.50374353918763181692 0.00000000099999999998 0.00000000099999999998 0.10939025495213201833 0.00892296074780125729 0.00000000099999999998 0.02412447493871453658 0.35381876617372032268 0.00000000099999999998 
0.44027008407888351682 0.00360591040020723924 0.00000000099999999998 0.16003452866296397072 0.00000000099999999998 0.00000000099999999998 0.02928198226211096641 0.35099280203814009482 0.01581468955769421009 
0.40949698003086981712 0.02332499274250560833 0.00000000099999999999 0.19749623511617395155 0.00291220062544709883 0.00000000099999999999 0.02192336814003735534 0.34219138267470433634 0.00265483867026183309 
0.46491335346832435294 0.00000000099999999999 0.00000000099999999999 0.12546182084065696238 0.01889149354315181398 0.00000000099999999999 0.06422386088581372166 0.32650946726205293258 0.00000000099999999999 
0.42910093782838143461 0.00324889483660976411 0.00000000099999999998 0.14015191730509934942 0.00000000099999999998 0.00000000099999999998 0.04930220020608349490 0.35873473165566321930 0.01946131516816292442 
0.48628275099710677187 0.01366045059551094024 0.00000000099999999998 0.09136374856747324358 0.00000000099999999998 0.01968044268242798850 0.02855190097032406227 0.34786803279476913309 0.01259267139238789274 
0.39145753952871409354 0.00000000099999999998 0.00000000099999999998 0.20377554071575484929 0.00000000099999999998 0.00000000099999999998 0.05016885364574186212 0.33764880240154881985 0.01694925970824043976 
0.38270731561444948365 0.00000000099999999997 0.00000000099999999997 0.17852630283984918802 0.00000000099999999997 0.00000000099999999997 0.03612984880498581325 0.40263652774071545526 0.00000000099999999997 
0.71607028329095745445 0.00000000099999999997 0.00000000099999999997 0.01771712481942438328 0.00000000099999999997 0.00000000099999999997 0.00000000099999999997 0.26621258588961815850 0.00000000099999999997 
0.69727346542900792148 0.00000000099999999996 0.00000000099999999996 0.00000000099999999996 0.03978334891311253313 0.00000000099999999996 0.00000000099999999996 0.26294317965787977753 0.00000000099999999996 
0.60272746425461187769 0.00000000099999999998 0.00000000099999999998 0.00769985916071779224 0.01766869666188704627 0.00079951353446696587 0.06856787360792204744 0.30253658978039427163 0.00000000099999999998 
0.64982918452049176494 0.00000000099999999998 0.00000000099999999998 0.04795702069165771325 0.02990216786959734585 0.00000000099999999998 0.03247171161617272428 0.21892916035257567464 0.02091075194950494168 
0.67804047348471763179 0.01483684230246674549 0.00000000099999999997 0.00000014592290733239 0.01119103861082006504 0.00000000099999999997 0.04144967566141380400 0.25448182101767458096 0.00000000099999999997 
0.65303049703569260309 0.00000000099999999999 0.00000000099999999999 0.03483298484453835331 0.04689367288753888002 0.00104401980953611000 0.02329120062452202239 0.24090200649809442868 0.00000561630007782288 
0.69816633181643439343 0.00000000099999999996 0.00000000099999999996 0.00000000099999999996 0.04033807140974176447 0.00000000099999999996 0.00000000099999999996 0.26149559077382389383 0.00000000099999999996 
0.65352397432990683157 0.00000000099999999998 0.00000000099999999998 0.00717557336791791074 0.02592982373762206874 0.00000443029384707767 0.04895770224984619112 0.26440849302086000261 0.00000000099999999998 
0.73639449020745584296 0.00000000099999999998 0.00000000099999999998 0.05027450506498035154 0.02816112870134977741 0.00000000099999999998 0.01452374582875164133 0.17064612619746230560 0.00000000099999999998 
0.61638465994021462979 0.00000000099999999998 0.00000000099999999998 0.04591074153501164407 0.00000000099999999998 0.00000000099999999998 0.03662335127215894659 0.30090520080486915511 0.00017604244774588459 
0.99999999200000022626 0.00000000099999999988 0.00000000099999999988 0.00000000099999999988 0.00000000099999999988 0.00000000099999999988 0.00000000099999999988 0.00000000099999999988 0.00000000099999999988 
0.61378891296606308270 0.00601392248883103608 0.00000000099999999998 0.04629713404540003463 0.02265157747888581902 0.00000000099999999998 0.05602141051133580074 0.25522703950948411045 0.00000000099999999998 
0.69558605488141311834 0.00000000099999999996 0.00000000099999999996 0.00000032652691936398 0.01188677703890688928 0.00000000099999999996 0.03177751740662916602 0.26074932014613155795 0.00000000099999999996 
0.65353783525376962782 0.00000000099999999998 0.00000000099999999998 0.01195777576643787532 0.04373495136497694558 0.00000000099999999998 0.03662229325719938006 0.25414714035761626354 0.00000000099999999998 
0.63085468146898571185 0.00000000099999999998 0.00000000099999999998 0.04211681256985146810 0.00972519573278864471 0.00713687109842640454 0.05455995227622629368 0.25560648385372131131 0.00000000099999999998 
0.65959883957228093720 0.00000000099999999998 0.00000000099999999998 0.04512184759271450213 0.00802488295573561966 0.00000000099999999998 0.00105122107500230447 0.28620320480426675314 0.00000000099999999998 
0.72547117340233591154 0.00000000099999999998 0.00000000099999999998 0.01278656719652453318 0.02890105987355844758 0.00000000099999999998 0.03368119139704000425 0.19916000413054124607 0.00000000099999999998 
0.81225092192026371318 0.00960208015635623420 0.00000000099999999999 0.00000000099999999999 0.08203287380741197676 0.00000000099999999999 0.02342223010773468103 0.07269189000823347846 0.00000000099999999999 
0.06978067287869060831 0.34321226535374282918 0.31614872395600046584 0.01966521831932297598 0.00000000099999999999 0.01326457187553901559 0.00000000099999999999 0.14474524361361695846 0.09318330200308723443 
0.15137286965319607379 0.35130532344130632749 0.35948107832041176213 0.01364074426483706699 0.00000000099999999999 0.00000000099999999999 0.01435214306437499789 0.00000069349290946687 0.10984714576296429611 
0.04579256409328162636 0.36311307446529356158 0.38856530806532046940 0.05770773060270464883 0.00000000100000000000 0.00359583601107207754 0.02385605024426590628 0.00000000100000000000 0.11736943451806181038 
0.03088985038191186319 0.33124009692893141565 0.34070138118236625857 0.08962619372371274928 0.00000000100000000000 0.00799534585813930186 0.04066637731408681566 0.03462003449281957773 0.12426071911803204806 
0.08231645221349088992 0.29458387799793750439 0.38088558627838653425 0.04678257011812879396 0.00000000100000000000 0.03193819355196659410 0.00138308553275771234 0.04152159398374729443 0.12058863932358476756 
0.03364659395150310095 0.34035254343941051536 0.32186507043987588883 0.00000000100000000000 0.00000000100000000000 0.05832336545670801370 0.01835954122369869851 0.09999380840235158607 0.12745907508645232253 
0.05482406217025670436 0.35108850633393423601 0.31108186876542848198 0.02222671905369286854 0.00000000099999999999 0.00000000099999999999 0.03795448593033563800 0.12805673622799465527 0.09476761951835752096 
0.06092824969251602746 0.32242402668626612972 0.26189259770166084529 0.05987728215747913779 0.01582374242761789770 0.03719855379299027293 0.00000000100000000000 0.09254300489810783625 0.14931254164336169032 
0.02972875387676124706 0.33092081283041341333 0.30829130049885716813 0.07520393713587535112 0.00000000100000000000 0.03550878220017905651 0.00000000122747106239 0.08838855741093525065 0.13195785381950744797 
0.06835226636514753207 0.36316500466711387762 0.36178552518918533076 0.00000000099999999999 0.00000000099999999999 0.03153549032649868855 0.00000005587246703811 0.07029031757985958195 0.10487133799972805925 
0.82834643492408632781 0.00000000099999999997 0.00000000099999999997 0.02609711817541549017 0.04311156836361201145 0.00000000099999999997 0.00000054847200249718 0.09595946950160631761 0.00648485756327760177 
0.86750546705317965746 0.00000000099999999997 0.00000000099999999997 0.04312431601957236738 0.04620136710385801260 0.00000000099999999997 0.01384573812477915382 0.00000000099999999997 0.02932310769861095831 
0.92391259397864244907 0.00000000099999999997 0.00000000099999999997 0.05113773768687195076 0.01987789616259651171 0.00000000099999999997 0.00507176717188903298 0.00000000099999999997 0.00000000099999999997 
0.93052156940171448785 0.00000000099999999998 0.00000000099999999998 0.06947842359828569625 0.00000000099999999998 0.00000000099999999998 0.00000000099999999998 0.00000000099999999998 0.00000000099999999998 
0.82032235995273694584 0.01084343236159928357 0.00000000099999999999 0.06698901208631664883 0.02275883101456890531 0.00000000099999999999 0.07225828219578768474 0.00000000099999999999 0.00682807938899066772 
0.85594609961908119100 0.00006627225429016972 0.00000000099999999999 0.07702213448595125744 0.02161882157469582552 0.00000000099999999999 0.00000000099999999999 0.01720413099278745445 0.02814253807319421971 
0.96563696622041950146 0.00579540535655812070 0.00000000099999999997 0.00000000099999999997 0.02443993876085282999 0.00000000099999999997 0.00412768466216961293 0.00000000099999999997 0.00000000099999999997 
0.84637405448866520619 0.00633769624812507374 0.00000000099999999999 0.01449884499926343620 0.00213588156097560371 0.00000000099999999999 0.02820655984457643220 0.06747493717985068862 0.03497202367854366362 
0.97064400095962977133 0.00602030831996550834 0.00000000099999999996 0.02333568472040492212 0.00000000099999999996 0.00000000099999999996 0.00000000099999999996 0.00000000099999999996 0.00000000099999999996 
0.87157428436937423033 0.02136674267677040467 0.00000000099999999998 0.07050323287441906395 0.00832708481796888556 0.00000000099999999998 0.00000000099999999998 0.02822865126146735515 0.00000000099999999998 
0.04158010701025297018 0.08017975397247399660 0.00000000099999999999 0.06305892381199876273 0.04350320404421111758 0.06386350674725242704 0.02072966868039107305 0.65916549162900883729 0.02791934310441088543 
0.02824150001347560182 0.07114972602141120261 0.00000000099999999999 0.00002730750010891300 0.00000000099999999999 0.04978372250446747721 0.00000000099999999999 0.85079773996053686957 0.00000000099999999999 
0.14237960383948528031 0.07133371312940087194 0.00000000099999999999 0.06896647973729320980 0.00583364989460548062 0.05271996179856069248 0.03528148598582072498 0.61209703358013622942 0.01138807103469766796 
0.04784231422137538714 0.04502887992827234176 0.02486190261360850945 0.02921586538357665366 0.07387351106900408304 0.04986234058672578406 0.00000000100000000000 0.72931518419743712744 0.00000000100000000000 
0.44620701990077243915 0.03026316607680837670 0.00000000099999999998 0.37857511701065421628 0.01790309694623817144 0.00000000099999999998 0.00000000099999999998 0.12705159606552673957 0.00000000099999999998 
0.51119796712707255004 0.00000000099999999999 0.00000000099999999999 0.33917881545448458347 0.04359970611151477160 0.00000000099999999999 0.00268330553160501346 0.10334020177532314555 0.00000000099999999999 
0.53537629818021448269 0.00000000099999999998 0.00000000099999999998 0.30552424600180089209 0.04083140200947564524 0.00000000099999999998 0.00000000099999999998 0.11826804880850905199 0.00000000099999999998 
0.47461369303373934780 0.00000000099999999999 0.00000000099999999999 0.32493753181628481919 0.06455998813790911339 0.00000000099999999999 0.02442003939654792746 0.11146874361551885324 0.00000000099999999999 
0.45020363560513154688 0.00000001638504615593 0.00000000099999999998 0.40216210848622607754 0.06201119031882945665 0.00000000099999999998 0.01104464896404838692 0.07457839724071844978 0.00000000099999999998 
0.51878180277574814649 0.00000000099999999999 0.00000000099999999999 0.30740649386561397227 0.06090811946977825464 0.00193524539529376293 0.00000000099999999999 0.10906971804050609454 0.00189861745305989083 
0.00000000099999999986 0.00000000099999999986 0.00000000099999999986 0.00000000099999999986 0.99999999200000011523 0.00000000099999999986 0.00000000099999999986 0.00000000099999999986 0.00000000099999999986 
0.55935037448466384813 0.00850519744504409612 0.00000000099999999999 0.07983963972643519369 0.02211890722672663068 0.01385552725458589172 0.02630843363283042607 0.28574460015080671571 0.00427731907890739355 
0.43182888900377330854 0.00000000099999999998 0.00000000099999999998 0.07517445192199470605 0.02678535161951592011 0.00000000099999999998 0.07955116836610684472 0.38666013508860919146 0.00000000099999999998 
0.49368318890966228496 0.00000000099999999999 0.00000000099999999999 0.08902765591300230985 0.04602578695035235840 0.00000000099999999999 0.07108589440026043260 0.30017746982672249834 0.00000000099999999999 
0.51620809779673515472 0.00000000099999999999 0.00000000099999999999 0.04892888096550968707 0.06096276730560339085 0.00250575241578191018 0.06408709113496498244 0.26532522022801835471 0.04198218815338660564 
0.30878276994920506038 0.00168510418053372663 0.00000000099999999998 0.16511083291600855971 0.03525263395465612348 0.00000000099999999998 0.05404973196011026576 0.43511892403948604358 0.00000000099999999998 
0.45164985364991444561 0.00000000100000000000 0.00000000100000000000 0.19889250624304460890 0.02776672288436586936 0.01030462467652205547 0.03382781449163349552 0.27709076091584722290 0.00046771513867223608 
0.41692538395914957583 0.00000000099999999998 0.00000000099999999998 0.17619042774792531558 0.02859757929815772912 0.00960443700474181844 0.05394204533441444849 0.31474012365561093718 0.00000000099999999998 
0.32465007492852432369 0.04402808595677771414 0.00000000099999999999 0.16955960370726297359 0.03050100077770279486 0.01862916245889237668 0.07096091510850215112 0.34167115506233758371 0.00000000099999999999 
0.47292580205674999982 0.00000000099999999999 0.00000000099999999999 0.10497400068229516268 0.01801482767501157850 0.00000000099999999999 0.05932244854580671217 0.34119545361543779372 0.00356746442469874775 
0.46529364020757213449 0.00000000099999999999 0.00000000099999999999 0.16933926503378482487 0.02463946479047712801 0.00146602247696303589 0.01585210714032892626 0.32340949735087376471 0.00000000099999999999 
0.40098945207351682773 0.00000000099999999999 0.00000000099999999999 0.12852607646735836333 0.02001083563841368415 0.01176373575384948370 0.11418426884501546581 0.31664754543363438088 0.00787808378821164453 
0.42535316935104700020 0.01163078047952315584 0.00000000099999999999 0.13409061749119569051 0.03762593603552250726 0.00000000099999999999 0.08696490386913365012 0.30433458977357791264 0.00000000099999999999 
0.49684409407502294620 0.03255461361474284304 0.00000000099999999999 0.12639429901116719379 0.04489681236353154636 0.00847404874585629825 0.05443698598647066234 0.23639914420320862209 0.00000000099999999999 
0.16144448657762866528 0.00788649400936549533 0.00000000099999999999 0.23618393669780171629 0.05071551041219067579 0.00000000099999999999 0.01667774167674889937 0.52709182762626449748 0.00000000099999999999 
0.54199758468166936431 0.00001376519327924063 0.00000000099999999999 0.11238981128300405687 0.02101601806333160474 0.00000000099999999999 0.04350861388267627389 0.28107420389603965383 0.00000000099999999999 
0.60094983892355213762 0.34098908663465871127 0.00000000099999999995 0.02851769587246211213 0.00000000099999999995 0.01279111533178216471 0.00032703945077099529 0.00000000099999999995 0.01642522078677396621 
0.00000000099999999980 0.99999999200000011523 0.00000000099999999980 0.00000000099999999980 0.00000000099999999980 0.00000000099999999980 0.00000000099999999980 0.00000000099999999980 0.00000000099999999980 
0.00000000099999999979 0.99999999200000022626 0.00000000099999999979 0.00000000099999999979 0.00000000099999999979 0.00000000099999999979 0.00000000099999999979 0.00000000099999999979 0.00000000099999999979 
0.00000000099999999989 0.99999999200000011523 0.00000000099999999989 0.00000000099999999989 0.00000000099999999989 0.00000000099999999989 0.00000000099999999989 0.00000000099999999989 0.00000000099999999989 
0.00000000099999999981 0.99999999200000022626 0.00000000099999999981 0.00000000099999999981 0.00000000099999999981 0.00000000099999999981 0.00000000099999999981 0.00000000099999999981 0.00000000099999999981 
0.00000000099999999980 0.99999999200000022626 0.00000000099999999980 0.00000000099999999980 0.00000000099999999980 0.00000000099999999980 0.00000000099999999980 0.00000000099999999980 0.00000000099999999980 
0.00000000099999999989 0.99999999200000011523 0.00000000099999999989 0.00000000099999999989 0.00000000099999999989 0.00000000099999999989 0.00000000099999999989 0.00000000099999999989 0.00000000099999999989 
0.00000000099999999981 0.99999999200000011523 0.00000000099999999981 0.00000000099999999981 0.00000000099999999981 0.00000000099999999981 0.00000000099999999981 0.00000000099999999981 0.00000000099999999981 
0.17575441886916179368 0.82424557413083832103 0.00000000099999999994 0.00000000099999999994 0.00000000099999999994 0.00000000099999999994 0.00000000099999999994 0.00000000099999999994 0.00000000099999999994 
0.00000000099999999987 0.99999999200000022626 0.00000000099999999987 0.00000000099999999987 0.00000000099999999987 0.00000000099999999987 0.00000000099999999987 0.00000000099999999987 0.00000000099999999987 
0.71336990017396384456 0.00000000099999999999 0.00000000099999999999 0.06483593344436976158 0.02434023887587967450 0.01633329568509463842 0.04152877015132915017 0.11678496313110425797 0.02280689653825872937 
0.76327594971942236413 0.00000000099999999997 0.00000000099999999997 0.08537154701530452749 0.00136735873688837231 0.00000000099999999997 0.04827455252229537197 0.10171058800608941131 0.00000000099999999997 
0.78604067966441637516 0.10434564110048392960 0.00000000099999999999 0.08587206277830279622 0.00000000099999999999 0.00000000099999999999 0.00000000099999999999 0.02374158134837353260 0.00000003110842342540 
0.79721445814991598322 0.17848206423368023765 0.00000000099999999996 0.02430347161640392453 0.00000000099999999996 0.00000000099999999996 0.00000000099999999996 0.00000000099999999996 0.00000000099999999996 
0.77760423451708859943 0.13777378965918754550 0.00000000099999999998 0.02123389037035727789 0.00000000099999999998 0.00000000099999999998 0.02299336453363709509 0.00000000099999999998 0.04039471691972961603 
0.78252543490157733252 0.14373659483192446906 0.00000000099999999997 0.04352605926741513753 0.00000000099999999997 0.00000000099999999997 0.00000000099999999997 0.00000000099999999997 0.03021190599908317800 
0.91126017633702272036 0.02912524302419341321 0.00000000099999999995 0.03595013539752899001 0.00000000099999999995 0.00000000099999999995 0.00000000099999999995 0.00000000099999999995 0.02366444024125500395 
0.79550242425491468623 0.12821975933133084036 0.00000000099999999996 0.04745579704423450590 0.00000000099999999996 0.00000000099999999996 0.00000000099999999996 0.00000000099999999996 0.02882201436952009505 
0.89773554484924655839 0.04542316315112591291 0.00000000099999999998 0.04501704983129300314 0.00000000099999999998 0.00000000099999999998 0.00000000099999999998 0.00000000099999999998 0.01182423716833475198 
0.86502208311469697133 0.08999940510907880609 0.00000000099999999995 0.04497850577622423268 0.00000000099999999995 0.00000000099999999995 0.00000000099999999995 0.00000000099999999995 0.00000000099999999995 
0.85084290964850473049 0.11108692722549640131 0.00000000099999999994 0.00000000099999999994 0.00000000099999999994 0.00000000099999999994 0.00000000099999999994 0.00000000099999999994 0.03807015712599912116 
0.87347142703075053571 0.12652364318547915101 0.00000000099999999995 0.00000000099999999995 0.00000000099999999995 0.00000000099999999995 0.00000000099999999995 0.00000000099999999995 0.00000492378377049763 
0.90676168963998116102 0.05159352263680959394 0.00000000099999999995 0.00000000099999999995 0.00000000099999999995 0.00000000099999999995 0.00000000099999999995 0.00000000099999999995 0.04164478172320954658 
0.84310506921900141286 0.07646440120143448149 0.00000000099999999996 0.03714309096772013680 0.00000000099999999996 0.00000000099999999996 0.01190220401718476186 0.00000000099999999996 0.03138523059465938431 
0.88452039526122672175 0.11547954939584879896 0.00000000099999999996 0.00000000099999999996 0.00000000099999999996 0.00000000099999999996 0.00000000099999999996 0.00000000099999999996 0.00000004934292469288 
0.80587026593408572772 0.11235890258315711643 0.00000000099999999997 0.02467560159933736633 0.00000000099999999997 0.00000000099999999997 0.01773468114974803903 0.00000000099999999997 0.03936054473367190526 
0.84187635201440724764 0.08992139967242009091 0.00000000099999999996 0.04737433979912816784 0.00000000099999999996 0.00000000099999999996 0.00000000099999999996 0.00000000099999999996 0.02082790351404463156 
0.92801812025893426483 0.07198187274106578049 0.00000000099999999996 0.00000000099999999996 0.00000000099999999996 0.00000000099999999996 0.00000000099999999996 0.00000000099999999996 0.00000000099999999996 
0.90299122299449186002 0.08527781549453453125 0.00000000099999999997 0.00000000099999999997 0.00000000099999999997 0.00000000099999999997 0.01173095551097377669 0.00000000099999999997 0.00000000099999999997 
0.92299293123460335320 0.07700706176539678927 0.00000000099999999994 0.00000000099999999994 0.00000000099999999994 0.00000000099999999994 0.00000000099999999994 0.00000000099999999994 0.00000000099999999994 
0.83312119905109005558 0.16041194745647216480 0.00000000099999999996 0.00021348488970585039 0.00000000099999999996 0.00000000099999999996 0.00000000099999999996 0.00000000099999999996 0.00625336360273205574 
0.93470269212510304069 0.06529730087489710177 0.00000000099999999995 0.00000000099999999995 0.00000000099999999995 0.00000000099999999995 0.00000000099999999995 0.00000000099999999995 0.00000000099999999995 
0.93755289095429128476 0.06244710204570889933 0.00000000099999999997 0.00000000099999999997 0.00000000099999999997 0.00000000099999999997 0.00000000099999999997 0.00000000099999999997 0.00000000099999999997 
0.86831409200196540965 0.07711722151792752000 0.00000000099999999998 0.00207043141102843673 0.00000000099999999998 0.01381434001934884505 0.00000000099999999998 0.00000000099999999998 0.03868391104972995070 
0.00000000099999999988 0.00000000099999999988 0.00000000099999999988 0.00000000099999999988 0.99999999200000000421 0.00000000099999999988 0.00000000099999999988 0.00000000099999999988 0.00000000099999999988 
0.00000000099999999988 0.00000000099999999988 0.00000000099999999988 0.00000000099999999988 0.99999999200000000421 0.00000000099999999988 0.00000000099999999988 0.00000000099999999988 0.00000000099999999988 
0.00000000099999999995 0.65778483005481624968 0.00000000099999999995 0.00000000099999999995 0.00000000099999999995 0.00000000099999999995 0.00000000099999999995 0.34221516294518383727 0.00000000099999999995 
0.00000000099999999995 0.73356863376269543231 0.00000000099999999995 0.00000000099999999995 0.00000000099999999995 0.00000000099999999995 0.00000000099999999995 0.26643135923730465464 0.00000000099999999995 
0.00000000099999999995 0.67864441580480938665 0.00000000099999999995 0.00000000099999999995 0.00000000099999999995 0.00000000099999999995 0.00000000099999999995 0.32135557719519086683 0.00000000099999999995 
0.27331906089131646764 0.72314038416764547801 0.00000000099999999998 0.00000000099999999998 0.00000000099999999998 0.00000000099999999998 0.00188425109002169451 0.00000000099999999998 0.00165629885101646677 
0.00000000099999999996 0.76261577437638949917 0.00000000099999999996 0.00000000099999999996 0.00000000099999999996 0.00000000099999999996 0.00000000099999999996 0.23738421862361058778 0.00000000099999999996 
0.00000000099999999996 0.73745786042490435452 0.00000000099999999996 0.00000000099999999996 0.00000000099999999996 0.00000000099999999996 0.00000000099999999996 0.26254213257509584345 0.00000000099999999996 
0.00000000099999999997 0.71408934273046664742 0.00000000099999999997 0.00000000099999999997 0.00000000099999999997 0.00000000099999999997 0.00000000099999999997 0.28591065026953343953 0.00000000099999999997 
0.00000000099999999998 0.53969561001415700119 0.00000000099999999998 0.00000000099999999998 0.00000000099999999998 0.01655037562076481714 0.00000000099999999998 0.44375400836507827851 0.00000000099999999998 
0.00000000099999999996 0.71777440543645065762 0.00000000099999999996 0.00000000099999999996 0.00000000099999999996 0.00000000099999999996 0.00000000099999999996 0.28222558756354954035 0.00000000099999999996 
0.00000000099999999995 0.77141034906230576684 0.00000000099999999995 0.00000000099999999995 0.00000000099999999995 0.00000000099999999995 0.00000000099999999995 0.22858964393769426460 0.00000000099999999995 
0.00000000099999999996 0.65415264492856051159 0.00000000099999999996 0.00000000099999999996 0.00000000099999999996 0.00000000099999999996 0.00000000099999999996 0.34584734807143968638 0.00000000099999999996 
0.00000000099999999995 0.67413223142710498870 0.00000000099999999995 0.00000000099999999995 0.00000000099999999995 0.00000000099999999995 0.00000000099999999995 0.32586776157289509825 0.00000000099999999995 
0.07846740577292160568 0.16845808078552690357 0.03977466356656488011 0.01368474117510523440 0.00480402594226050136 0.08448194220164927104 0.00009270938200934722 0.61020836362945041209 0.00002806754451172637 
0.47512494784034003947 0.01505850366446856090 0.00000000099999999997 0.14381270118235978117 0.00000000099999999997 0.00000000099999999997 0.04861916222134175791 0.29493779314327250862 0.02244688894821737085 
0.35754225422618024499 0.00000000099999999998 0.00000000099999999998 0.19141747804894804208 0.01566762744476490887 0.00000000099999999998 0.10291596745266205770 0.29974104021126279918 0.03271562961618208060 
0.38185888032475440168 0.02532104282606073911 0.00000000099999999998 0.15213826130156740679 0.01299046054812238657 0.00000000099999999998 0.07989198749042944470 0.34779936450906545620 0.00000000099999999998 
0.31930877169890364842 0.00000000099999999998 0.00000000099999999998 0.19369349754989684254 0.00000000099999999998 0.00000000099999999998 0.09745892347904396014 0.35686617404327392045 0.03267262922888154730 
0.36329714051375588957 0.00000000099999999998 0.00000000099999999998 0.13885629910590771563 0.01997733619615103123 0.00000000099999999998 0.12134417710840485205 0.33547548621037603933 0.02104955786540451193 
0.35417234108903156153 0.00000000099999999998 0.00000000099999999998 0.16914023205885453383 0.03391025874102338716 0.00000000099999999998 0.09065715245157889013 0.35212001165951151149 0.00000000099999999998 
0.40607055050342061309 0.00000000099999999998 0.00000000099999999998 0.14147444583873636237 0.00439395501678642268 0.00000000099999999998 0.07497460438095503166 0.37308644026010145955 0.00000000099999999998 
0.31795277727511539467 0.00311515497088916266 0.00000000099999999998 0.15814213395250295568 0.00000000099999999998 0.00000000099999999998 0.10713230759913973389 0.41365762220235263724 0.00000000099999999998 
0.30061713719538912803 0.00781235623195889513 0.00000000099999999997 0.17797856856872817932 0.00000000099999999997 0.00000000099999999997 0.09484711228502674951 0.41874482171889698678 0.00000000099999999997 
0.38898784000043545861 0.00277727861572579131 0.00000000099999999998 0.17293757221101668797 0.03016882291759152498 0.00000000099999999998 0.07312866223063380078 0.33199982102459674183 0.00000000099999999998 
0.36541480062812409235 0.00000000099999999998 0.00000000099999999998 0.17214292414944196152 0.00750401212313294309 0.00000000099999999998 0.06493080734943852683 0.33672547822462139955 0.05328197452524118666 
0.31211769247502541003 0.00000000099999999998 0.00000000099999999998 0.24229180537067501744 0.02768366418585502947 0.00000000099999999998 0.07489991078936483748 0.33048644394927262358 0.01252048022980698644 
0.36224664874513579083 0.00651843349024260922 0.00000000099999999999 0.15436210812848191742 0.00882401018121809627 0.00000000099999999999 0.08006796318390325962 0.38413493647312690893 0.00384589779789138494 
0.38137565694039032849 0.00000003305493005674 0.00000000099999999998 0.19329658342712763286 0.00390107404194353635 0.00000000099999999998 0.07665988087739804280 0.34476676865821020979 0.00000000099999999998 
0.32700442028975357234 0.00000000099999999997 0.00000000099999999997 0.18467677644447808016 0.00000000099999999997 0.00000000099999999997 0.07398494350894373184 0.41433385475682454890 0.00000000099999999997 
0.37981101517639348497 0.00000000099999999998 0.00000000099999999998 0.18761123794239964457 0.00871501004815846553 0.00000000099999999998 0.06435845841772734610 0.35950427441532090134 0.00000000099999999998 
0.36805328032318695985 0.01191355933489190479 0.00000000099999999998 0.18168125810578697465 0.01680624871047800908 0.00000000099999999998 0.04839283598053225471 0.37315281454512372328 0.00000000099999999998 
0.31152927518015743891 0.03023673145880073979 0.00000000099999999998 0.14017713910115142673 0.04142100927160802248 0.00000000099999999998 0.08713645830305911943 0.38355992253409260107 0.00593946215113067520 
0.35322390363324540630 0.00000000099999999998 0.00000000099999999998 0.16253276969323493528 0.00000000099999999998 0.00485936160192658711 0.07675613010795560853 0.40262783096363741198 0.00000000099999999998 
0.33830733380738198246 0.00000000099999999998 0.00000000099999999998 0.15471126178072630575 0.02565160183108070382 0.00000000099999999998 0.10974235978389321189 0.35367527276601223862 0.01791216703090553822 
0.00000000099999999989 0.00000000099999999989 0.00000000099999999989 0.00000000099999999989 0.99999999200000011523 0.00000000099999999989 0.00000000099999999989 0.00000000099999999989 0.00000000099999999989 
0.93504468047402333752 0.01081405069341837173 0.00000000099999999997 0.00000000099999999997 0.03217676515775792778 0.00000000099999999997 0.00000000099999999997 0.00000000099999999997 0.02196449867480045059 
0.92068763408978282481 0.00000000099999999998 0.00000000099999999998 0.00000000099999999998 0.06581337721139753072 0.00000000099999999998 0.00000000099999999998 0.00000000099999999998 0.01349898269881988008 
0.96607583821143494518 0.00000000099999999997 0.00000000099999999997 0.00000000099999999997 0.00457478612026602539 0.00000000099999999997 0.00000000099999999997 0.02934936966829922514 0.00000000099999999997 
0.92038555916469777518 0.03196820472267895841 0.00000000099999999997 0.00000000099999999997 0.04764623011262325569 0.00000000099999999997 0.00000000099999999997 0.00000000099999999997 0.00000000099999999997 
0.99999999200000011523 0.00000000099999999991 0.00000000099999999991 0.00000000099999999991 0.00000000099999999991 0.00000000099999999991 0.00000000099999999991 0.00000000099999999991 0.00000000099999999991 
0.93082115443705426561 0.01732717436718823195 0.00000000099999999997 0.00000000099999999997 0.02021006865150840048 0.00000000099999999997 0.01837337540674210609 0.00000000099999999997 0.01326822313750714542 
0.99999999200000022626 0.00000000099999999984 0.00000000099999999984 0.00000000099999999984 0.00000000099999999984 0.00000000099999999984 0.00000000099999999984 0.00000000099999999984 0.00000000099999999984 
0.98410213919482381062 0.00000000099999999993 0.00000000099999999993 0.00000000099999999993 0.01589785380517635960 0.00000000099999999993 0.00000000099999999993 0.00000000099999999993 0.00000000099999999993 
0.98289775700121573276 0.00000000099999999996 0.00000000099999999996 0.00000000099999999996 0.01710223599878453807 0.00000000099999999996 0.00000000099999999996 0.00000000099999999996 0.00000000099999999996 
0.94118407750925636712 0.00000000099999999998 0.00000000099999999998 0.00000000099999999998 0.05265216167672626124 0.00616375481401756388 0.00000000099999999998 0.00000000099999999998 0.00000000099999999998 
0.99017094678696404575 0.00000000099999999992 0.00000000099999999992 0.00000000099999999992 0.00982904621303616957 0.00000000099999999992 0.00000000099999999992 0.00000000099999999992 0.00000000099999999992 
0.95706287587781802007 0.00000000099999999996 0.00000000099999999996 0.00000000099999999996 0.04293711712218209464 0.00000000099999999996 0.00000000099999999996 0.00000000099999999996 0.00000000099999999996 
0.98331340735156957944 0.00000000099999999995 0.00000000099999999995 0.00000000099999999995 0.01668658564843063241 0.00000000099999999995 0.00000000099999999995 0.00000000099999999995 0.00000000099999999995 
0.20705865610630572182 0.00833244366546045771 0.00000000099999999996 0.78460889422823387740 0.00000000099999999996 0.00000000099999999996 0.00000000099999999996 0.00000000099999999996 0.00000000099999999996 
0.99999999200000022626 0.00000000099999999988 0.00000000099999999988 0.00000000099999999988 0.00000000099999999988 0.00000000099999999988 0.00000000099999999988 0.00000000099999999988 0.00000000099999999988 
0.18848101459956037584 0.00000000099999999996 0.00000000099999999996 0.81151895984857402855 0.00000000099999999996 0.00000000099999999996 0.00000000099999999996 0.00000000099999999996 0.00000001955186567700 
0.14274131928271116543 0.00000000099999999996 0.00000000099999999996 0.85725867371728881050 0.00000000099999999996 0.00000000099999999996 0.00000000099999999996 0.00000000099999999996 0.00000000099999999996 
0.26623531138534312079 0.01598433087560321986 0.00000000099999999997 0.69957384678415146517 0.00000000099999999997 0.00000000099999999997 0.01820650595490221763 0.00000000099999999997 0.00000000099999999997 
0.15280994675872203170 0.00000000099999999995 0.00000000099999999995 0.84719004624127802749 0.00000000099999999995 0.00000000099999999995 0.00000000099999999995 0.00000000099999999995 0.00000000099999999995 
0.05648803886857987205 0.00000000099999999997 0.00000000099999999997 0.83907522034607184835 0.00000000099999999997 0.00000000099999999997 0.04861341119858190313 0.01042105107906560711 0.04540227450770093626 
0.08616712993157646383 0.02560745354372290575 0.00000000099999999998 0.71972466148110514350 0.03291991475676027401 0.00000000099999999998 0.01641097891876101833 0.09124200584234039291 0.02792785352573379579 
0.25228621419395735881 0.00001507237430311011 0.00000000099999999997 0.74161936146707074791 0.00000000099999999997 0.00000000099999999997 0.00000000099999999997 0.00000000099999999997 0.00607934696466892917 
0.18625748056974750222 0.00000000099999999997 0.00000000099999999997 0.77638973546651579571 0.00000000099999999997 0.00000000099999999997 0.01983446780713591512 0.00000000099999999997 0.01751831115660079999 
0.22020871692200166825 0.00000000099999999996 0.00000000099999999996 0.77979127607799836319 0.00000000099999999996 0.00000000099999999996 0.00000000099999999996 0.00000000099999999996 0.00000000099999999996 
0.15422538596406754063 0.00000000099999999998 0.00000000099999999998 0.83960213765720614898 0.00000000099999999998 0.00000000099999999998 0.00000000099999999998 0.00483567407726049128 0.00133679730146601949 
0.00000000099999999986 0.00000000099999999986 0.00000000099999999986 0.99999999200000011523 0.00000000099999999986 0.00000000099999999986 0.00000000099999999986 0.00000000099999999986 0.00000000099999999986 
0.00000000099999999985 0.00000000099999999985 0.00000000099999999985 0.99999999200000011523 0.00000000099999999985 0.00000000099999999985 0.00000000099999999985 0.00000000099999999985 0.00000000099999999985 
0.01661886125188246494 0.00000000099999999997 0.00000000099999999997 0.97744026955420193481 0.00000000099999999997 0.00594086319391559300 0.00000000099999999997 0.00000000099999999997 0.00000000099999999997 
0.00000000099999999993 0.00000000099999999993 0.00000000099999999993 0.99999999200000011523 0.00000000099999999993 0.00000000099999999993 0.00000000099999999993 0.00000000099999999993 0.00000000099999999993 
