0.07420330236019496983 0.13221993360749362267 0.56456475399881578259 0.00000000100000000000 0.00000000100000000000 0.22901200803349563984 
0.07783412687363637505 0.13076766582167523301 0.55648119180300292808 0.00000000100000000000 0.03581290494543987180 0.19910410955624555096 
0.09436308324457166885 0.11821808972705995233 0.55717818779524574957 0.00000000099999999999 0.00000000099999999999 0.23024063723312274132 
0.05725715998094021986 0.14267909663237618445 0.56411311989841406156 0.00000000100000000000 0.01139738525350219439 0.22455323723476752762 
0.09969617536374239530 0.12909008445826095079 0.57166189490619023772 0.00000000099999999999 0.00000000099999999999 0.19955184327180641723 
0.13963380261126986936 0.13297029121173717381 0.53144719888723701562 0.00000000100000000000 0.00000000100000000000 0.19594870528975602553 
0.05756068477276345130 0.16058641213746038812 0.52755526629257631921 0.00000000100000000000 0.00744732546185102300 0.24685031033534884926 
0.09424576057797223738 0.18624128487763724760 0.51710459810255071655 0.00000000100000000000 0.00000000100000000000 0.20240835444183979952 
0.07092752181024294944 0.13755819865211216246 0.55301573684913574169 0.00000000100000000000 0.03428479783630303257 0.20421374385220600334 
0.12508806590990406704 0.17405743931036826710 0.43299879597258916775 0.00000000100000000000 0.00000000100000000000 0.26785569680713849916 
0.12067079811378390863 0.13167790537160287134 0.55603891428784690820 0.00000000099999999999 0.00000000099999999999 0.19161238022676654880 
0.13797545521726617412 0.16080821038912671006 0.50717554634605099828 0.00000000099999999999 0.00314080892233232828 0.19089997812522391252 
0.08348667162224923666 0.12772761798049803161 0.54601134269159035117 0.00000000100000000000 0.00000000100000000000 0.24277436570566243712 
0.03314022080421830801 0.00323474256256939263 0.31674597739056264967 0.37260858863773016481 0.24682622783636298802 0.02744424276855670849 
0.05171957343281676639 0.00000000099999999999 0.31191599764653471505 0.36388607653819982080 0.23898837016554735913 0.03348998121690122814 
0.00012661349698883643 0.00000000099999999999 0.26862548427354171476 0.45945471295940021328 0.24006557209252710194 0.03172761617754216168 
0.01504837620418881736 0.00000000099999999999 0.25970681277800578002 0.35620330016153334274 0.33269494690957701621 0.03634656294669501991 
0.03518303498227357690 0.00000000099999999999 0.31854864852905290240 0.41242720592997172968 0.21788556043195989043 0.01595554912674173112 
0.04029607940142776457 0.00000000100000000000 0.32521228519296585535 0.37046471072277048497 0.24412402756059839448 0.01990289612223741095 
0.00000000099999999999 0.00000000099999999999 0.32476617835164711678 0.37479279128477022143 0.29125614205985350669 0.00918488630372918911 
0.00039108291042946652 0.00000000099999999999 0.29148581464251854811 0.43184230023866693182 0.18685689210293557339 0.08942390910544932570 
0.00164940051336903031 0.00000000099999999999 0.28208935834013620925 0.50491809239904050788 0.16323132059348890999 0.04811182715396536413 
0.05285434226829223425 0.00000000099999999999 0.26110881477237185555 0.42341704018524500830 0.23049247328176991623 0.03212732849232085436 
0.05332792841054832811 0.00000000099999999999 0.28251695022048040062 0.38801640219215072225 0.25374507442594562701 0.02239364375087511336 
0.00000000100000000000 0.00000000100000000000 0.28396053344605132196 0.46233408903445355476 0.22272190091330656969 0.03098347460618840893 
0.06185078859299229792 0.00000000099999999999 0.28626438543037752149 0.40193449493894223279 0.22816036510744805432 0.02178996493023984543 
0.05101850728859224499 0.00000000099999999999 0.24401344471765515354 0.47840843105700098237 0.14780600488717754448 0.07875361104957416536 
0.02137601559900403209 0.00000000100000000000 0.23991371925906945783 0.39378852501271521813 0.30994019198260802650 0.03498154714660334230 
0.02654958428691919087 0.00000000099999999999 0.32093529661349440296 0.37162238021377991259 0.26670300401358204567 0.01418973387222440680 
0.00000000099999999999 0.00000000099999999999 0.24721037124441333499 0.71392141066120007320 0.03886821509438658645 0.00000000099999999999 
0.00000000099999999997 0.00000000099999999997 0.28415976100897288870 0.71584023499102711341 0.00000000099999999997 0.00000000099999999997 
0.00000000099999999999 0.00000000099999999999 0.26668602475881308944 0.60026153470627630071 0.10270575616944434272 0.03034668236546609124 
0.00069561920738480320 0.00000000099999999999 0.22112104604953489173 0.66240326999383791762 0.11578006274924237951 0.00000000099999999999 
0.01789729704973998595 0.00000000099999999998 0.24165010508512846377 0.67385938213633944649 0.06659321372879206669 0.00000000099999999998 
0.00000000099999999999 0.00000000099999999999 0.24746640941694117433 0.65255318498828518425 0.07833008847800471131 0.02165031511676891035 
0.00000000099999999997 0.00000000099999999997 0.28343846759643143152 0.71656152840356857059 0.00000000099999999997 0.00000000099999999997 
0.00000000099999999999 0.00000000099999999999 0.25031274056458213684 0.63711026398267056603 0.08936530573197516703 0.02321168772077221096 
0.00000000099999999999 0.00000000099999999999 0.18514151322465027816 0.73534825394708647206 0.07951022982826323748 0.00000000099999999999 
0.00000000099999999999 0.00000000099999999999 0.25834444955180979608 0.62076440802781596151 0.11762095466060146220 0.00327018575977290702 
0.00000000099999999991 0.00000000099999999991 0.00000000099999999991 0.99999999499999991937 0.00000000099999999991 0.00000000099999999991 
0.00000261780420570993 0.00000000099999999999 0.25063461529642089287 0.62900347687407298647 0.12035928802530035386 0.00000000099999999999 
0.00000000099999999998 0.00000000099999999998 0.25178211020982416146 0.69176267638788724312 0.05645521040228863169 0.00000000099999999998 
0.00000000099999999998 0.00000000099999999998 0.27575541711282719470 0.64740398977405000380 0.07684059011312265042 0.00000000099999999998 
0.00000000099999999999 0.00000000099999999999 0.21975182755574557136 0.62039232232890717533 0.12407481255498581385 0.03578103556036137112 
0.00000000099999999999 0.00000000099999999999 0.25610492515293842297 0.66594312372360031649 0.07644774600439044332 0.00150420311907083454 
0.00000000099999999999 0.00000000099999999999 0.20734050351913776988 0.72339810341003440985 0.06926139007082771082 0.00000000099999999999 
0.00005251765213045012 0.00000000099999999999 0.15900147878285703085 0.84094348560982346008 0.00000251595518906311 0.00000000099999999999 
0.44835204716536020131 0.34023915790393244318 0.06514851958456796543 0.09087748647470859920 0.01615046263718961095 0.03923232623424108972 
0.45798465758228340539 0.36302131651277330660 0.00000000100000000000 0.16958457773416552028 0.00648852057687417626 0.00292092659390369349 
0.47412090200067485979 0.38910310800250347274 0.00000000100000000000 0.06654873327223494173 0.04945271808986843182 0.02077453763471821466 
0.44981784504455518681 0.34942495984108101759 0.00000000100000000000 0.04677448462438160703 0.11638251405729378718 0.03760019543268843661 
0.42078541862796009498 0.38879677763010966896 0.00000000100000000000 0.09448354157405036702 0.03725763856201425028 0.05867662260586571643 
0.47855728043863771104 0.34122940050625921726 0.02286961150691425512 0.05790687168081502106 0.00474671943173208231 0.09469011643564169411 
0.44341537473972109096 0.35098753478834143760 0.01661182314536194596 0.08865504593460238336 0.06951320143681238850 0.03081701995516079873 
0.48524364258207058898 0.27357980263910836038 0.05388603021487684691 0.09139420792092423085 0.02999092896957239462 0.06590538767344773785 
0.46937669310959512226 0.32700188695048637566 0.02012619548216643475 0.04657002583251582811 0.07352529166442237085 0.06339990696081403143 
0.47235014322686452726 0.38105263454116322652 0.00000000633220588522 0.09273321948496469902 0.00000000100000000000 0.05386399541480165615 
0.00000000099999999998 0.00000000099999999998 0.14369857373858571647 0.82719375511686710212 0.02910766814454721421 0.00000000099999999998 
0.00392514589638911886 0.00000000099999999998 0.05986132146065434312 0.87749155814674972831 0.05872197249620669801 0.00000000099999999998 
0.00000000099999999997 0.00000000099999999997 0.04541917772552953037 0.91081457774338769884 0.04376624153108276544 0.00000000099999999997 
0.00000000099999999998 0.00000000099999999998 0.01544827818044464812 0.92928263265274335669 0.05526908616681201064 0.00000000099999999998 
0.00261371182138063745 0.00000000099999999999 0.03423676168987108831 0.83235945733453797768 0.13079006715421015450 0.00000000099999999999 
0.01942583540730819999 0.00000000099999999999 0.04745734192681770602 0.86224756754162579231 0.07086925312424834089 0.00000000099999999999 
0.00000000099999999997 0.00000000099999999997 0.05442266303371003783 0.94557733296628998509 0.00000000099999999997 0.00000000099999999997 
0.03427535996596037249 0.00000000099999999998 0.07683314622315198794 0.83722859821894568544 0.05166289359194192049 0.00000000099999999998 
0.00000000099999999997 0.00000000099999999997 0.00000000099999999997 0.98675233854806221334 0.01324765745193764825 0.00000000099999999997 
0.00000004868803391840 0.00000000099999999998 0.05204762434201248150 0.89118756978284496828 0.05676475518710868973 0.00000000099999999998 
0.13700744323649644008 0.00000000100000000000 0.54036367923472283792 0.00385846741113542602 0.13388026540521039132 0.18489014371243486790 
0.07876470822749975786 0.01671433055721974550 0.62047934775785362760 0.00000000112094769136 0.07224375339618016589 0.21179785894029909410 
0.11550786615476683894 0.00368225932251891111 0.45007501422251705581 0.10913887573695904565 0.14810674959503947190 0.17348923496819862455 
0.05395112051003395776 0.05376516225391288900 0.61825392892027331015 0.01199938692313833564 0.07623619642911882988 0.18579420496352269665 
0.03081981375519161209 0.00000000099999999999 0.11574587167035615964 0.47498283123964468722 0.37845148133480738251 0.00000000099999999999 
0.00000000099999999999 0.00000000099999999999 0.12800793733651746886 0.53202052106438457724 0.33997153859909795548 0.00000000099999999999 
0.00000000099999999999 0.00000000099999999999 0.13889150929933827272 0.56323261186964668212 0.29787587583101504674 0.00000000099999999999 
0.00000000099999999999 0.00000000099999999999 0.16373381387662941377 0.49355452517721415395 0.34215531866844778319 0.00055634027770868754 
0.00000000138390880120 0.00000000099999999998 0.13953571005126924609 0.47119911137246622834 0.38926517519235559472 0.00000000099999999998 
0.00000634656658531158 0.00000000099999999999 0.14871623576384662702 0.55681369862431717710 0.28006923322559185152 0.01439448481965907578 
0.00000000099999999993 0.00000000099999999993 0.99999999500000003039 0.00000000099999999993 0.00000000099999999993 0.00000000099999999993 
0.02031682730823660896 0.00000000100000000000 0.25192296808392178331 0.55345326969985397803 0.13711251050580802735 0.03719442340217957166 
0.00000000099999999999 0.00000000099999999999 0.34350843121802854263 0.41788852766620726564 0.20165230937119038579 0.03695072974457394577 
0.00000000099999999999 0.00000000099999999999 0.29451928916477398968 0.49488584233132432155 0.18420618037014824253 0.02638868613375354097 
0.02669795971692870418 0.00000000100000000000 0.28092354966974514285 0.51557711786454951675 0.14226730682300223196 0.03453406492577443948 
0.00007456675357587048 0.00000000099999999999 0.38721580449177372962 0.28852102631563530943 0.27185783195615953467 0.05233076948285551172 
0.01788779442348251494 0.00557692796743826120 0.24070547377747264495 0.44297736981850421856 0.26370986688639458384 0.02914256712670786412 
0.00000000099999999999 0.00000000099999999999 0.27876994483730560548 0.41607993543517701740 0.26157156199768399896 0.04357855572983326820 
0.03293865645076277798 0.00000000100000000000 0.30580257039223135429 0.33824722683859859140 0.26605228909076106270 0.05695925622764620028 
0.00670508485314765933 0.00000000100000000000 0.26502834770560890210 0.46017790935686719855 0.20973647007955734112 0.05835218700481895060 
0.00000000099999999999 0.00000000099999999999 0.28305062840489797482 0.45466233015954465868 0.22273655153528576500 0.03955048790027172745 
0.00000000100000000000 0.00000000100000000000 0.26075685312276586370 0.40574075143662102771 0.26320952449514850580 0.07029286894546454834 
0.01436632165049178678 0.00000000099999999999 0.27891007473048895493 0.41844436284844649387 0.25116303371840104086 0.03711620605217186980 
0.02545570835462057646 0.00000000099999999999 0.24190658126211142531 0.50089149469719929098 0.21079714453149164810 0.02094907015457703192 
0.02819703653552889031 0.00000000100000000000 0.45499140565916446066 0.14697681631615089337 0.30606005420121551452 0.06377468628794011329 
0.00000000099999999999 0.00000000099999999999 0.24893608613779377725 0.53777096767747489814 0.17685666186492460250 0.03643628231980667459 
0.35419225425096384496 0.00000000099999999996 0.00000000099999999996 0.62554488595334578616 0.02026285679569022474 0.00000000099999999996 
0.99999999500000003039 0.00000000099999999990 0.00000000099999999990 0.00000000099999999990 0.00000000099999999990 0.00000000099999999990 
0.99999999500000003039 0.00000000099999999989 0.00000000099999999989 0.00000000099999999989 0.00000000099999999989 0.00000000099999999989 
0.99999999500000014141 0.00000000099999999993 0.00000000099999999993 0.00000000099999999993 0.00000000099999999993 0.00000000099999999993 
0.99999999500000014141 0.00000000099999999989 0.00000000099999999989 0.00000000099999999989 0.00000000099999999989 0.00000000099999999989 
0.99999999500000014141 0.00000000099999999989 0.00000000099999999989 0.00000000099999999989 0.00000000099999999989 0.00000000099999999989 
0.99999999500000014141 0.00000000099999999993 0.00000000099999999993 0.00000000099999999993 0.00000000099999999993 0.00000000099999999993 
0.99999999500000014141 0.00000000099999999990 0.00000000099999999990 0.00000000099999999990 0.00000000099999999990 0.00000000099999999990 
0.81974223441794902278 0.00000000099999999996 0.00000000099999999996 0.18025776158205111810 0.00000000099999999996 0.00000000099999999996 
0.99999999500000014141 0.00000000099999999992 0.00000000099999999992 0.00000000099999999992 0.00000000099999999992 0.00000000099999999992 
0.00689267188962359480 0.00000000099999999999 0.13342729061522357048 0.71231103347053426056 0.12436476521411475582 0.02300423781050379632 
0.00000000099999999997 0.00000000099999999997 0.10390841580070409034 0.74490579381441102136 0.15118578738488475111 0.00000000099999999997 
0.09417034749794835069 0.00000000100000000000 0.00000000100000000000 0.81384657436228924343 0.07215205415150210966 0.01983102198826043258 
0.16234741068658373186 0.00000000099999999998 0.00000000099999999998 0.83592068470448810391 0.00173190160892792750 0.00000000099999999998 
0.16268410278181649753 0.00000000099999999998 0.00000000099999999998 0.79946750596554860824 0.03784838825263479173 0.00000000099999999998 
0.17344227696042091580 0.00000000099999999998 0.00000000099999999998 0.82162646942981698572 0.00493125060976215383 0.00000000099999999998 
0.04904871622448877394 0.00000000099999999996 0.00000000099999999996 0.95095127977551130449 0.00000000099999999996 0.00000000099999999996 
0.14207687554908349226 0.00000000099999999997 0.00000000099999999997 0.83201568671396708421 0.02590743473694941817 0.00000000099999999997 
0.04506687343443359361 0.00000000099999999998 0.00000000099999999998 0.92514264913399524293 0.02979047443157105748 0.00000000099999999998 
0.07857114017428415420 0.00000000099999999997 0.00000000099999999997 0.90019914874606954402 0.02122970807964631723 0.00000000099999999997 
0.13413316664618743501 0.00000000099999999995 0.00000000099999999995 0.86586682935381253934 0.00000000099999999995 0.00000000099999999995 
0.11657083914951554826 0.00000000099999999996 0.00000000099999999996 0.88342915685048439833 0.00000000099999999996 0.00000000099999999996 
0.08193899794662878877 0.00000000099999999996 0.00000000099999999996 0.91806099805337126885 0.00000000099999999996 0.00000000099999999996 
0.09340945763002632407 0.00000000099999999997 0.00000000099999999997 0.86267379542838473760 0.04391674394158880806 0.00000000099999999997 
0.10478325413707956226 0.00000000099999999997 0.00000000099999999997 0.89521674186292043984 0.00000000099999999997 0.00000000099999999997 
0.13620921176427269739 0.00000000099999999998 0.00000000099999999998 0.83253620652776927358 0.03125457870795795429 0.00000000099999999998 
0.10392112793127894488 0.00000000099999999997 0.00000000099999999997 0.89607886806872094621 0.00000000099999999997 0.00000000099999999997 
0.03917620576666992760 0.00000000099999999997 0.00000000099999999997 0.96082379023332997736 0.00000000099999999997 0.00000000099999999997 
0.04308796532336912899 0.00000000099999999998 0.00000000099999999998 0.95691203067663088699 0.00000000099999999998 0.00000000099999999998 
0.04517033862759377988 0.00000000099999999996 0.00000000099999999996 0.95482965737240632631 0.00000000099999999996 0.00000000099999999996 
0.15141896209014987784 0.00000000099999999997 0.00000000099999999997 0.84858103390985006875 0.00000000099999999997 0.00000000099999999997 
0.00697495055641119723 0.00000000099999999997 0.00000000099999999997 0.99302504544358871641 0.00000000099999999997 0.00000000099999999997 
0.04776324906380180479 0.00000000099999999998 0.00000000099999999998 0.95223674693619819731 0.00000000099999999998 0.00000000099999999998 
0.10556426477063649005 0.00000000099999999998 0.00000000099999999998 0.88431512505191178786 0.00000000099999999998 0.01012060717745185724 
0.00000000099999999994 0.00000000099999999994 0.99999999500000003039 0.00000000099999999994 0.00000000099999999994 0.00000000099999999994 
0.00000000099999999993 0.00000000099999999993 0.99999999499999991937 0.00000000099999999993 0.00000000099999999993 0.00000000099999999993 
0.69429467935720245997 0.00926663828395323484 0.22486252848517257474 0.00000000099999999999 0.00000000099999999999 0.07157615187367197263 
0.77882641431933563592 0.00000000099999999999 0.21982228645541135315 0.00000000099999999999 0.00000000099999999999 0.00135129622525321309 
0.68401819974781008504 0.02866912172212831775 0.23675180771315360029 0.00000000099999999999 0.00000000099999999999 0.05056086881690807083 
0.74038710063949841889 0.00000000099999999999 0.00000000099999999999 0.25961285745656842439 0.00000000099999999999 0.00000003890393327027 
0.77601396703429836865 0.00768646093147638994 0.17231877601040498926 0.00000000100000000000 0.00000000100000000000 0.04398079402382041453 
0.76251865585040201623 0.00000000099999999999 0.18775693379096275448 0.00000000099999999999 0.00000000099999999999 0.04972440735863536271 
0.74682548467979903428 0.01249025535453297288 0.19479886125716400214 0.00000000099999999999 0.00000000099999999999 0.04588539670850410451 
0.55552414775487823917 0.03164645792208853337 0.29907987294735138839 0.00000000100000000000 0.00004179892501338471 0.11370772145066856962 
0.74171707091228811226 0.00000000099999999999 0.18705120130848523763 0.00000000099999999999 0.00000000099999999999 0.07123172477922662393 
0.80194266574756567501 0.00000000099999999999 0.19692005613690552468 0.00000000099999999999 0.00000000099999999999 0.00113727511552886087 
0.69875883435076946437 0.00000000099999999999 0.23616374386574645605 0.00000000099999999999 0.00000000099999999999 0.06507741878348413667 
0.70605216085537192416 0.02925054183039281150 0.24895555449864908981 0.00000000099999999999 0.00000000099999999999 0.01574174081558621721 
0.19396721038003006399 0.07051244200550299546 0.39916261054957369314 0.06326921129611419448 0.05389997497516568759 0.21918855079361335148 
0.06789243416183547708 0.00000000099999999999 0.24444834587180580554 0.46007088303258220074 0.22599499628992439360 0.00159333964385199498 
0.04465171935370671613 0.00000000099999999999 0.27793317573470172066 0.35215585653955955303 0.32525924637203196266 0.00000000099999999999 
0.05177884930474666025 0.00000000099999999999 0.29143738592592510761 0.36935496859858762964 0.28151493580808334416 0.00591385936265725366 
0.05010859549931567791 0.00000000099999999999 0.31198124482797184864 0.29799630508754409997 0.33991385258516831902 0.00000000099999999999 
0.02439841562294789087 0.00000000099999999999 0.31715070507043513492 0.34379716477349031578 0.31465371253312657274 0.00000000099999999999 
0.00273640314444128195 0.00000000099999999999 0.33808975271150143449 0.35548071597463076765 0.30369312616942639727 0.00000000099999999999 
0.01261398554314501277 0.00000000099999999999 0.33552895370678748055 0.39092767364396968643 0.26092938510609775538 0.00000000099999999999 
0.03409187157544002478 0.00000000099999999999 0.32609581147616534258 0.30639983483419858112 0.30424651494549520558 0.02916596616870077360 
0.03330221316104244739 0.00000000099999999999 0.35539107551042459221 0.29502022027035063045 0.31628648905818212977 0.00000000099999999999 
0.01335481169732966565 0.00000000099999999999 0.32064213874111369140 0.37471352924975243059 0.28348106003046164014 0.00780845928134255799 
0.07861761600656672067 0.00000000099999999999 0.29860473072808324524 0.34185430258043725260 0.27346410231839946015 0.00745924736651333749 
0.03318944714722761591 0.00000000099999999999 0.30067909779926416114 0.29049873594767666729 0.36065997428953694426 0.01497274381629462754 
0.02844698446301623454 0.00000000099999999999 0.33467618147422278918 0.33132266939872939693 0.27457995727474188152 0.03097420638928982325 
0.02825897212553384052 0.00000000099999999999 0.30685532016481925632 0.35493034831211578428 0.30954299849184013782 0.00041235990569081862 
0.00000000099999999999 0.00000000099999999999 0.34139429764575907056 0.31621154874781215449 0.32150503444811523446 0.02088911715831344787 
0.00000001694863952181 0.00000000099999999999 0.31366527243223252253 0.38122869790802893508 0.29757442303613712564 0.00753158867496182740 
0.02367279611096671788 0.00000000099999999999 0.34177341445703002254 0.36279042609736955605 0.27176336133463374622 0.00000000099999999999 
0.06612945767171091171 0.00000000099999999999 0.37285089603363125166 0.28684463901960915999 0.27202100275926827111 0.00215400351578044639 
0.00000000099999999999 0.00000000099999999999 0.35231798950706938456 0.32604973768110440124 0.29108846628532658585 0.03054380452649957736 
0.01312757431855395875 0.00000000099999999999 0.35038473157218286147 0.32354556284503921404 0.31294212926422404486 0.00000000099999999999 
0.00000000099999999995 0.00000000099999999995 0.99999999499999991937 0.00000000099999999995 0.00000000099999999995 0.00000000099999999995 
0.01988083205226198399 0.00000000099999999998 0.02202854135375622788 0.95809062359398178277 0.00000000099999999998 0.00000000099999999998 
0.00000000099999999998 0.00000000099999999998 0.07682382820397204437 0.92317616779602795773 0.00000000099999999998 0.00000000099999999998 
0.00000000099999999998 0.00000000099999999998 0.03741645949727844672 0.96258353650272143742 0.00000000099999999998 0.00000000099999999998 
0.00000000099999999998 0.00000000099999999998 0.05941191223817494926 0.94058808376182512223 0.00000000099999999998 0.00000000099999999998 
0.00000000099999999994 0.00000000099999999994 0.00000000099999999994 0.99999999499999991937 0.00000000099999999994 0.00000000099999999994 
0.03466998868462457112 0.00000000099999999998 0.01500530546684076573 0.95032470284853465259 0.00000000099999999998 0.00000000099999999998 
0.00000000099999999989 0.00000000099999999989 0.00000000099999999989 0.99999999500000003039 0.00000000099999999989 0.00000000099999999989 
0.00000000099999999995 0.00000000099999999995 0.00000000099999999995 0.99999999500000003039 0.00000000099999999995 0.00000000099999999995 
0.00000000099999999997 0.00000000099999999997 0.00000000099999999997 0.99999999500000003039 0.00000000099999999997 0.00000000099999999997 
0.00000000099999999998 0.00000000099999999998 0.07447740502566371767 0.92552259097433642321 0.00000000099999999998 0.00000000099999999998 
0.00000000099999999994 0.00000000099999999994 0.00000000099999999994 0.99999999500000003039 0.00000000099999999994 0.00000000099999999994 
0.00000000099999999997 0.00000000099999999997 0.04350491611338709597 0.95649507988661297553 0.00000000099999999997 0.00000000099999999997 
0.00000000099999999996 0.00000000099999999996 0.00000000442369570080 0.99999999157630437008 0.00000000099999999996 0.00000000099999999996 
0.01821145520120962327 0.00000000099999999998 0.00000000099999999998 0.23031932875768165725 0.75146921304110858575 0.00000000099999999998 
0.00000000099999999991 0.00000000099999999991 0.00000000099999999991 0.99999999500000003039 0.00000000099999999991 0.00000000099999999991 
0.00002157821826251149 0.00000000099999999997 0.00000000099999999997 0.20345299831656471490 0.79652542046517271768 0.00000000099999999997 
0.00000000099999999997 0.00000000099999999997 0.00000000099999999997 0.14309103018061283819 0.85690896581938713616 0.00000000099999999997 
0.01869909863812586545 0.00000000099999999998 0.00000000099999999998 0.28647438159713911610 0.69482651676473483615 0.00000000099999999998 
0.00000000099999999996 0.00000000099999999996 0.00000000099999999996 0.16737863465027560950 0.83262136134972442036 0.00000000099999999996 
0.05028126398015473481 0.00000000099999999998 0.00000000099999999998 0.07533200978727121189 0.87438672323257404795 0.00000000099999999998 
0.05929988333469751044 0.00000000099999999999 0.10635372413478404174 0.11944222768513292066 0.71490416284538560454 0.00000000099999999999 
0.02270317582401100084 0.00000000099999999997 0.00000000099999999997 0.25667234811129130412 0.72062447306469767927 0.00000000099999999997 
0.00000000099999999997 0.00000000099999999997 0.00000000099999999997 0.19626217504756512944 0.80373782095243484491 0.00000000099999999997 
0.00008129815664701363 0.00000000099999999997 0.00000000099999999997 0.25045676916740722273 0.74946192967594582601 0.00000000099999999997 
0.01559869602036919982 0.00000000099999999998 0.00000000099999999998 0.15893317060031217358 0.82546813037931865420 0.00000000099999999998 
0.00000000099999999993 0.00000000099999999993 0.00000000099999999993 0.00000000099999999993 0.99999999499999991937 0.00000000099999999993 
0.00000000099999999993 0.00000000099999999993 0.00000000099999999993 0.00000000099999999993 0.99999999499999991937 0.00000000099999999993 
0.00000000099999999998 0.00000000099999999998 0.00000000099999999998 0.04846629929728712288 0.95153369670271281677 0.00000000099999999998 
0.00000000099999999995 0.00000000099999999995 0.00000000099999999995 0.00000000099999999995 0.99999999500000003039 0.00000000099999999995 
0.00006991283648891181 0.00000000099999999997 0.00000000099999999997 0.00000000099999999997 0.99993008316351106313 0.00000000099999999997 
0.00000000099999999998 0.00000000099999999998 0.00000000099999999998 0.03035352054673649477 0.96964647545326343447 0.00000000099999999998 
0.00000000099999999996 0.00000000099999999996 0.00000000099999999996 0.00000000099999999996 0.99999999500000003039 0.00000000099999999996 
0.00000000099999999994 0.00000000099999999994 0.00000000099999999994 0.00000000099999999994 0.99999999500000003039 0.00000000099999999994 
0.00000000099999999995 0.00000000099999999995 0.00000000099999999995 0.00000000099999999995 0.99999999499999991937 0.00000000099999999995 
0.00000000099999999997 0.00000000099999999997 0.00000000099999999997 0.00000000099999999997 0.99999999499999991937 0.00000000099999999997 
0.00000000099999999998 0.00000000099999999998 0.00000000099999999998 0.00000000099999999998 0.99999999500000003039 0.00000000099999999998 
0.00000000099999999997 0.00000000099999999997 0.00000000099999999997 0.05479315506841135608 0.94520684093158868766 0.00000000099999999997 
0.00000000099999999996 0.00000000099999999996 0.00000000099999999996 0.00000000099999999996 0.99999999500000003039 0.00000000099999999996 
0.00000000099999999996 0.00000000099999999996 0.00000000099999999996 0.03451602205118523697 0.96548397394881479983 0.00000000099999999996 
0.02641069451535293239 0.00000000099999999999 0.00000000099999999999 0.06004348118445367033 0.91354582130019335029 0.00000000099999999999 
0.97169609274661572496 0.00000000099999999997 0.00000000099999999997 0.02830390325338445756 0.00000000099999999997 0.00000000099999999997 
0.99999999500000003039 0.00000000099999999996 0.00000000099999999996 0.00000000099999999996 0.00000000099999999996 0.00000000099999999996 
0.99999999500000003039 0.00000000099999999996 0.00000000099999999996 0.00000000099999999996 0.00000000099999999996 0.00000000099999999996 
0.99999944896840153863 0.00000000099999999996 0.00000000099999999996 0.00000000099999999996 0.00000054703159842720 0.00000000099999999996 
0.99999999500000003039 0.00000000099999999998 0.00000000099999999998 0.00000000099999999998 0.00000000099999999998 0.00000000099999999998 
0.99999999500000014141 0.00000000099999999996 0.00000000099999999996 0.00000000099999999996 0.00000000099999999996 0.00000000099999999996 
0.99999999500000003039 0.00000000099999999996 0.00000000099999999996 0.00000000099999999996 0.00000000099999999996 0.00000000099999999996 
0.99999999500000003039 0.00000000099999999995 0.00000000099999999995 0.00000000099999999995 0.00000000099999999995 0.00000000099999999995 
0.90197105393469423351 0.00000000099999999999 0.01231282882437834993 0.05301247619339533035 0.03039387922697752223 0.00230976082055476227 
0.99999999500000014141 0.00000000099999999995 0.00000000099999999995 0.00000000099999999995 0.00000000099999999995 0.00000000099999999995 
0.99999999500000003039 0.00000000099999999996 0.00000000099999999996 0.00000000099999999996 0.00000000099999999996 0.00000000099999999996 
0.99999999500000003039 0.00000000099999999995 0.00000000099999999995 0.00000000099999999995 0.00000000099999999995 0.00000000099999999995 
0.99999999500000003039 0.00000000099999999996 0.00000000099999999996 0.00000000099999999996 0.00000000099999999996 0.00000000099999999996 
0.99999999500000014141 0.00000000099999999996 0.00000000099999999996 0.00000000099999999996 0.00000000099999999996 0.00000000099999999996 
0.99999999500000014141 0.00000000099999999996 0.00000000099999999996 0.00000000099999999996 0.00000000099999999996 0.00000000099999999996 
0.99999999500000003039 0.00000000099999999994 0.00000000099999999994 0.00000000099999999994 0.00000000099999999994 0.00000000099999999994 
0.99999999500000003039 0.00000000099999999995 0.00000000099999999995 0.00000000099999999995 0.00000000099999999995 0.00000000099999999995 
0.99999999500000014141 0.00000000099999999994 0.00000000099999999994 0.00000000099999999994 0.00000000099999999994 0.00000000099999999994 
0.99999999500000003039 0.00000000099999999996 0.00000000099999999996 0.00000000099999999996 0.00000000099999999996 0.00000000099999999996 
0.99999999500000003039 0.00000000099999999996 0.00000000099999999996 0.00000000099999999996 0.00000000099999999996 0.00000000099999999996 
0.99999999500000003039 0.00000000099999999997 0.00000000099999999997 0.00000000099999999997 0.00000000099999999997 0.00000000099999999997 
0.00000000099999999994 0.00000000099999999994 0.99999999499999991937 0.00000000099999999994 0.00000000099999999994 0.00000000099999999994 
0.54027410646638496239 0.04897782835708736071 0.26189512401650316686 0.00000000372086871382 0.04486196367209321217 0.10399097376706249729 
0.84716162774519110368 0.00000000099999999994 0.00000000099999999994 0.15283836825480903721 0.00000000099999999994 0.00000000099999999994 
0.18454154662918997865 0.00000000099999999998 0.00000000099999999998 0.81372451128738809700 0.00000000099999999998 0.00173393908342202871 
0.78161138217611170198 0.00000000099999999995 0.00000000099999999995 0.21838861382388838339 0.00000000099999999995 0.00000000099999999995 
0.70697285019408473428 0.00000000099999999996 0.00000000099999999996 0.29302714580591537885 0.00000000099999999996 0.00000000099999999996 
0.99999999500000003039 0.00000000099999999988 0.00000000099999999988 0.00000000099999999988 0.00000000099999999988 0.00000000099999999988 
0.99999999500000003039 0.00000000099999999991 0.00000000099999999991 0.00000000099999999991 0.00000000099999999991 0.00000000099999999991 
0.00000000099999999993 0.00000000099999999993 0.00000000099999999993 0.99999999500000003039 0.00000000099999999993 0.00000000099999999993 
0.00961999153994873117 0.00000000099999999995 0.00000000099999999995 0.99038000446005125532 0.00000000099999999995 0.00000000099999999995 
0.00000000099999999993 0.00000000099999999993 0.00000000099999999993 0.99999999499999991937 0.00000000099999999993 0.00000000099999999993 
0.00000000099999999994 0.00000000099999999994 0.00000000099999999994 0.99999999500000003039 0.00000000099999999994 0.00000000099999999994 
0.00000000099999999992 0.00000000099999999992 0.00000000099999999992 0.99999999499999991937 0.00000000099999999992 0.00000000099999999992 
0.00000000099999999993 0.00000000099999999993 0.00000000099999999993 0.99999999499999991937 0.00000000099999999993 0.00000000099999999993 
0.00000000099999999994 0.00000000099999999994 0.00000000099999999994 0.99999999500000003039 0.00000000099999999994 0.00000000099999999994 
0.00004855705022317742 0.00000000099999999995 0.00000000099999999995 0.99995143894977689403 0.00000000099999999995 0.00000000099999999995 
0.00000000099999999993 0.99999999500000014141 0.00000000099999999993 0.00000000099999999993 0.00000000099999999993 0.00000000099999999993 
0.00000000099999999987 0.99999999500000014141 0.00000000099999999987 0.00000000099999999987 0.00000000099999999987 0.00000000099999999987 
0.00000000099999999993 0.99999999500000014141 0.00000000099999999993 0.00000000099999999993 0.00000000099999999993 0.00000000099999999993 
0.00000000099999999995 0.99999999500000014141 0.00000000099999999995 0.00000000099999999995 0.00000000099999999995 0.00000000099999999995 
0.00000000099999999988 0.99999999500000003039 0.00000000099999999988 0.00000000099999999988 0.00000000099999999988 0.00000000099999999988 
0.00000000099999999995 0.99999999500000003039 0.00000000099999999995 0.00000000099999999995 0.00000000099999999995 0.00000000099999999995 
0.00000000099999999991 0.99999999500000003039 0.00000000099999999991 0.00000000099999999991 0.00000000099999999991 0.00000000099999999991 
0.00000000099999999992 0.99999999500000014141 0.00000000099999999992 0.00000000099999999992 0.00000000099999999992 0.00000000099999999992 
0.00000000099999999992 0.99999999500000014141 0.00000000099999999992 0.00000000099999999992 0.00000000099999999992 0.00000000099999999992 
0.00000000099999999990 0.99999999500000003039 0.00000000099999999990 0.00000000099999999990 0.00000000099999999990 0.00000000099999999990 
0.00000000099999999998 0.00000000099999999998 0.16742979355698442423 0.70343188603060646802 0.12879940844139647904 0.00033890997101260233 
0.00000000099999999998 0.00000000099999999998 0.18826756782717582461 0.65586483616882462755 0.15586759300399935513 0.00000000099999999998 
0.00000000099999999998 0.00000000099999999998 0.14950749613715713648 0.67684458943689251864 0.17364791142595042972 0.00000000099999999998 
0.00000000099999999999 0.00000000099999999999 0.18156480623619936088 0.70073922522521203682 0.11018826362778703920 0.00750770291080138548 
0.00000000099999999998 0.00000000099999999998 0.17278555728899219757 0.64633660665723946526 0.18087783305376828324 0.00000000099999999998 
0.00000000099999999998 0.00000000099999999998 0.19871038420265799140 0.66562604236639499877 0.13566357043094706691 0.00000000099999999998 
0.00000000099999999998 0.00000000099999999998 0.21390418786332437984 0.59616653791325469047 0.18992927122342087576 0.00000000099999999998 
0.00000000099999999998 0.00000000099999999998 0.18846903259509392714 0.62545927213839758174 0.18607169226650846494 0.00000000099999999998 
0.00000000099999999998 0.00000000099999999998 0.16316246532004866077 0.67492685250002992792 0.16191067917992132963 0.00000000099999999998 
0.00000000099999999998 0.00000000099999999998 0.15405520160594235457 0.66161821411037524676 0.18432658128368226147 0.00000000099999999998 
0.00000000099999999998 0.00000000099999999998 0.18852094166716337753 0.63253002538749714123 0.17894902994533948282 0.00000000099999999998 
0.00000000099999999998 0.00000000099999999998 0.24664202112828723101 0.62257130375775360243 0.13078667211395911263 0.00000000099999999998 
0.00000000099999999998 0.00000000099999999998 0.20946600791283095933 0.62561277874933107768 0.16492121033783785355 0.00000000099999999998 
0.00231545457113366314 0.00000000099999999998 0.14552114257934431474 0.70913356307979213966 0.14302983776972982843 0.00000000099999999998 
0.00000000099999999998 0.00000000099999999998 0.18661807298543439670 0.66763733039722517049 0.14574459361734048990 0.00000000099999999998 
0.00000000099999999998 0.00000000099999999998 0.13557882051418618241 0.68080632432418053401 0.18361485216163325740 0.00000000099999999998 
0.00373881646724651866 0.00000000099999999997 0.00000000099999999997 0.90574589352190437719 0.09051528701084901596 0.00000000099999999997 
0.00000000099999999998 0.00000000099999999998 0.00000000099999999998 0.85361075062792135526 0.14638924537207850807 0.00000000099999999998 
0.00000000099999999998 0.00000000099999999998 0.00000000099999999998 0.88249145659506711414 0.11750853940493269367 0.00000000099999999998 
0.00007779126502799144 0.00000000099999999998 0.00000000099999999998 0.92506891637366783776 0.07485328936130414279 0.00000000099999999998 
0.04049339530900680079 0.00000000099999999999 0.00168713655931589449 0.86922580932206450210 0.08859365680961284184 0.00000000099999999999 
0.05647088055679054530 0.00000000099999999998 0.00000000099999999998 0.82339029617677061967 0.12013882026643882273 0.00000000099999999998 
0.03172612538079374461 0.00000000099999999998 0.02026209933763723284 0.81802677887724239980 0.12998499440432667584 0.00000000099999999998 
0.04903173520310348532 0.00000000099999999996 0.00000000099999999996 0.83056710817966261651 0.12040115361723385812 0.00000000099999999996 
0.00000000099999999997 0.00000000099999999997 0.00000000099999999997 0.86144739730732677874 0.13855259869267322337 0.00000000099999999997 
0.09498011824816024462 0.00000000099999999997 0.00000000099999999997 0.84732529921313171073 0.05769457953870801153 0.00000000099999999997 
0.00784615024037784402 0.00000000099999999998 0.00000000099999999998 0.91253921113201730275 0.07961463562760474899 0.00000000099999999998 
0.03405371409152996992 0.00000000099999999999 0.01368170405145195841 0.80650493498296549344 0.13373685889596440002 0.01202278697808806598 
0.00000000099999999997 0.00000000099999999997 0.00000000099999999997 0.97827659804254274434 0.02172339795745730287 0.00000000099999999997 
0.00000000099999999998 0.00000000099999999998 0.03434472957956879319 0.86509871483600331299 0.09983978600760015643 0.00071676757682776881 
0.02460119412227525920 0.00000000099999999999 0.03181489910000540738 0.83659858582706714270 0.10698531895065223341 0.00000000099999999999 
0.00000000099999999996 0.00000000099999999996 0.00000000099999999996 0.86161657900165722346 0.13838341699834266763 0.00000000099999999996 
0.00000000099999999997 0.00000000099999999997 0.00000000099999999997 0.86672851966833353021 0.13193753100226685016 0.00133394632939953860 
0.00000000099999999997 0.00000000099999999997 0.00000000099999999997 0.83101277280437702011 0.16898722319562295424 0.00000000099999999997 
0.00000000099999999998 0.00000000099999999998 0.00000000099999999998 0.82392842029612256560 0.17607157570387743650 0.00000000099999999998 
0.00000000099999999998 0.00000000099999999998 0.00341810183296747125 0.76599509568561363615 0.23058679948141885818 0.00000000099999999998 
0.00000000099999999997 0.00000000099999999997 0.00000000099999999997 0.86400579263787469220 0.13599420336212517113 0.00000000099999999997 
