0.00000000099999999994 0.00000000099999999994 0.00000000099999999994 0.00000000099999999994 0.00000000099999999994 0.00000000099999999994 0.00000000099999999994 0.00000000099999999994 0.99999998400000023047 0.00000000099999999994 0.00000000099999999994 0.00000000099999999994 0.00000000099999999994 0.00000000099999999994 0.00000000099999999994 0.00000000099999999994 0.00000000099999999994 
0.00000000099999999986 0.00000000099999999986 0.00000000099999999986 0.00000000099999999986 0.00000000099999999986 0.00000000099999999986 0.00000000099999999986 0.00000000099999999986 0.99999998400000011944 0.00000000099999999986 0.00000000099999999986 0.00000000099999999986 0.00000000099999999986 0.00000000099999999986 0.00000000099999999986 0.00000000099999999986 0.00000000099999999986 
0.00000000099999999991 0.00000000099999999991 0.00000000099999999991 0.00000000099999999991 0.00000000099999999991 0.00000000099999999991 0.00000000099999999991 0.00000000099999999991 0.99999998400000023047 0.00000000099999999991 0.00000000099999999991 0.00000000099999999991 0.00000000099999999991 0.00000000099999999991 0.00000000099999999991 0.00000000099999999991 0.00000000099999999991 
0.00000000099999999984 0.00000000099999999984 0.00000000099999999984 0.00000000099999999984 0.00000000099999999984 0.00000000099999999984 0.00000000099999999984 0.00000000099999999984 0.99999998400000023047 0.00000000099999999984 0.00000000099999999984 0.00000000099999999984 0.00000000099999999984 0.00000000099999999984 0.00000000099999999984 0.00000000099999999984 0.00000000099999999984 
0.00000000099999999990 0.00000000099999999990 0.00000000099999999990 0.00000000099999999990 0.00000000099999999990 0.00000000099999999990 0.00000000099999999990 0.00000000099999999990 0.99999998400000023047 0.00000000099999999990 0.00000000099999999990 0.00000000099999999990 0.00000000099999999990 0.00000000099999999990 0.00000000099999999990 0.00000000099999999990 0.00000000099999999990 
0.00000000099999999997 0.00000000099999999997 0.00000000099999999997 0.00000000099999999997 0.00000000099999999997 0.04256269830171276886 0.00000000099999999997 0.00000000099999999997 0.95654533736195679339 0.00000000099999999997 0.00000000099999999997 0.00000000099999999997 0.00000000099999999997 0.00089195033633049348 0.00000000099999999997 0.00000000099999999997 0.00000000099999999997 
0.00000000099999999993 0.00000000099999999993 0.00653307966984586087 0.00000000099999999993 0.00000000099999999993 0.00000000099999999993 0.00000000099999999993 0.00000000099999999993 0.99346690533015435953 0.00000000099999999993 0.00000000099999999993 0.00000000099999999993 0.00000000099999999993 0.00000000099999999993 0.00000000099999999993 0.00000000099999999993 0.00000000099999999993 
0.00000000099999999997 0.00000000099999999997 0.07150392499593716256 0.00000000099999999997 0.00000000099999999997 0.01712359400000502963 0.02854924108503096442 0.00000000099999999997 0.84436959210749273907 0.00000000099999999997 0.03845363581153428412 0.00000000099999999997 0.00000000099999999997 0.00000000099999999997 0.00000000099999999997 0.00000000099999999997 0.00000000099999999997 
0.00000000099999999991 0.00000000099999999991 0.00000000099999999991 0.00000000099999999991 0.00000000099999999991 0.00000000099999999991 0.00000000099999999991 0.00000000099999999991 0.99999998400000011944 0.00000000099999999991 0.00000000099999999991 0.00000000099999999991 0.00000000099999999991 0.00000000099999999991 0.00000000099999999991 0.00000000099999999991 0.00000000099999999991 
0.00000000099999999996 0.00000000099999999996 0.05600677302120873891 0.00000000099999999996 0.00000000099999999996 0.02764135931316948763 0.02132700638862170331 0.00000000099999999996 0.89502484827700024006 0.00000000099999999996 0.00000000099999999996 0.00000000099999999996 0.00000000099999999996 0.00000000099999999996 0.00000000099999999996 0.00000000099999999996 0.00000000099999999996 
0.00000000099999999988 0.00000000099999999988 0.00000000099999999988 0.00000000099999999988 0.00000000099999999988 0.00000000099999999988 0.00000000099999999988 0.00000000099999999988 0.99999998400000011944 0.00000000099999999988 0.00000000099999999988 0.00000000099999999988 0.00000000099999999988 0.00000000099999999988 0.00000000099999999988 0.00000000099999999988 0.00000000099999999988 
0.00000000099999999990 0.00000000099999999990 0.00000000099999999990 0.00000000099999999990 0.00000000099999999990 0.00000000099999999990 0.00000000099999999990 0.00000000099999999990 0.99999998400000011944 0.00000000099999999990 0.00000000099999999990 0.00000000099999999990 0.00000000099999999990 0.00000000099999999990 0.00000000099999999990 0.00000000099999999990 0.00000000099999999990 
0.00000000099999999994 0.00000000099999999994 0.00000000099999999994 0.00000000099999999994 0.00000000099999999994 0.00000000099999999994 0.00670003484059405411 0.00000000099999999994 0.98017636586842860069 0.00000000099999999994 0.00000000099999999994 0.00000000099999999994 0.00000000099999999994 0.00000000099999999994 0.01312358529097741762 0.00000000099999999994 0.00000000099999999994 
0.00000000099999999970 0.00000000099999999970 0.00000000099999999970 0.00000000099999999970 0.99999998400000023047 0.00000000099999999970 0.00000000099999999970 0.00000000099999999970 0.00000000099999999970 0.00000000099999999970 0.00000000099999999970 0.00000000099999999970 0.00000000099999999970 0.00000000099999999970 0.00000000099999999970 0.00000000099999999970 0.00000000099999999970 
0.00000000099999999981 0.00000000099999999981 0.00000000099999999981 0.00000000099999999981 0.99999998400000034149 0.00000000099999999981 0.00000000099999999981 0.00000000099999999981 0.00000000099999999981 0.00000000099999999981 0.00000000099999999981 0.00000000099999999981 0.00000000099999999981 0.00000000099999999981 0.00000000099999999981 0.00000000099999999981 0.00000000099999999981 
0.00000000099999999982 0.00000000099999999982 0.00000000099999999982 0.00000000099999999982 0.99999998400000034149 0.00000000099999999982 0.00000000099999999982 0.00000000099999999982 0.00000000099999999982 0.00000000099999999982 0.00000000099999999982 0.00000000099999999982 0.00000000099999999982 0.00000000099999999982 0.00000000099999999982 0.00000000099999999982 0.00000000099999999982 
0.00000000099999999985 0.00000000099999999985 0.00000000099999999985 0.00000000099999999985 0.99999998400000023047 0.00000000099999999985 0.00000000099999999985 0.00000000099999999985 0.00000000099999999985 0.00000000099999999985 0.00000000099999999985 0.00000000099999999985 0.00000000099999999985 0.00000000099999999985 0.00000000099999999985 0.00000000099999999985 0.00000000099999999985 
0.00000000099999999983 0.00000000099999999983 0.00000000099999999983 0.00000000099999999983 0.99999998400000034149 0.00000000099999999983 0.00000000099999999983 0.00000000099999999983 0.00000000099999999983 0.00000000099999999983 0.00000000099999999983 0.00000000099999999983 0.00000000099999999983 0.00000000099999999983 0.00000000099999999983 0.00000000099999999983 0.00000000099999999983 
0.00000000099999999980 0.00000000099999999980 0.00000000099999999980 0.00000000099999999980 0.99999998400000034149 0.00000000099999999980 0.00000000099999999980 0.00000000099999999980 0.00000000099999999980 0.00000000099999999980 0.00000000099999999980 0.00000000099999999980 0.00000000099999999980 0.00000000099999999980 0.00000000099999999980 0.00000000099999999980 0.00000000099999999980 
0.00000000099999999976 0.00000000099999999976 0.00000000099999999976 0.00000000099999999976 0.99999998400000023047 0.00000000099999999976 0.00000000099999999976 0.00000000099999999976 0.00000000099999999976 0.00000000099999999976 0.00000000099999999976 0.00000000099999999976 0.00000000099999999976 0.00000000099999999976 0.00000000099999999976 0.00000000099999999976 0.00000000099999999976 
0.00000000099999999991 0.00000000099999999991 0.00000000099999999991 0.00000000099999999991 0.99999773965234839412 0.00000000099999999991 0.00000000099999999991 0.00000000099999999991 0.00000000099999999991 0.00000000099999999991 0.00000000099999999991 0.00000000099999999991 0.00000000099999999991 0.00000000099999999991 0.00000000099999999991 0.00000000099999999991 0.00000224534765195724 
0.00000000099999999983 0.00000000099999999983 0.00000000099999999983 0.00000000099999999983 0.99999998400000034149 0.00000000099999999983 0.00000000099999999983 0.00000000099999999983 0.00000000099999999983 0.00000000099999999983 0.00000000099999999983 0.00000000099999999983 0.00000000099999999983 0.00000000099999999983 0.00000000099999999983 0.00000000099999999983 0.00000000099999999983 
0.00000000099999999973 0.00000000099999999973 0.00000000099999999973 0.00000000099999999973 0.99999998400000023047 0.00000000099999999973 0.00000000099999999973 0.00000000099999999973 0.00000000099999999973 0.00000000099999999973 0.00000000099999999973 0.00000000099999999973 0.00000000099999999973 0.00000000099999999973 0.00000000099999999973 0.00000000099999999973 0.00000000099999999973 
0.00000000099999999994 0.11594885433481912085 0.00000000099999999994 0.07932699485332019018 0.77655686383729682909 0.00420686108192540233 0.00000000099999999994 0.00000000099999999994 0.00000000099999999994 0.00000000099999999994 0.00000000099999999994 0.00000000099999999994 0.00000000099999999994 0.00000000099999999994 0.00000000099999999994 0.02396041389263865382 0.00000000099999999994 
0.00000000099999999988 0.00000000099999999988 0.00000000099999999988 0.00604555527524871985 0.99395442972475156473 0.00000000099999999988 0.00000000099999999988 0.00000000099999999988 0.00000000099999999988 0.00000000099999999988 0.00000000099999999988 0.00000000099999999988 0.00000000099999999988 0.00000000099999999988 0.00000000099999999988 0.00000000099999999988 0.00000000099999999988 
0.00000000099999999983 0.00000000099999999983 0.00000000099999999983 0.00000000099999999983 0.99999998400000023047 0.00000000099999999983 0.00000000099999999983 0.00000000099999999983 0.00000000099999999983 0.00000000099999999983 0.00000000099999999983 0.00000000099999999983 0.00000000099999999983 0.00000000099999999983 0.00000000099999999983 0.00000000099999999983 0.00000000099999999983 
0.03625414805029709975 0.00000000099999999995 0.00000000099999999995 0.09356703062292034967 0.84994794896078262880 0.00000000099999999995 0.02023085936600026863 0.00000000099999999995 0.00000000099999999995 0.00000000099999999995 0.00000000099999999995 0.00000000099999999995 0.00000000099999999995 0.00000000099999999995 0.00000000099999999995 0.00000000099999999995 0.00000000099999999995 
0.00000000099999999983 0.00000000099999999983 0.00000000099999999983 0.00000000099999999983 0.99999998400000023047 0.00000000099999999983 0.00000000099999999983 0.00000000099999999983 0.00000000099999999983 0.00000000099999999983 0.00000000099999999983 0.00000000099999999983 0.00000000099999999983 0.00000000099999999983 0.00000000099999999983 0.00000000099999999983 0.00000000099999999983 
0.00000000099999999981 0.00000000099999999981 0.00000000099999999981 0.00000000099999999981 0.99999998400000034149 0.00000000099999999981 0.00000000099999999981 0.00000000099999999981 0.00000000099999999981 0.00000000099999999981 0.00000000099999999981 0.00000000099999999981 0.00000000099999999981 0.00000000099999999981 0.00000000099999999981 0.00000000099999999981 0.00000000099999999981 
0.00000000099999999993 0.00000000099999999993 0.00000000099999999993 0.03892157750243543934 0.00000000099999999993 0.00000000099999999993 0.00000000099999999993 0.00000000099999999993 0.00000000099999999993 0.96107840749756456855 0.00000000099999999993 0.00000000099999999993 0.00000000099999999993 0.00000000099999999993 0.00000000099999999993 0.00000000099999999993 0.00000000099999999993 
0.00000000099999999974 0.00000000099999999974 0.00000000099999999974 0.00000000099999999974 0.00000000099999999974 0.00000000099999999974 0.00000000099999999974 0.00000000099999999974 0.00000000099999999974 0.99999998400000023047 0.00000000099999999974 0.00000000099999999974 0.00000000099999999974 0.00000000099999999974 0.00000000099999999974 0.00000000099999999974 0.00000000099999999974 
0.00000000099999999991 0.00000000099999999991 0.00000000099999999991 0.00000000099999999991 0.00000000099999999991 0.00000000099999999991 0.00000000099999999991 0.02481677243938533450 0.00000000099999999991 0.97518321256061490931 0.00000000099999999991 0.00000000099999999991 0.00000000099999999991 0.00000000099999999991 0.00000000099999999991 0.00000000099999999991 0.00000000099999999991 
0.00000000099999999994 0.00000000099999999994 0.00000000099999999994 0.06744727871130039298 0.00000000099999999994 0.00000000099999999994 0.00000000099999999994 0.00000000099999999994 0.00000000099999999994 0.93255270628869979532 0.00000000099999999994 0.00000000099999999994 0.00000000099999999994 0.00000000099999999994 0.00000000099999999994 0.00000000099999999994 0.00000000099999999994 
0.00000000099999999990 0.00000000099999999990 0.00000000099999999990 0.00000000099999999990 0.00000000099999999990 0.02554507402018010506 0.00000000099999999990 0.00000000099999999990 0.00000000099999999990 0.97445491097982006590 0.00000000099999999990 0.00000000099999999990 0.00000000099999999990 0.00000000099999999990 0.00000000099999999990 0.00000000099999999990 0.00000000099999999990 
0.00000000099999999993 0.00000000099999999993 0.00000000099999999993 0.00000000099999999993 0.00000000099999999993 0.00000000099999999993 0.00000000099999999993 0.00000000099999999993 0.00000000099999999993 0.99999998400000023047 0.00000000099999999993 0.00000000099999999993 0.00000000099999999993 0.00000000099999999993 0.00000000099999999993 0.00000000099999999993 0.00000000099999999993 
0.00000000099999999974 0.00000000099999999974 0.00000000099999999974 0.00000000099999999974 0.00000000099999999974 0.00000000099999999974 0.00000000099999999974 0.00000000099999999974 0.00000000099999999974 0.99999998400000011944 0.00000000099999999974 0.00000000099999999974 0.00000000099999999974 0.00000000099999999974 0.00000000099999999974 0.00000000099999999974 0.00000000099999999974 
0.10069105510927578440 0.00000000099999999995 0.00000000099999999995 0.00000000099999999995 0.00000000099999999995 0.00000000099999999995 0.00000000099999999995 0.00000000099999999995 0.00000000099999999995 0.89930892989072430677 0.00000000099999999995 0.00000000099999999995 0.00000000099999999995 0.00000000099999999995 0.00000000099999999995 0.00000000099999999995 0.00000000099999999995 
0.03112616127895406759 0.05135946014185045760 0.00000000099999999993 0.25385076041226117827 0.00000000099999999993 0.00000000099999999993 0.00000000099999999993 0.07010451073974569014 0.00000000099999999993 0.59355909542718865435 0.00000000099999999993 0.00000000099999999993 0.00000000099999999993 0.00000000099999999993 0.00000000099999999993 0.00000000099999999993 0.00000000099999999993 
0.00000000099999999993 0.00000000099999999993 0.00000000099999999993 0.00000000099999999993 0.00000000099999999993 0.00000000099999999993 0.00000000099999999993 0.00000000099999999993 0.00000000099999999993 0.99999998400000011944 0.00000000099999999993 0.00000000099999999993 0.00000000099999999993 0.00000000099999999993 0.00000000099999999993 0.00000000099999999993 0.00000000099999999993 
0.00000000099999999980 0.00000000099999999980 0.00000000099999999980 0.99999998400000023047 0.00000000099999999980 0.00000000099999999980 0.00000000099999999980 0.00000000099999999980 0.00000000099999999980 0.00000000099999999980 0.00000000099999999980 0.00000000099999999980 0.00000000099999999980 0.00000000099999999980 0.00000000099999999980 0.00000000099999999980 0.00000000099999999980 
0.05621844853774918965 0.06698090838889352028 0.00000000099999999996 0.02778769393873177160 0.00000000099999999996 0.02112920757564046639 0.00000000099999999996 0.03488168239948932076 0.00000000099999999996 0.79300204815949582038 0.00000000099999999996 0.00000000099999999996 0.00000000099999999996 0.00000000099999999996 0.00000000099999999996 0.00000000099999999996 0.00000000099999999996 
0.00000000099999999988 0.00000000099999999988 0.00000000099999999988 0.00000000099999999988 0.00000000099999999988 0.00000000099999999988 0.00000000099999999988 0.00000000099999999988 0.00000000099999999988 0.99999998400000011944 0.00000000099999999988 0.00000000099999999988 0.00000000099999999988 0.00000000099999999988 0.00000000099999999988 0.00000000099999999988 0.00000000099999999988 
0.00000000099999999992 0.00000000099999999992 0.00000000099999999992 0.00000000099999999992 0.00000000099999999992 0.00000000099999999992 0.00003120614232490787 0.00000000099999999992 0.00000000099999999992 0.99996877885767521121 0.00000000099999999992 0.00000000099999999992 0.00000000099999999992 0.00000000099999999992 0.00000000099999999992 0.00000000099999999992 0.00000000099999999992 
0.00000000099999999992 0.00000000099999999992 0.00000000099999999992 0.00000000099999999992 0.00000000099999999992 0.00000000099999999992 0.00000000099999999992 0.00000000099999999992 0.00000000099999999992 0.99999998400000023047 0.00000000099999999992 0.00000000099999999992 0.00000000099999999992 0.00000000099999999992 0.00000000099999999992 0.00000000099999999992 0.00000000099999999992 
0.00000000099999999991 0.00000000099999999991 0.00000000099999999991 0.00000000099999999991 0.00000000099999999991 0.00000000099999999991 0.00000000099999999991 0.00000000099999999991 0.00000000099999999991 0.99999998400000011944 0.00000000099999999991 0.00000000099999999991 0.00000000099999999991 0.00000000099999999991 0.00000000099999999991 0.00000000099999999991 0.00000000099999999991 
0.00000000099999999993 0.00000000099999999993 0.00000000099999999993 0.03308277764457231290 0.00000000099999999993 0.00000000099999999993 0.00000000099999999993 0.00000000099999999993 0.00000000099999999993 0.96691720735542785459 0.00000000099999999993 0.00000000099999999993 0.00000000099999999993 0.00000000099999999993 0.00000000099999999993 0.00000000099999999993 0.00000000099999999993 
0.10170566383567966606 0.05308184078405232126 0.00000000099999999996 0.69997290484991436799 0.00000000099999999996 0.00000000099999999996 0.00000000099999999996 0.02265806603474704653 0.03405023319564459000 0.00000012146997257612 0.08575162407978571821 0.00000000099999999996 0.00164554844517904439 0.00000000099999999996 0.00113398930502493561 0.00000000099999999996 0.00000000099999999996 
0.00000000099999999992 0.00000000099999999992 0.00000000099999999992 0.00000000099999999992 0.00000000099999999992 0.06328662976027341069 0.00000000099999999992 0.00000000099999999992 0.00000000099999999992 0.00000000099999999992 0.00000000099999999992 0.93671335523972676373 0.00000000099999999992 0.00000000099999999992 0.00000000099999999992 0.00000000099999999992 0.00000000099999999992 
0.00000000099999999962 0.00000000099999999962 0.00000000099999999962 0.00000000099999999962 0.00000000099999999962 0.00000000099999999962 0.00000000099999999962 0.00000000099999999962 0.00000000099999999962 0.00000000099999999962 0.00000000099999999962 0.99999998400000000842 0.00000000099999999962 0.00000000099999999962 0.00000000099999999962 0.00000000099999999962 0.00000000099999999962 
0.00000000099999999950 0.00000000099999999950 0.00000000099999999950 0.00000000099999999950 0.00000000099999999950 0.00000000099999999950 0.00000000099999999950 0.00000000099999999950 0.00000000099999999950 0.00000000099999999950 0.00000000099999999950 0.99999998400000000842 0.00000000099999999950 0.00000000099999999950 0.00000000099999999950 0.00000000099999999950 0.00000000099999999950 
0.00000000099999999967 0.00000000099999999967 0.00000000099999999967 0.00000000099999999967 0.00000000099999999967 0.00000000099999999967 0.00000000099999999967 0.00000000099999999967 0.00000000099999999967 0.00000000099999999967 0.00000000099999999967 0.99999998400000011944 0.00000000099999999967 0.00000000099999999967 0.00000000099999999967 0.00000000099999999967 0.00000000099999999967 
0.00000000099999999975 0.00000000099999999975 0.00000000099999999975 0.00000000099999999975 0.00000000099999999975 0.00000000099999999975 0.00000000099999999975 0.00000000099999999975 0.00000000099999999975 0.00000000099999999975 0.00000000099999999975 0.99999998400000011944 0.00000000099999999975 0.00000000099999999975 0.00000000099999999975 0.00000000099999999975 0.00000000099999999975 
0.00000000099999999974 0.00000000099999999974 0.00000000099999999974 0.00000000099999999974 0.00000000099999999974 0.00000000099999999974 0.00000000099999999974 0.00000000099999999974 0.00000000099999999974 0.00000000099999999974 0.00000000099999999974 0.99999998400000011944 0.00000000099999999974 0.00000000099999999974 0.00000000099999999974 0.00000000099999999974 0.00000000099999999974 
0.00000000099999999986 0.00000000099999999986 0.00000000099999999986 0.00000000099999999986 0.00000000099999999986 0.00000000099999999986 0.00000000099999999986 0.00000000099999999986 0.00000000099999999986 0.00000000099999999986 0.00000000099999999986 0.99999998400000000842 0.00000000099999999986 0.00000000099999999986 0.00000000099999999986 0.00000000099999999986 0.00000000099999999986 
0.00000000099999999990 0.00000000099999999990 0.00000000099999999990 0.00000000099999999990 0.00000000099999999990 0.04966199124323184694 0.00000000099999999990 0.00000000099999999990 0.00000000099999999990 0.00000000099999999990 0.00000000099999999990 0.95033799375676819565 0.00000000099999999990 0.00000000099999999990 0.00000000099999999990 0.00000000099999999990 0.00000000099999999990 
0.00000000099999999977 0.00000000099999999977 0.00000000099999999977 0.00000000099999999977 0.00000000099999999977 0.00000000099999999977 0.00000000099999999977 0.00000000099999999977 0.00000000099999999977 0.00000000099999999977 0.00000000099999999977 0.99999998400000000842 0.00000000099999999977 0.00000000099999999977 0.00000000099999999977 0.00000000099999999977 0.00000000099999999977 
0.00000000099999999983 0.00000000099999999983 0.00000000099999999983 0.00000000099999999983 0.00000000099999999983 0.00000000099999999983 0.00000000099999999983 0.00000000099999999983 0.00000000099999999983 0.00000000099999999983 0.00000000099999999983 0.99999998400000011944 0.00000000099999999983 0.00000000099999999983 0.00000000099999999983 0.00000000099999999983 0.00000000099999999983 
0.00000000099999999993 0.00000000099999999993 0.00000000099999999993 0.39410861561504217931 0.00000000099999999993 0.00000000099999999993 0.00000000099999999993 0.00000000099999999993 0.00000000099999999993 0.59239230107341300791 0.01349906931154486178 0.00000000099999999993 0.00000000099999999993 0.00000000099999999993 0.00000000099999999993 0.00000000099999999993 0.00000000099999999993 
0.00936258612429171841 0.00000000099999999993 0.00000000099999999993 0.54546628710519695638 0.00000000099999999993 0.00000000099999999993 0.00000000099999999993 0.00000000099999999993 0.00000000099999999993 0.41807822933040633684 0.00104488872854943335 0.00000000099999999993 0.00000000099999999993 0.01142112443194574604 0.00000000099999999993 0.01462687327960999692 0.00000000099999999993 
0.00000000099999999989 0.00000000099999999989 0.00000000099999999989 0.47689537450082358783 0.00000000099999999989 0.00000000099999999989 0.00000000099999999989 0.00000000099999999989 0.00000000099999999989 0.52310461049917633680 0.00000000099999999989 0.00000000099999999989 0.00000000099999999989 0.00000000099999999989 0.00000000099999999989 0.00000000099999999989 0.00000000099999999989 
0.00000000099999999990 0.00000000099999999990 0.00000000099999999990 0.45636992359922323725 0.00000000099999999990 0.00000000099999999990 0.00000000099999999990 0.00000000099999999990 0.00000000099999999990 0.54363006140077674289 0.00000000099999999990 0.00000000099999999990 0.00000000099999999990 0.00000000099999999990 0.00000000099999999990 0.00000000099999999990 0.00000000099999999990 
0.00000000099999999995 0.00000000099999999995 0.00000000099999999995 0.54290810017420843003 0.00000000099999999995 0.00068838912720235799 0.00000000099999999995 0.00000000099999999995 0.00000000099999999995 0.38661407260128261010 0.00000000099999999995 0.00000000099999999995 0.00000000099999999995 0.00275936635702227423 0.04819630688723867962 0.01883375385304583705 0.00000000099999999995 
0.03950965489027150057 0.00000000099999999995 0.00000000099999999995 0.45776912986854223497 0.00000000099999999995 0.00148141601194420576 0.00000000099999999995 0.00000000099999999995 0.00000000099999999995 0.48035190757281748253 0.00000000099999999995 0.00000000099999999995 0.00000000099999999995 0.01880420035384993208 0.00000000099999999995 0.00208368030257453409 0.00000000099999999995 
0.00000000099999999988 0.00000000099999999988 0.00000000099999999988 0.45570325405945077968 0.00000000099999999988 0.00000000099999999988 0.00000000099999999988 0.00000000099999999988 0.00000000099999999988 0.54429673094054908944 0.00000000099999999988 0.00000000099999999988 0.00000000099999999988 0.00000000099999999988 0.00000000099999999988 0.00000000099999999988 0.00000000099999999988 
0.00000000099999999994 0.00000000099999999994 0.00000000099999999994 0.42666555367186836945 0.00000000099999999994 0.01560687015323389271 0.00000000099999999994 0.00000000099999999994 0.00000000099999999994 0.54661828782769483759 0.00000000099999999994 0.00000000099999999994 0.00000000099999999994 0.01110927534720282557 0.00000000099999999994 0.00000000099999999994 0.00000000099999999994 
0.00000000099999999991 0.00000000099999999991 0.00000000099999999991 0.79179472316739252236 0.00000000099999999991 0.00000000099999999991 0.00000000099999999991 0.00000000099999999991 0.00000000099999999991 0.20820526183260765207 0.00000000099999999991 0.00000000099999999991 0.00000000099999999991 0.00000000099999999991 0.00000000099999999991 0.00000000099999999991 0.00000000099999999991 
0.00000000099999999993 0.00000000099999999993 0.00000000099999999993 0.53880063974504155411 0.00000000099999999993 0.00645984414458868495 0.00000000099999999993 0.00000000099999999993 0.00000000099999999993 0.45473950211036989755 0.00000000099999999993 0.00000000099999999993 0.00000000099999999993 0.00000000099999999993 0.00000000099999999993 0.00000000099999999993 0.00000000099999999993 
0.00000000099999999998 0.00000000099999999998 0.00000000099999999998 0.04304882061500211327 0.04883401677759708487 0.02212069109535794165 0.00374912823521883530 0.11097675716384454436 0.59755977214737177050 0.00859189838055824523 0.02503814064097030501 0.00000000099999999998 0.05271604951442954851 0.02215593492385979635 0.01798071156281445121 0.04722807394297541539 0.00000000099999999998 
0.00000000099999999995 0.00000000099999999995 0.00000000099999999995 0.00000000099999999995 0.09551263502222842594 0.00000000099999999995 0.00579428258124231512 0.06380764543841251080 0.74889355478663877097 0.08599187017147820467 0.00000000099999999995 0.00000000099999999995 0.00000000099999999995 0.00000000099999999995 0.00000000099999999995 0.00000000099999999995 0.00000000099999999995 
0.01661901857985443459 0.15296886999265116303 0.00000000099999999998 0.01105763733387619269 0.08043746847437467651 0.02744919036666275750 0.03818469618948990701 0.14496740048897982511 0.38464416759559638681 0.04565093397591502011 0.00000000099999999998 0.00000000099999999998 0.06281210642897465390 0.00865905095896330433 0.00000000099999999998 0.02654945461466178339 0.00000000099999999998 
0.00872235769938130290 0.03459687103961683191 0.00000000099999999999 0.00000000099999999999 0.07290041185614386243 0.00000000099999999999 0.00000000099999999999 0.10806739580990434857 0.67563888309737274440 0.00000000099999999999 0.06589833826846334952 0.00000000099999999999 0.00000000099999999999 0.00000000099999999999 0.00000000099999999999 0.01578568094137522762 0.01839005228774242065 
0.08210044140309971650 0.06841522280159523239 0.00000000099999999997 0.18765097095563154639 0.00000000099999999997 0.03851171875657310312 0.00000000099999999997 0.06291706579782568864 0.00000000099999999997 0.21535370236836889890 0.00000000099999999997 0.00000000099999999997 0.01978986788244452982 0.00000000099999999997 0.00000000099999999997 0.32526100103446131673 0.00000000099999999997 
0.13394187756030481729 0.05286208649414390892 0.00000000099999999997 0.23849444174518930062 0.00012009803165761398 0.00000000099999999997 0.00000000099999999997 0.06294131990053769554 0.00000000099999999997 0.21933909289627445682 0.01868197655347724265 0.00000000099999999997 0.00000000099999999997 0.00000000099999999997 0.00000000099999999997 0.27361909781841475819 0.00000000099999999997 
0.12440982666073030494 0.05418859110803633111 0.00000000099999999996 0.28554598936786745877 0.04233317497021265446 0.00000000099999999996 0.00000000099999999996 0.08710830135577092570 0.00000000099999999996 0.14887351807588403152 0.01306004643397253549 0.00000000099999999996 0.00000000099999999996 0.00000000099999999996 0.00000000099999999996 0.24448054302752592060 0.00000000099999999996 
0.04180299713660787231 0.12167750116393312443 0.00000000099999999997 0.30531813283629599676 0.00000000099999999997 0.00000000099999999997 0.00361435413512879462 0.05692200010402286708 0.00000000099999999997 0.11613981480891276410 0.04979886901763760226 0.00000000099999999997 0.02182972330916334996 0.00000000099999999997 0.00629110464232106748 0.27660549584597637907 0.00000000099999999997 
0.07379182726097206768 0.08050657537848349143 0.00000000099999999995 0.26761266772540909242 0.00000000099999999995 0.00893529971680925850 0.00000000099999999995 0.05766961526002556404 0.00000000099999999995 0.10518343865691906491 0.04568687748450698388 0.00000000099999999995 0.00000000099999999995 0.00000000099999999995 0.00000000099999999995 0.36061368951687444717 0.00000000099999999995 
0.07356387827021171333 0.08872872577665136262 0.00000000099999999997 0.24320411088865670490 0.05099023678478620258 0.00470596438012377358 0.00000000099999999997 0.00942600073272108381 0.00000000099999999997 0.20191492364438098917 0.03944064469919096594 0.00000000099999999997 0.04158180161436956374 0.00000000099999999997 0.00000000099999999997 0.24644370620890762580 0.00000000099999999997 
0.00000000099999999972 0.00000000099999999972 0.00000000099999999972 0.00000000099999999972 0.00000000099999999972 0.00000000099999999972 0.00000000099999999972 0.00000000099999999972 0.00000000099999999972 0.00000000099999999972 0.99999998400000011944 0.00000000099999999972 0.00000000099999999972 0.00000000099999999972 0.00000000099999999972 0.00000000099999999972 0.00000000099999999972 
0.00870537099372788344 0.35871787783694458751 0.00000000099999999998 0.25809270617667323666 0.07388922587139075404 0.01087175823777317314 0.02940311805339496098 0.12419859165152806468 0.00000000099999999998 0.13612134217856733387 0.00000000099999999998 0.00000000099999999998 0.00000000099999999998 0.00000000099999999998 0.00000000099999999998 0.00000000099999999998 0.00000000099999999998 
0.05098008868943221944 0.34394727920101458851 0.00000000099999999997 0.15832203769326899656 0.03193679403360957791 0.00000000099999999997 0.00000000099999999997 0.15090055647914041304 0.10900066859428003685 0.12650991120193993966 0.00000000099999999997 0.00000000099999999997 0.00000000099999999997 0.00000000099999999997 0.02840265510731426399 0.00000000099999999997 0.00000000099999999997 
0.10697840765992845669 0.38060014895948834912 0.00000000099999999997 0.21307208663479246247 0.08012601894563314842 0.00000000099999999997 0.01080052186384876899 0.12056713450705552892 0.00000000099999999997 0.03518005608495827080 0.02620488607405430104 0.00000000099999999997 0.02646906854284430261 0.00000000099999999997 0.00000166372739636574 0.00000000099999999997 0.00000000099999999997 
0.14668123830665077967 0.21559680068703279687 0.00000000099999999998 0.17470052852838169333 0.19505912707039693710 0.00000000099999999998 0.00000000099999999998 0.10437161238002132246 0.00000000099999999998 0.06280819653685237869 0.04861062517683428785 0.00000000099999999998 0.00549193066662392697 0.03730036718261433432 0.00776008617470031956 0.00000000099999999998 0.00161948128989142541 
0.02902158144984689353 0.31956964059975201398 0.00000000099999999997 0.08052978365116775228 0.13525202114768841710 0.00000000099999999997 0.00000000099999999997 0.16327724721467365421 0.11677422792031648402 0.04968647126048700291 0.01438197664867437581 0.00000000099999999997 0.00000000099999999997 0.00000000099999999997 0.00957937186583517064 0.07463474692526521348 0.00729292531629316485 
0.09692088755097516550 0.45444729142875783801 0.00000000099999999998 0.11068146690370177232 0.10522036532747222615 0.00000000099999999998 0.00000000099999999998 0.04632414204952863684 0.00000000099999999998 0.09476150195395546816 0.01587153034333815133 0.00000000099999999998 0.00000000099999999998 0.00395350720610649579 0.00000000099999999998 0.06770162394563171426 0.00411767629053272442 
0.05802368564758784292 0.36002430879530533669 0.00000000099999999997 0.13842802651974270289 0.11230406034256593117 0.00000000099999999997 0.00000000099999999997 0.11679137566668328085 0.02037191594191361046 0.09454771642212829452 0.00289723474862900237 0.00000000099999999997 0.00000000099999999997 0.00000000099999999997 0.00127288312690071307 0.07321802515670168543 0.02212076163184162683 
0.05416066524922408254 0.38422157585216437647 0.00000000099999999998 0.10267254570043186923 0.06590273028884753581 0.00273339738451341572 0.00000000099999999998 0.09353991140846812380 0.06320623484382434376 0.06220206724583555308 0.01457043270583571921 0.00000000099999999998 0.05057635778849488284 0.00000000099999999998 0.03177187389344786339 0.07444220263891229705 0.00000000099999999998 
0.09475141333721384673 0.36001331009631432067 0.00000000099999999998 0.16292510934143139556 0.06072065536598766217 0.00000000099999999998 0.00000000099999999998 0.06651155849971372713 0.05633100657167419006 0.13663410024375169383 0.00000000099999999998 0.00000000099999999998 0.05483212017996450666 0.00000000099999999998 0.00728071836394892594 0.00000000099999999998 0.00000000099999999998 
0.00000000099999999997 0.44452649283387485335 0.00000000099999999997 0.19913711001248460275 0.08103681048503565132 0.00000000099999999997 0.00000000099999999997 0.12187867783584911685 0.00000000099999999997 0.10727880366216087371 0.00000000099999999997 0.00000000099999999997 0.00000000099999999997 0.00000000099999999997 0.00000000099999999997 0.04429065465355611769 0.00185144051703880781 
0.13215743214885747325 0.29561683984022013583 0.00000000099999999999 0.06043572260566357907 0.08400309866782235124 0.00000000099999999999 0.01291064034581673216 0.12157724679437034720 0.02450641558275126058 0.14566819011002912765 0.00000000099999999999 0.00000000099999999999 0.02754410252068560661 0.00351650285448409060 0.04550232329589960073 0.03702556372545132146 0.00953591750794859604 
0.08240384811249786001 0.37135474884787700312 0.00000000099999999998 0.15675182127417944256 0.10560079314295112152 0.01748818473466631773 0.00000000099999999998 0.08884067113701038521 0.00709573288549176281 0.05843093556988021575 0.03581282754106521887 0.00000000099999999998 0.00313763530868119752 0.00000000099999999998 0.03329376885525654056 0.03532925740996029768 0.00445977118048261623 
0.06767205045163325605 0.39899754656704966571 0.00000000099999999997 0.24103876829145426397 0.06531747364506633458 0.02779602033540686315 0.00000000099999999997 0.06676015396962894921 0.00000000099999999997 0.04874393924061883043 0.02305591450850729557 0.00000000099999999997 0.02723983693278600807 0.00000000099999999997 0.01248786736423859213 0.02089042269361003970 0.00000000099999999997 
0.00000000099999999996 0.27048770241233127676 0.00000000099999999996 0.00000000099999999996 0.30674322509526030789 0.00000000099999999996 0.00000000099999999996 0.15798898786514331549 0.11557956788968545836 0.00000000099999999996 0.03603943134230085804 0.00000000099999999996 0.02584849090870633415 0.00000000099999999996 0.00000000099999999996 0.08731258448657250315 0.00000000099999999996 
0.06846553826748008609 0.28163630861132699090 0.00000000099999999998 0.31296620815222786494 0.08076905121712152358 0.00000000099999999998 0.00000000099999999998 0.05477083988180479757 0.05316114117893536162 0.03766121869392905636 0.02432589405887977674 0.00000000099999999998 0.03128344723717913639 0.00000000099999999998 0.00908968957611482574 0.04587065712500058151 0.00000000099999999998 
0.03329528632317699938 0.00000000099999999992 0.00000000099999999992 0.56268561019401686085 0.00000000099999999992 0.31620010870766340760 0.04913478896090243270 0.00000000099999999992 0.00000000099999999992 0.00000000099999999992 0.00000000099999999992 0.00000000099999999992 0.00000000099999999992 0.00700901451727052680 0.00092357154104566398 0.03075160975592439866 0.00000000099999999992 
0.00000000099999999962 0.00000000099999999962 0.00000000099999999962 0.00000000099999999962 0.00000000099999999962 0.99999998400000034149 0.00000000099999999962 0.00000000099999999962 0.00000000099999999962 0.00000000099999999962 0.00000000099999999962 0.00000000099999999962 0.00000000099999999962 0.00000000099999999962 0.00000000099999999962 0.00000000099999999962 0.00000000099999999962 
0.00000000099999999958 0.00000000099999999958 0.00000000099999999958 0.00000000099999999958 0.00000000099999999958 0.99999998400000034149 0.00000000099999999958 0.00000000099999999958 0.00000000099999999958 0.00000000099999999958 0.00000000099999999958 0.00000000099999999958 0.00000000099999999958 0.00000000099999999958 0.00000000099999999958 0.00000000099999999958 0.00000000099999999958 
0.00000000099999999977 0.00000000099999999977 0.00000000099999999977 0.00000000099999999977 0.00000000099999999977 0.99999998400000023047 0.00000000099999999977 0.00000000099999999977 0.00000000099999999977 0.00000000099999999977 0.00000000099999999977 0.00000000099999999977 0.00000000099999999977 0.00000000099999999977 0.00000000099999999977 0.00000000099999999977 0.00000000099999999977 
0.00000000099999999963 0.00000000099999999963 0.00000000099999999963 0.00000000099999999963 0.00000000099999999963 0.99999998400000023047 0.00000000099999999963 0.00000000099999999963 0.00000000099999999963 0.00000000099999999963 0.00000000099999999963 0.00000000099999999963 0.00000000099999999963 0.00000000099999999963 0.00000000099999999963 0.00000000099999999963 0.00000000099999999963 
0.00000000099999999960 0.00000000099999999960 0.00000000099999999960 0.00000000099999999960 0.00000000099999999960 0.99999998400000034149 0.00000000099999999960 0.00000000099999999960 0.00000000099999999960 0.00000000099999999960 0.00000000099999999960 0.00000000099999999960 0.00000000099999999960 0.00000000099999999960 0.00000000099999999960 0.00000000099999999960 0.00000000099999999960 
0.00000000099999999980 0.00000000099999999980 0.00000000099999999980 0.00000000099999999980 0.00000000099999999980 0.99999998400000034149 0.00000000099999999980 0.00000000099999999980 0.00000000099999999980 0.00000000099999999980 0.00000000099999999980 0.00000000099999999980 0.00000000099999999980 0.00000000099999999980 0.00000000099999999980 0.00000000099999999980 0.00000000099999999980 
0.00000000099999999962 0.00000000099999999962 0.00000000099999999962 0.00000000099999999962 0.00000000099999999962 0.99999998400000023047 0.00000000099999999962 0.00000000099999999962 0.00000000099999999962 0.00000000099999999962 0.00000000099999999962 0.00000000099999999962 0.00000000099999999962 0.00000000099999999962 0.00000000099999999962 0.00000000099999999962 0.00000000099999999962 
0.00853266287375824793 0.00000000099999999990 0.00000000099999999990 0.16802617008541187449 0.00000000099999999990 0.79959474365137694907 0.02384641038945321465 0.00000000099999999990 0.00000000099999999990 0.00000000099999999990 0.00000000099999999990 0.00000000099999999990 0.00000000099999999990 0.00000000099999999990 0.00000000099999999990 0.00000000099999999990 0.00000000099999999990 
