0.00000000100000000000 0.08550448825147867471 0.13243770873167365343 0.00000000100000000000 0.21792120251175187140 0.56413659850509578764 
0.03116012030405242855 0.09571072520524712135 0.13330414794209805018 0.00000000100000000000 0.19196148607085541937 0.54786351947774702964 
0.00000000099999999999 0.10878310697628326698 0.11772920942730380478 0.00000000099999999999 0.22181753622731842368 0.55167014536909453337 
0.01097883244184165268 0.06980509588880157157 0.14514757833925254205 0.00000000100000000000 0.21755668164436012257 0.55651181068574406829 
0.00000000099999999999 0.11551180136069437443 0.13155510303275555484 0.00000000099999999999 0.19099942321150750746 0.56193367039504249494 
0.00000000100000000000 0.15093642228409476225 0.12971314862597316253 0.00000000100000000000 0.18785894827469745705 0.53149147881523461923 
0.00089266127373642036 0.06984223219814122974 0.16201915499349620053 0.00000000100000000000 0.23908570546033189319 0.52816024507429415458 
0.00000000099999999999 0.09926157588416455180 0.19041056863423699852 0.00000000099999999999 0.19682784249776383301 0.51350001098383457609 
0.03166085596981781103 0.08910604465781332695 0.13389912238914344900 0.00000000100000000000 0.19268566667454903318 0.55264830930867636649 
0.00000000100000000000 0.13743000301239016725 0.17575340539775313742 0.00000000100000000000 0.26084179766924298072 0.42597479192061377118 
0.00000000099999999999 0.13083675418607063068 0.13350231223355388255 0.00000000099999999999 0.18182087759832038509 0.55384005398205515824 
0.00211161690601348144 0.14773915782484203785 0.16624634649992861557 0.00000000099999999999 0.18353850928555817679 0.50036436848365761776 
0.00000000100000000000 0.08492016676770314243 0.12858548592338123195 0.00000000100000000000 0.23606272350688689565 0.55043162180202875877 
0.24034691975743624481 0.03188929314021729522 0.00367497726523428273 0.39221738328049726707 0.02486982044604711672 0.30700160611056792614 
0.22415384533882479201 0.06082197594378382921 0.00000000099999999999 0.37864991328135855220 0.03061717421499696515 0.30575709022103592094 
0.23931954917995379439 0.00058051472439706899 0.00000000099999999999 0.46725458032816519216 0.02966470002875611425 0.26318065473872775950 
0.32110840775119131596 0.01367624488914383381 0.00000000099999999999 0.37769318375243654540 0.03350536449168563247 0.25401679811554256361 
0.21362748887551161192 0.04259901003898385052 0.00000000099999999999 0.42190379962097740441 0.00987735411007339970 0.31199234635445377561 
0.23681357755853366109 0.04641345215811551461 0.00000000100000000000 0.38241228051130149446 0.01552257353906736151 0.31883811523298211110 
0.28195047662850758474 0.00000000099999999999 0.00000000099999999999 0.39095457914115233633 0.01231637321058858328 0.31477856901975131976 
0.18274411152786573798 0.00096095636406057596 0.00000000099999999999 0.44021690086052400748 0.08605122459586056483 0.29002680565168914573 
0.15678087423500203235 0.00537490143051181854 0.00000000099999999999 0.51929504505570356354 0.04766041968549936808 0.27088875859328331863 
0.22099579493711399292 0.05245223431008829568 0.00000000099999999999 0.43977132737012436525 0.03191767167086115992 0.25486297071181207574 
0.25240322702627759899 0.03963784247046760190 0.00000000099999999999 0.41043425271590766590 0.02487374010443848746 0.27265093668290862894 
0.21870912623782728934 0.00000727975028447967 0.00000000100000000000 0.47330310767921285331 0.03072151913834618442 0.27725896619432915946 
0.21458144658985617292 0.05799167515834374731 0.00000000099999999999 0.42296525990429406638 0.02278366554117345483 0.28167795180633259378 
0.14376938647035591989 0.05367061634686623450 0.00000000099999999999 0.48480633789713228898 0.07861842579697184141 0.23913523248867385451 
0.30031643359433396467 0.03110681531200214234 0.00000000100000000000 0.40192579495957814206 0.03190052318133188014 0.23475043195275391295 
0.27096468847942994929 0.01419235903998136879 0.00000000099999999999 0.38451100613488770064 0.01410793844596250519 0.31622400689973828580 
0.02119101933726491929 0.00000000099999999998 0.00000000099999999998 0.73338888039681415787 0.00000000099999999998 0.24542009726592103891 
0.00000000099999999997 0.00000000099999999997 0.00000000099999999997 0.72437063123640388351 0.00000000099999999997 0.27562936476359606308 
0.09594230962083322156 0.00000000099999999999 0.00000000099999999999 0.61131912508826158348 0.03108571386542110723 0.26165284942548405756 
0.09364307147050278390 0.00309170568821419628 0.00000000099999999999 0.68264827965146224198 0.00000000099999999999 0.22061694118982075330 
0.05040847236874618914 0.01599920501623641397 0.00000000099999999998 0.70091975466193467970 0.00000000099999999998 0.23267256595308272171 
0.06413104923072114605 0.00000000099999999999 0.00000000099999999999 0.67976465671554020531 0.01663296021168899491 0.23947133184204977274 
0.00000000099999999997 0.00000000099999999997 0.00000000099999999997 0.72510512507257429693 0.00000000099999999997 0.27489487092742570518 
0.08109565471288854299 0.00000000099999999999 0.00000000099999999999 0.64616019217874509639 0.02646532353014887512 0.24627882757821747961 
0.06325882507827398915 0.00000000099999999998 0.00000000099999999998 0.75520736114510744752 0.00000000099999999998 0.18153381077661848164 
0.10839647113765005226 0.00000000099999999999 0.00000000099999999999 0.64020300127325036055 0.00000787388175204999 0.25139265170734759192 
0.00000000099999999991 0.00000000099999999991 0.00000000099999999991 0.99999999499999991937 0.00000000099999999991 0.00000000099999999991 
0.10996296184075866897 0.00000000099999999999 0.00000000099999999999 0.64684511961234159028 0.00000000099999999999 0.24319191554689961743 
0.04136938223519869701 0.00000000099999999998 0.00000000099999999998 0.71154824082680401265 0.00000000099999999998 0.24708237393799736825 
0.06088727847745573768 0.00000000099999999998 0.00000000099999999998 0.67348161434576425677 0.00000000099999999998 0.26563110417678015285 
0.11328343316114934669 0.00000000099999999999 0.00000000099999999999 0.63994580301970171998 0.03604705705502048163 0.21072370476412843887 
0.06154020434162088549 0.00000000099999999999 0.00000000099999999999 0.68803423376626859920 0.00025700703188859735 0.25016855286022199323 
0.04849297103678043563 0.00000000099999999999 0.00000000099999999999 0.75156128710629033218 0.00000000099999999999 0.19994573885692934478 
0.00000000099999999999 0.00111581977727693692 0.00000000099999999999 0.84332306818229707535 0.00000000099999999999 0.15556110904042591558 
0.01814046820901530493 0.41814920911837938355 0.34512633044533930216 0.11405970956841865460 0.03871628683618783678 0.06580799582265947634 
0.01448413897264130834 0.43482485624311301153 0.36348859101209773925 0.17773347448836177009 0.00946893828378598916 0.00000000100000000000 
0.05510087726201535335 0.45580507138315767834 0.38734918568424658858 0.07348317779038222863 0.02826168688019819325 0.00000000100000000000 
0.11828524140911289564 0.42847957676052422782 0.35047968445388688608 0.05865987927283815295 0.04409561710363793519 0.00000000100000000000 
0.03619964229687411272 0.40244863346070525179 0.39254061352112795680 0.11014147040952010359 0.05866963931177263114 0.00000000100000000000 
0.01428754966242008241 0.44541124746681626245 0.35137145709929318294 0.07413587675644821295 0.09613264918217520605 0.01866121983284698554 
0.07907694404675158495 0.40009214778805718415 0.35371782752643193826 0.11182148259236215915 0.02952911237009325437 0.02576248567630368483 
0.03244143782856429015 0.46187959107025755578 0.28145094880555093786 0.11100513437255350724 0.06763810327153840785 0.04558478465153534970 
0.08637664471793952969 0.43679573202539423438 0.33031148323278392009 0.06021597923477771397 0.06551555265145417306 0.02078460813765048432 
0.00000000100000000000 0.44140561666672883945 0.39314054889014510286 0.11176868002014352099 0.05368515242298251694 0.00000000100000000000 
0.02645396379561801639 0.00000550471653485749 0.00000000099999999998 0.84202164908019394574 0.00000000099999999998 0.13151888040765330468 
0.05243403466342656805 0.00437795700792366696 0.00000000099999999998 0.89339381666292805306 0.00000000099999999998 0.04979418966572165400 
0.02649096971327453628 0.00000000099999999997 0.00000000099999999997 0.94207197061136838112 0.00000000099999999997 0.03143705667535719173 
0.03362313298351109897 0.00000000099999999998 0.00000000099999999998 0.96636084159950286221 0.00000000099999999998 0.00001602241698601416 
0.11381619757017992500 0.00073553863390812748 0.00000000099999999999 0.85422557355626227427 0.00000000099999999999 0.03122268823964983661 
0.05934243230514491679 0.01781119420368102585 0.00000000099999999999 0.88514955185911314839 0.00000000099999999999 0.03769681963206093084 
0.00000000099999999997 0.00000000099999999997 0.00000000099999999997 0.96212376306738967013 0.00000000099999999997 0.03787623293261037360 
0.04371510322002374049 0.02461131818335787758 0.00000000099999999998 0.86152187120030820910 0.00000000099999999998 0.07015170539631029878 
0.00023142195213696995 0.00000000099999999997 0.00000000099999999997 0.99976857404786301231 0.00000000099999999997 0.00000000099999999997 
0.03733568502368193875 0.00000000878335225337 0.00000000099999999998 0.91967773206704495070 0.00000000099999999998 0.04298657212592092713 
0.13059644090276470441 0.13756102400845898748 0.00000000100000000000 0.00940748136132749102 0.18117448821087844824 0.54126056451657045265 
0.07447846204752715804 0.08145656752023328062 0.01795004939925060050 0.00000000100000000000 0.21234177033062626161 0.61377314970236285241 
0.13955039082640310899 0.11504176371109620103 0.00510655254842286299 0.12086627449087061770 0.16681519424823237907 0.45261982417497476083 
0.08486562304289130276 0.05666789229727090677 0.05348358016692458111 0.00983325011913163856 0.17944270078811552782 0.61570695358566607247 
0.37894686780646280599 0.01902015985935959913 0.00000000099999999999 0.49352535130337671365 0.00000001090967819737 0.10850760912112279721 
0.33457775753963098220 0.00000000099999999999 0.00000000099999999999 0.54101409668870559244 0.00000000099999999999 0.12440814277166348245 
0.28788629386330932824 0.00000000099999999998 0.00000000099999999998 0.58015724912783173117 0.00000000099999999998 0.13195645400885885890 
0.33333329559064733827 0.00000000099999999999 0.00000000099999999999 0.50263211540272134670 0.00143058129128665300 0.16260400571534461278 
0.37838690748339981473 0.00000000099999999998 0.00000000099999999998 0.48406813947076637872 0.00000000099999999998 0.13754495004583386364 
0.26335193594396755223 0.00000000099999999999 0.00000000099999999999 0.57548356082457241545 0.01514344767624497233 0.14602105355521485808 
0.00000000099999999993 0.00000000099999999993 0.00000000099999999993 0.00000000099999999993 0.00000000099999999993 0.99999999499999991937 
0.13596161662040598395 0.01206326173016621962 0.00000000100000000000 0.56590934416737315171 0.04044063398744039695 0.24562514249461417370 
0.19494546059855333286 0.00000000099999999999 0.00000000099999999999 0.42990616882913879060 0.03754945648872205777 0.33759891208358577819 
0.17868360532046578815 0.00000000099999999999 0.00000000099999999999 0.50643171865381908514 0.02420189288425508845 0.29068278114145995605 
0.14028442152807663046 0.03801006722858212006 0.00000000100000000000 0.51684480852396363915 0.03234806602605117681 0.27251263569332634384 
0.27041330115876288653 0.00001180744747701778 0.00000000099999999999 0.29747131546945404512 0.05002859295444582466 0.38207498196986017236 
0.25682500462495100324 0.01202662925592104005 0.00651191051951657655 0.46163975797978812343 0.02921994735558203563 0.23377675026424113436 
0.25735155994730368745 0.00000000099999999999 0.00000000099999999999 0.42614585353763023701 0.04160993739465026348 0.27489264712041583394 
0.27300824041868310132 0.00816856673557602581 0.00000000100000000000 0.35717096457838809487 0.05334776549349557612 0.30830446177385700812 
0.20628748799208160292 0.00551862759699443036 0.00000000100000000000 0.46992118769115520660 0.05869346725317250990 0.25957922846659614580 
0.21122713993633993046 0.00000000099999999999 0.00000000099999999999 0.47084296944302517218 0.03635398584341390654 0.28157590277722099881 
0.25537909470000841328 0.00000026850284175062 0.00000000100000000000 0.41805762034434662544 0.06884878713134205686 0.25771422832146106963 
0.24884026174585854863 0.01507570769458496315 0.00000000099999999999 0.42693915120273590036 0.03324134969092149006 0.27590352866589890057 
0.20638484482305718970 0.03098423311425281199 0.00000000099999999999 0.50605919267619237090 0.02142793836851762668 0.23514379001797999780 
0.30565290661525679194 0.02438829259030772523 0.00000000100000000000 0.15949905414215473365 0.06271815125494702159 0.44774159439733374199 
0.16963003673286938811 0.00000000099999999999 0.00000000099999999999 0.55325935267013826024 0.03454624095509755549 0.24256436764189484578 
0.02992159183259465380 0.34712243312817114838 0.00000000099999999996 0.62295597203923425145 0.00000000099999999996 0.00000000099999999996 
0.00000000099999999990 0.99999999500000014141 0.00000000099999999990 0.00000000099999999990 0.00000000099999999990 0.00000000099999999990 
0.00000000099999999990 0.99999999500000014141 0.00000000099999999990 0.00000000099999999990 0.00000000099999999990 0.00000000099999999990 
0.00000000099999999993 0.99999999500000014141 0.00000000099999999993 0.00000000099999999993 0.00000000099999999993 0.00000000099999999993 
0.00000000099999999989 0.99999999500000014141 0.00000000099999999989 0.00000000099999999989 0.00000000099999999989 0.00000000099999999989 
0.00000000099999999990 0.99999999500000014141 0.00000000099999999990 0.00000000099999999990 0.00000000099999999990 0.00000000099999999990 
0.00000000099999999994 0.99999999500000014141 0.00000000099999999994 0.00000000099999999994 0.00000000099999999994 0.00000000099999999994 
0.00000000099999999990 0.99999999500000003039 0.00000000099999999990 0.00000000099999999990 0.00000000099999999990 0.00000000099999999990 
0.00000000099999999996 0.80494054793229885547 0.00000000099999999996 0.19505944806770128541 0.00000000099999999996 0.00000000099999999996 
0.00000000099999999993 0.99999999500000003039 0.00000000099999999993 0.00000000099999999993 0.00000000099999999993 0.00000000099999999993 
0.11363044368805447215 0.00816757396502254367 0.00000000099999999999 0.72864189131229928353 0.02280405492430587211 0.12675603511031791060 
0.14069200996643690948 0.00000000099999999997 0.00000000099999999997 0.75924902855776688071 0.00000000099999999997 0.10005895847579616975 
0.06323631139064754547 0.08658916950156420045 0.00000000100000000000 0.83896386306681325351 0.01121065404097494091 0.00000000100000000000 
0.00028630202133142930 0.14871076439588687412 0.00000000099999999997 0.85100293058278164704 0.00000000099999999997 0.00000000099999999997 
0.02624258855182684189 0.14547770116891689529 0.00000000099999999998 0.82827970727925626093 0.00000000099999999998 0.00000000099999999998 
0.00007795745297331188 0.16852127069259409398 0.00000000099999999998 0.83140076885443270349 0.00000000099999999998 0.00000000099999999998 
0.00000000099999999996 0.04079717348155321305 0.00000000099999999996 0.95920282251844679600 0.00000000099999999996 0.00000000099999999996 
0.02110952230685506775 0.13052566043454058575 0.00000000099999999997 0.84836481425860421623 0.00000000099999999997 0.00000000099999999997 
0.01605795558616448029 0.04240129808774695946 0.00000000099999999998 0.94154074332608861386 0.00000000099999999998 0.00000000099999999998 
0.01288521999208491753 0.06040548598935795849 0.00000000099999999997 0.92670929101855703536 0.00000000099999999997 0.00000000099999999997 
0.00000000099999999995 0.12387635568233112959 0.00000000099999999995 0.87612364031766887251 0.00000000099999999995 0.00000000099999999995 
0.00000000099999999996 0.11231721077578286916 0.00000000099999999996 0.88768278522421717458 0.00000000099999999996 0.00000000099999999996 
0.00000000099999999996 0.07415004472425534843 0.00000000099999999996 0.92584995127574454266 0.00000000099999999996 0.00000000099999999996 
0.03266139197213682732 0.07582015732831633159 0.00000000099999999997 0.89151844769954691206 0.00000000099999999997 0.00000000099999999997 
0.00000000099999999997 0.09756810058710459199 0.00000000099999999997 0.90243189541289547950 0.00000000099999999997 0.00000000099999999997 
0.01997670779650079914 0.12884433289680025103 0.00000000099999999998 0.85117895630669893059 0.00000000099999999998 0.00000000099999999998 
0.00000000099999999997 0.09597759115135856556 0.00000000099999999997 0.90402240484864149206 0.00000000099999999997 0.00000000099999999997 
0.00000000099999999997 0.03174421535560160990 0.00000000099999999997 0.96825578064439843384 0.00000000099999999997 0.00000000099999999997 
0.00000000099999999998 0.04844636599866792431 0.00000000099999999998 0.95155363000133208473 0.00000000099999999998 0.00000000099999999998 
0.00000000099999999995 0.03232205034329293375 0.00000000099999999995 0.96767794565670695039 0.00000000099999999995 0.00000000099999999995 
0.00000000099999999996 0.15151280860132651518 0.00000000099999999996 0.84848718739867345917 0.00000000099999999996 0.00000000099999999996 
0.00000000099999999996 0.00000000099999999996 0.00000000099999999996 0.99999999499999991937 0.00000000099999999996 0.00000000099999999996 
0.00000000099999999997 0.03998827498658887730 0.00000000099999999997 0.96001172101341125664 0.00000000099999999997 0.00000000099999999997 
0.00000000099999999998 0.10373136036615390743 0.00000000099999999998 0.89626773411949534065 0.00000090251435081077 0.00000000099999999998 
0.00000000099999999994 0.00000000099999999994 0.00000000099999999994 0.00000000099999999994 0.00000000099999999994 0.99999999500000003039 
0.00000000099999999993 0.00000000099999999993 0.00000000099999999993 0.00000000099999999993 0.00000000099999999993 0.99999999500000003039 
0.00000000099999999999 0.70317899315113718828 0.01170414230147881311 0.00000000099999999999 0.06724992075157208704 0.21786694179581198028 
0.00000000099999999999 0.78822731156419412191 0.00000000099999999999 0.00000000099999999999 0.00000000129470370324 0.21177268414110225758 
0.00000000099999999999 0.69566280374650002472 0.03083820522409576326 0.00000000099999999999 0.04416279356450809879 0.22933619546489616980 
0.00000000099999999999 0.72333869094402425404 0.00000000099999999999 0.27666130505597569256 0.00000000099999999999 0.00000000099999999999 
0.00000000100000000000 0.78410133611726506864 0.01282564656321667079 0.00000000100000000000 0.03750119763906865911 0.16557181768044973436 
0.00000000099999999999 0.77519260170736359328 0.00000000099999999999 0.00000000099999999999 0.04515206296468442237 0.17965533232795211083 
0.00000000099999999999 0.76348332709624222581 0.01320119460040876901 0.00000000099999999999 0.03746750538476530112 0.18584797091858365481 
0.00000109765087362289 0.56501885288462960766 0.02991944816441811927 0.00000000100000000000 0.10976615036960427063 0.29529444993047443413 
0.00000000099999999999 0.76164621373715424291 0.00000000099999999999 0.00000000099999999999 0.06029260964483888763 0.17806117361800682941 
0.00000000099999999999 0.81144839211290575864 0.00000000099999999999 0.00000000099999999999 0.00000000099999999999 0.18855160388709438224 
0.00000000099999999999 0.71286307276961480284 0.00000000099999999999 0.00000000099999999999 0.05350077980111768439 0.23363614442926769477 
0.00000000099999999999 0.71733832863569801930 0.03372625138394277911 0.00000000099999999999 0.00512590729486453543 0.24380951068549483463 
0.05093288610204114997 0.19441656783421770727 0.07399677169867151239 0.07162237106610347404 0.21045925849544475095 0.39857214480352148867 
0.21961073009979678594 0.06605823889462821008 0.00000000099999999999 0.47037846614555223201 0.00394116441902640693 0.24001139944099642021 
0.31095017643385497452 0.04345447866416773941 0.00000000099999999999 0.36995543118068052735 0.00000000099999999999 0.27563991172129681528 
0.27939782550556668816 0.03922129830627536090 0.00000000099999999999 0.38590219370410794308 0.01062109683835408235 0.28485758464569588266 
0.33081763180349826881 0.04796376154709521000 0.00000000099999999999 0.31683752943070447872 0.00000000099999999999 0.30438107521870211292 
0.30266200488989686290 0.03421157110766546300 0.00000000099999999999 0.34857959595840404265 0.00000000099999999999 0.31454682604403361168 
0.29289656556010507105 0.00007999521953780286 0.00000000099999999999 0.37260917059241466243 0.00000000099999999999 0.33441426662794249136 
0.25147223389286266215 0.01440082913377843318 0.00000000099999999999 0.39858717047376024389 0.00000000099999999999 0.33553976449959849182 
0.30003002946724410815 0.03259695536791309273 0.00000000099999999999 0.31575975229974262426 0.02675356318394430180 0.32485969868115577297 
0.30654438843442710638 0.03659806321475814889 0.00000000099999999999 0.30259139696937487063 0.00000000099999999999 0.35426614938143985434 
0.27198633533022775755 0.01057395263623928626 0.00000000099999999999 0.39116529695394569588 0.00576631024196146928 0.32050810383762573519 
0.26035834580426908680 0.08011515178539928284 0.00000000099999999999 0.35560692675244598426 0.00319171773409426384 0.30072785692379133682 
0.35742714840749489902 0.02710628102285211546 0.00000000099999999999 0.30136949620795194793 0.01737227100179853170 0.29672480235990233988 
0.26556794888384355202 0.02616415986470291624 0.00000000099999999999 0.34141487386467178622 0.03100713594069109263 0.33584588044609053892 
0.30241002506014058593 0.02704481157109538125 0.00000000099999999999 0.36203535954201415681 0.00130169102580158461 0.30720811180094836912 
0.30983205680676090266 0.00000054704091177130 0.00000000099999999999 0.32702261096772627935 0.01986391732973265961 0.34328086685486830509 
0.29292510951650213569 0.00025836930142864197 0.00000000099999999999 0.38866508734861326957 0.00617380581260614392 0.31197762702084985698 
0.26989702912958418723 0.02852952108303631606 0.00000000099999999999 0.37008606467397076045 0.00000000099999999999 0.33148738311340864016 
0.25961024768166063303 0.06868577791972053925 0.00000000099999999999 0.29571202196828894060 0.00488498283444930171 0.37110696859588060414 
0.28367747571964740949 0.00000000099999999999 0.00000000099999999999 0.33878144493838185936 0.03020111754430509707 0.34733995979766568718 
0.30590994013458577827 0.01550831394547326145 0.00000000099999999999 0.32981924070117674130 0.00000000099999999999 0.34876250321876417493 
0.00000000099999999995 0.00000000099999999995 0.00000000099999999995 0.00000000099999999995 0.00000000099999999995 0.99999999499999991937 
0.00000000099999999998 0.01736179706236354661 0.00000000099999999998 0.96809775567922418116 0.00000000099999999998 0.01454044425841224432 
0.00000000099999999998 0.00000000099999999998 0.00000000099999999998 0.92645985275173003970 0.00000000099999999998 0.07354014324826985138 
0.00000000099999999998 0.00000000099999999998 0.00000000099999999998 0.96405580863459983121 0.00000000099999999998 0.03594418736540028192 
0.00000000099999999998 0.00000000099999999998 0.00000000099999999998 0.94041230513658669032 0.00000000099999999998 0.05958769086341341586 
0.00000000099999999994 0.00000000099999999994 0.00000000099999999994 0.99999999499999991937 0.00000000099999999994 0.00000000099999999994 
0.00000000099999999998 0.03635039156630175822 0.00000000099999999998 0.95286657832009935554 0.00000000099999999998 0.01078302711359892946 
0.00000000099999999989 0.00000000099999999989 0.00000000099999999989 0.99999999500000003039 0.00000000099999999989 0.00000000099999999989 
0.00000000099999999995 0.00000000099999999995 0.00000000099999999995 0.99999999500000003039 0.00000000099999999995 0.00000000099999999995 
0.00000000099999999996 0.00000000099999999996 0.00000000099999999996 0.99999999500000003039 0.00000000099999999996 0.00000000099999999996 
0.00000000099999999997 0.00000000099999999997 0.00000000099999999997 0.93214131578919823262 0.00000000099999999997 0.06785868021080172785 
0.00000000099999999993 0.00000000099999999993 0.00000000099999999993 0.99999999500000003039 0.00000000099999999993 0.00000000099999999993 
0.00000000099999999996 0.00000000099999999996 0.00000000099999999996 0.96636723523986733930 0.00000000099999999996 0.03363276076013271831 
0.00000000099999999996 0.00000000099999999996 0.00000000099999999996 0.99999999500000003039 0.00000000099999999996 0.00000000099999999996 
0.74955347654643011968 0.01964910874818876288 0.00000000099999999997 0.23079741170538120576 0.00000000099999999997 0.00000000099999999997 
0.00000000099999999991 0.00000000099999999991 0.00000000099999999991 0.99999999499999991937 0.00000000099999999991 0.00000000099999999991 
0.79137059425672506840 0.00001289616943078983 0.00000000099999999997 0.20861650657384417373 0.00000000099999999997 0.00000000099999999997 
0.84993788538049375170 0.00000000099999999997 0.00000000099999999997 0.15006211061950630592 0.00000000099999999997 0.00000000099999999997 
0.69273400112271588114 0.01643329681926498920 0.00000000099999999997 0.29083269905801928390 0.00000000099999999997 0.00000000099999999997 
0.82934937023428556557 0.00000000099999999996 0.00000000099999999996 0.17065062576571460307 0.00000000099999999996 0.00000000099999999996 
0.86475437005503130727 0.04705414662468075659 0.00000000099999999998 0.08819148032028809037 0.00000000099999999998 0.00000000099999999998 
0.70273958475824171988 0.05664513222879380416 0.00000000099999999999 0.13735072920424001852 0.00000000099999999999 0.10326455180872461115 
0.71974929772394569127 0.01701165785096146049 0.00000000099999999997 0.26323904142509296777 0.00000000099999999997 0.00000000099999999997 
0.79492419149322035565 0.00000000099999999997 0.00000000099999999997 0.20507580450677978523 0.00000000099999999997 0.00000000099999999997 
0.73958191203522105628 0.00000541120542291089 0.00000000099999999997 0.26041267375935606143 0.00000000099999999997 0.00000000099999999997 
0.82316793498524865047 0.01520257915508086907 0.00000000099999999998 0.16162948285967040918 0.00000000099999999998 0.00000000099999999998 
0.99999999500000014141 0.00000000099999999993 0.00000000099999999993 0.00000000099999999993 0.00000000099999999993 0.00000000099999999993 
0.99999999500000003039 0.00000000099999999993 0.00000000099999999993 0.00000000099999999993 0.00000000099999999993 0.00000000099999999993 
0.94412481942124293344 0.00000000099999999998 0.00000000099999999998 0.05587517657875697846 0.00000000099999999998 0.00000000099999999998 
0.99999999500000003039 0.00000000099999999995 0.00000000099999999995 0.00000000099999999995 0.00000000099999999995 0.00000000099999999995 
0.99982019574337477330 0.00017980025662526418 0.00000000099999999997 0.00000000099999999997 0.00000000099999999997 0.00000000099999999997 
0.96725318159081030700 0.00000000099999999998 0.00000000099999999998 0.03274681215295908304 0.00000000325623059088 0.00000000099999999998 
0.99999999500000014141 0.00000000099999999996 0.00000000099999999996 0.00000000099999999996 0.00000000099999999996 0.00000000099999999996 
0.99999999500000014141 0.00000000099999999994 0.00000000099999999994 0.00000000099999999994 0.00000000099999999994 0.00000000099999999994 
0.99999999500000014141 0.00000000099999999995 0.00000000099999999995 0.00000000099999999995 0.00000000099999999995 0.00000000099999999995 
0.99999999500000003039 0.00000000099999999997 0.00000000099999999997 0.00000000099999999997 0.00000000099999999997 0.00000000099999999997 
0.99999999500000014141 0.00000000099999999998 0.00000000099999999998 0.00000000099999999998 0.00000000099999999998 0.00000000099999999998 
0.94580258073080347714 0.00000000099999999997 0.00000000099999999997 0.05419741526919661517 0.00000000099999999997 0.00000000099999999997 
0.99999999500000003039 0.00000000099999999996 0.00000000099999999996 0.00000000099999999996 0.00000000099999999996 0.00000000099999999996 
0.95700562228544516774 0.00000000099999999996 0.00000000099999999996 0.04299437371455495233 0.00000000099999999996 0.00000000099999999996 
0.91552459826698995293 0.02448785118859121354 0.00000000099999999999 0.05998754754441870674 0.00000000099999999999 0.00000000099999999999 
0.00000000099999999997 0.98677237067169432105 0.00000000099999999997 0.01322762532830584932 0.00000000099999999997 0.00000000099999999997 
0.00000000099999999995 0.99999999500000014141 0.00000000099999999995 0.00000000099999999995 0.00000000099999999995 0.00000000099999999995 
0.00000000099999999995 0.99999999500000003039 0.00000000099999999995 0.00000000099999999995 0.00000000099999999995 0.00000000099999999995 
0.00000000099999999995 0.99999999500000003039 0.00000000099999999995 0.00000000099999999995 0.00000000099999999995 0.00000000099999999995 
0.00000000099999999997 0.99999999500000014141 0.00000000099999999997 0.00000000099999999997 0.00000000099999999997 0.00000000099999999997 
0.00000000099999999995 0.99999999500000014141 0.00000000099999999995 0.00000000099999999995 0.00000000099999999995 0.00000000099999999995 
0.00000000099999999995 0.99999999500000014141 0.00000000099999999995 0.00000000099999999995 0.00000000099999999995 0.00000000099999999995 
0.00000000099999999994 0.99999999500000003039 0.00000000099999999994 0.00000000099999999994 0.00000000099999999994 0.00000000099999999994 
0.02165972811584888219 0.91171239942029214109 0.00000000099999999999 0.06655988451811671591 0.00000000099999999999 0.00006798594574223547 
0.00000000099999999995 0.99999999500000003039 0.00000000099999999995 0.00000000099999999995 0.00000000099999999995 0.00000000099999999995 
0.00000000099999999995 0.99999999500000003039 0.00000000099999999995 0.00000000099999999995 0.00000000099999999995 0.00000000099999999995 
0.00000000099999999994 0.99999999500000014141 0.00000000099999999994 0.00000000099999999994 0.00000000099999999994 0.00000000099999999994 
0.00000000099999999995 0.99999999500000003039 0.00000000099999999995 0.00000000099999999995 0.00000000099999999995 0.00000000099999999995 
0.00000000099999999995 0.99999999500000014141 0.00000000099999999995 0.00000000099999999995 0.00000000099999999995 0.00000000099999999995 
0.00000000099999999995 0.99999999500000003039 0.00000000099999999995 0.00000000099999999995 0.00000000099999999995 0.00000000099999999995 
0.00000000099999999994 0.99999999500000014141 0.00000000099999999994 0.00000000099999999994 0.00000000099999999994 0.00000000099999999994 
0.00000000099999999995 0.99999999500000014141 0.00000000099999999995 0.00000000099999999995 0.00000000099999999995 0.00000000099999999995 
0.00000000099999999993 0.99999999500000003039 0.00000000099999999993 0.00000000099999999993 0.00000000099999999993 0.00000000099999999993 
0.00000000099999999996 0.99999999500000014141 0.00000000099999999996 0.00000000099999999996 0.00000000099999999996 0.00000000099999999996 
0.00000000099999999995 0.99999999500000014141 0.00000000099999999995 0.00000000099999999995 0.00000000099999999995 0.00000000099999999995 
0.00000000099999999997 0.99999999500000014141 0.00000000099999999997 0.00000000099999999997 0.00000000099999999997 0.00000000099999999997 
0.00000000099999999994 0.00000000099999999994 0.00000000099999999994 0.00000000099999999994 0.00000000099999999994 0.99999999499999991937 
0.04931917714436562239 0.53940594186800594478 0.05124532026313609323 0.00154674556421422263 0.09456584853698594972 0.26391696662329222622 
0.00000000099999999994 0.83924397357577296130 0.00000000099999999994 0.16075602242422712407 0.00000000099999999994 0.00000000099999999994 
0.00000000099999999997 0.19247415694654967933 0.00000000099999999997 0.80752583905345043380 0.00000000099999999997 0.00000000099999999997 
0.00000000099999999995 0.76523194043701792122 0.00000000099999999995 0.23476805556298221966 0.00000000099999999995 0.00000000099999999995 
0.00000000099999999996 0.69574923202009519851 0.00000000099999999996 0.30425076397990485910 0.00000000099999999996 0.00000000099999999996 
0.00000000099999999988 0.99999999500000003039 0.00000000099999999988 0.00000000099999999988 0.00000000099999999988 0.00000000099999999988 
0.00000000099999999991 0.99999999500000003039 0.00000000099999999991 0.00000000099999999991 0.00000000099999999991 0.00000000099999999991 
0.00000000099999999993 0.00000000099999999993 0.00000000099999999993 0.99999999499999991937 0.00000000099999999993 0.00000000099999999993 
0.00000000099999999995 0.00000000099999999995 0.00000000099999999995 0.99999999499999991937 0.00000000099999999995 0.00000000099999999995 
0.00000000099999999993 0.00000000099999999993 0.00000000099999999993 0.99999999499999991937 0.00000000099999999993 0.00000000099999999993 
0.00000000099999999994 0.00000000099999999994 0.00000000099999999994 0.99999999499999991937 0.00000000099999999994 0.00000000099999999994 
0.00000000099999999992 0.00000000099999999992 0.00000000099999999992 0.99999999499999991937 0.00000000099999999992 0.00000000099999999992 
0.00000000099999999993 0.00000000099999999993 0.00000000099999999993 0.99999999500000003039 0.00000000099999999993 0.00000000099999999993 
0.00000000099999999994 0.00000000099999999994 0.00000000099999999994 0.99999999499999991937 0.00000000099999999994 0.00000000099999999994 
0.00000000099999999995 0.00000000099999999995 0.00000000099999999995 0.99999999499999991937 0.00000000099999999995 0.00000000099999999995 
0.00000000099999999993 0.00000000099999999993 0.99999999500000003039 0.00000000099999999993 0.00000000099999999993 0.00000000099999999993 
0.00000000099999999986 0.00000000099999999986 0.99999999500000003039 0.00000000099999999986 0.00000000099999999986 0.00000000099999999986 
0.00000000099999999993 0.00000000099999999993 0.99999999500000003039 0.00000000099999999993 0.00000000099999999993 0.00000000099999999993 
0.00000000099999999994 0.00000000099999999994 0.99999999499999991937 0.00000000099999999994 0.00000000099999999994 0.00000000099999999994 
0.00000000099999999988 0.00000000099999999988 0.99999999500000003039 0.00000000099999999988 0.00000000099999999988 0.00000000099999999988 
0.00000000099999999995 0.00000000099999999995 0.99999999499999991937 0.00000000099999999995 0.00000000099999999995 0.00000000099999999995 
0.00000000099999999991 0.00000000099999999991 0.99999999500000003039 0.00000000099999999991 0.00000000099999999991 0.00000000099999999991 
0.00000000099999999992 0.00000000099999999992 0.99999999499999991937 0.00000000099999999992 0.00000000099999999992 0.00000000099999999992 
0.00000000099999999992 0.00000000099999999992 0.99999999499999991937 0.00000000099999999992 0.00000000099999999992 0.00000000099999999992 
0.00000000099999999990 0.00000000099999999990 0.99999999500000003039 0.00000000099999999990 0.00000000099999999990 0.00000000099999999990 
0.11580588961593211994 0.00000000099999999998 0.00000000099999999998 0.72088070838999362966 0.00254540699595507888 0.16076799299811922461 
0.14489145461022648331 0.00000000099999999998 0.00000000099999999998 0.67784643919916276467 0.00000000099999999998 0.17726210319061094789 
0.15496165010526233297 0.00000000099999999998 0.00000000099999999998 0.70295708186146343976 0.00000000099999999998 0.14208126503327409007 
0.10339496242168114137 0.00000000099999999999 0.00000000099999999999 0.71318434216407855519 0.01219924795635741327 0.17122144545788278713 
0.17047883148483045090 0.00000000099999999998 0.00000000099999999998 0.66161844485328680232 0.00000000099999999998 0.16790272066188277611 
0.11999205017043373944 0.00000000099999999998 0.00000000099999999998 0.68750086693304335306 0.00000000099999999998 0.19250707989652290908 
0.18107857544001368377 0.00000000099999999998 0.00000000099999999998 0.60923276572591700262 0.00000000099999999998 0.20968865583406923192 
0.17211880606784579761 0.00000000099999999998 0.00000000099999999998 0.64776178461476729975 0.00000000099999999998 0.18011940631738693197 
0.14976468083431576650 0.00000000099999999998 0.00000000099999999998 0.69099746147202112390 0.00000000099999999998 0.15923785469366305567 
0.17123158153905326806 0.00000000099999999998 0.00000000099999999998 0.68500669385406243173 0.00000000099999999998 0.14376172160688430179 
0.16957367484846908035 0.00000000099999999998 0.00000000099999999998 0.64943442239876003619 0.00000000099999999998 0.18099189975277085729 
0.10991173330743904402 0.00000000099999999998 0.00000000099999999998 0.65140147966052319717 0.00000000099999999998 0.23868678403203785754 
0.16067575888750545987 0.00000000099999999998 0.00000000099999999998 0.63986922296383796915 0.00000000099999999998 0.19945501514865668358 
0.12372025739424427626 0.00742826304099048797 0.00000000099999999998 0.73212605966055999129 0.00000000099999999998 0.13672541790420533747 
0.13302712878129513419 0.00000000099999999998 0.00000000099999999998 0.68462842078289587455 0.00000000099999999998 0.18234444743580907611 
0.17080314084065806313 0.00000000099999999998 0.00000000099999999998 0.69813706572543532403 0.00000000099999999998 0.13105979043390658667 
0.08744960731202536253 0.00135431925594641260 0.00000000099999999997 0.91119607043202821561 0.00000000099999999997 0.00000000099999999997 
0.13520626823933570848 0.00000000099999999997 0.00000000099999999997 0.86479372776066432138 0.00000000099999999997 0.00000000099999999997 
0.10674666427830821480 0.00000000099999999998 0.00000000099999999998 0.89325333172169174567 0.00000000099999999998 0.00000000099999999998 
0.05970280480324956923 0.00000000099999999998 0.00000000099999999998 0.94029719119675037042 0.00000000099999999998 0.00000000099999999998 
0.08066436006380751922 0.04438274618851950626 0.00000000099999999999 0.87495289074767301774 0.00000000099999999999 0.00000000099999999999 
0.09956533492688077192 0.05997672359014335347 0.00000000099999999998 0.84045793848297589701 0.00000000099999999998 0.00000000099999999998 
0.12475747942714031369 0.02566166707286112944 0.00000000099999999998 0.84664428899822585795 0.00000000099999999998 0.00293656250177272990 
0.09949690045866706190 0.04372727631578984808 0.00000000099999999996 0.85677582022554321650 0.00000000099999999996 0.00000000099999999996 
0.11641554124603310794 0.00000164318717163716 0.00000000099999999997 0.88358281256679527260 0.00000000099999999997 0.00000000099999999997 
0.03800639244937391997 0.09757114312212439300 0.00000000099999999997 0.86442246142850165391 0.00000000099999999997 0.00000000099999999997 
0.06392565828393334537 0.00788503254037384305 0.00000000099999999997 0.92818930617569284092 0.00000000099999999997 0.00000000099999999997 
0.12257284398907535017 0.03989650284157692656 0.00000000099999999999 0.82017585009196014578 0.00530550770384395284 0.01204929437354361997 
0.00961840156811139164 0.00000000099999999997 0.00000000099999999997 0.99038159443188866771 0.00000000099999999997 0.00000000099999999997 
0.08786973836927834680 0.00000000099999999998 0.00000000099999999998 0.88194529640241436930 0.00141585934768721886 0.02876910388062020943 
0.09298700450684262153 0.01646238633291147863 0.00000000099999999999 0.86297062390329626336 0.00000000099999999999 0.02757998325694966876 
0.11211532589635551938 0.00000000099999999996 0.00000000099999999996 0.88788467010364435783 0.00000000099999999996 0.00000000099999999996 
0.10915841432120641785 0.00000000099999999997 0.00000000099999999997 0.89065291959443881886 0.00018866308435471182 0.00000000099999999997 
0.14658049996318245345 0.00000000099999999997 0.00000000099999999997 0.85341949603681754866 0.00000000099999999997 0.00000000099999999997 
0.15082554898731229120 0.00000000099999999998 0.00000000099999999998 0.84917444701268784968 0.00000000099999999998 0.00000000099999999998 
0.22078868986795949225 0.00000000099999999998 0.00000000099999999998 0.77646455399956126886 0.00000000099999999998 0.00274675313247936623 
0.12511855861196347073 0.00000000099999999997 0.00000000099999999997 0.87488143738803647587 0.00000000099999999997 0.00000000099999999997 
