0.06130185064971981068 0.00000000099999999999 0.80033360057075930705 0.04889642904861717099 0.00000000099999999999 0.00000000099999999999 0.00000000099999999999 0.00000966563637216644 0.08945845009453175234 
0.08859331842556034120 0.00000000099999999998 0.83306313117115282640 0.00000000099999999998 0.00000000099999999998 0.00000000099999999998 0.00000000141360431006 0.00000000099999999998 0.07834354398968254585 
0.06531348573037885907 0.00000274435290121138 0.79039561951202663703 0.06461846796397258119 0.00000000099999999998 0.00000000099999999998 0.00000000099999999998 0.00000000099999999998 0.07966967844072085636 
0.04848713113365540894 0.00000000099999999998 0.83677229662838714663 0.01954513776925202381 0.00000000099999999998 0.00000000099999999998 0.00000000099999999998 0.00000000099999999998 0.09519542946870541977 
0.07404268483072949658 0.00452689037218396810 0.82186522550007601318 0.01033511526549134828 0.00000000099999999998 0.00000000099999999998 0.00000000099999999998 0.00000000099999999998 0.08923008003151930434 
0.11009925096869195571 0.00313271772535245402 0.75776434626225930291 0.03479499432217933452 0.00000000099999999999 0.00000000099999999999 0.00000000099999999999 0.00000000099999999999 0.09420868672151688772 
0.05213737506531583576 0.00000000099999999999 0.78082883078807596711 0.04255027490120519285 0.00000000099999999999 0.00000000099999999999 0.00000000099999999999 0.00000000099999999999 0.12448351424540304855 
0.08579788880985581012 0.00000000099999999999 0.64674040065667748323 0.06547696099325121810 0.00000000099999999999 0.00000000099999999999 0.00000000099999999999 0.04677269520681567178 0.15521205033339982582 
0.04771618611879965832 0.00875112590892186334 0.85203454943753187401 0.00714862482471490934 0.00000000099999999999 0.00000000099999999999 0.00000000099999999999 0.00000000099999999999 0.08434950971003181419 
0.10550900475449842553 0.00000000099999999998 0.67358060148311615922 0.08484992507070375500 0.00000000099999999998 0.00000000099999999998 0.00000000099999999998 0.00000000099999999998 0.13606046369168164900 
0.09595287707787773790 0.00000000099999999998 0.81731500146059488099 0.00000000099999999998 0.00000000099999999998 0.00000000099999999998 0.00000000099999999998 0.00000000099999999998 0.08673211546152750917 
0.06990406173870641893 0.02928313014957341018 0.73809993912869054089 0.03476847349089327854 0.00000000099999999999 0.00000000099999999999 0.00000000099999999999 0.00000000099999999999 0.12794439149213643336 
0.05397247377927000961 0.00000000099999999998 0.80122494831570667539 0.06666227099503595210 0.00000000099999999998 0.00000000099999999998 0.00410475296973084568 0.00000000099999999998 0.07403554994025646208 
0.00000000099999999999 0.00837993871543065739 0.39585681250176546486 0.00000000099999999999 0.41729317102550567142 0.15815878600743982219 0.02031128774985832899 0.00000000099999999999 0.00000000099999999999 
0.00000000099999999997 0.03807680666452820800 0.39913076322499879689 0.00000000099999999997 0.39564249578809118635 0.16714747278901126437 0.00000245753337045113 0.00000000099999999997 0.00000000099999999997 
0.00000000099999999998 0.00000144350083468423 0.35551943202739672012 0.00000000099999999998 0.45309080235755955224 0.17137819686457492208 0.02001012124963403443 0.00000000099999999998 0.00000000099999999998 
0.00052737012875733768 0.00022482037651142868 0.33965853450965027838 0.00000000099999999999 0.38208760807434394291 0.24507051408345290056 0.03243114982728403928 0.00000000099999999999 0.00000000099999999999 
0.00000021354874667713 0.00083017571910604581 0.40151854513844420502 0.00000000099999999998 0.40855068950102285674 0.17079130527031774478 0.01069467496875409207 0.00761439385360837898 0.00000000099999999998 
0.00384811399431869271 0.01285145296763615802 0.41004044060547956141 0.00000000099999999998 0.39287415556074645195 0.15867331443859020168 0.02171251943322897657 0.00000000099999999998 0.00000000099999999998 
0.00000000099999999998 0.00000000099999999998 0.37698886509052786931 0.00000000099999999998 0.39433865206308316154 0.15749942020713608715 0.07116966332872608214 0.00000339531052682257 0.00000000099999999998 
0.00000000099999999998 0.00000000099999999998 0.37676187136310185233 0.03393972407773344913 0.43320601081411241884 0.15609238874505226846 0.00000000099999999998 0.00000000099999999998 0.00000000099999999998 
0.00000000099999999998 0.00000000099999999998 0.34370610352728436787 0.00000000099999999998 0.51683827758154821108 0.10856557832432621458 0.02214506620072835205 0.00874497036611277499 0.00000000099999999998 
0.00051813817142447804 0.01995237587348228439 0.34452389800781035856 0.00000000099999999998 0.45572082091648874469 0.15155272938397290616 0.02773203464682107156 0.00000000099999999998 0.00000000099999999998 
0.01164721434118193809 0.00152645947668686964 0.33256939134250779189 0.00000000099999999999 0.43027725331306504453 0.19590068732145574093 0.02447537702680612284 0.00360361517829644890 0.00000000099999999999 
0.00000000099999999999 0.00000000099999999999 0.31914055646776839925 0.00000000099999999999 0.47639862177774500163 0.11850935485344259168 0.06563308905924966630 0.02031837384179422876 0.00000000099999999999 
0.00347032560253430523 0.01683747098428715547 0.35365844937035711970 0.00000000099999999998 0.44907380935772084340 0.12811884403765388951 0.04884109764744665877 0.00000000099999999998 0.00000000099999999998 
0.01132978243590457811 0.01453973361777370459 0.34579212886384308456 0.02128629492141021970 0.49118177027958881409 0.09110350503027757341 0.02476678285120207171 0.00000000099999999998 0.00000000099999999998 
0.00000000099999999998 0.02379961080741424886 0.33234710816520518506 0.00000000099999999998 0.39794035255390286521 0.19671469175445280286 0.04919823271902483419 0.00000000099999999998 0.00000000099999999998 
0.00000000099999999997 0.00000000099999999997 0.39719666204280590360 0.00000000099999999997 0.39267113435193884419 0.17919636218740178646 0.03093583641785349267 0.00000000099999999997 0.00000000099999999997 
0.00000000099999999997 0.00000000099999999997 0.26636017931206396048 0.00000000099999999997 0.73165979079674792196 0.00198002389118816279 0.00000000099999999997 0.00000000099999999997 0.00000000099999999997 
0.00000000099999999996 0.00000000099999999996 0.25130857727397898360 0.00000000099999999996 0.70661280371720847082 0.00000000099999999996 0.00000000099999999996 0.04207861300881240302 0.00000000099999999996 
0.00000000099999999998 0.00000000099999999998 0.30531097115672156672 0.00085975643329573885 0.61082127893291526810 0.00503457968524385468 0.06311475051159150251 0.01485866028023213707 0.00000000099999999998 
0.00000000099999999998 0.01679968084570698100 0.22356797601109049123 0.00000000099999999998 0.67090082268512385433 0.03962601118563263691 0.01944036852699613377 0.02966513774545008475 0.00000000099999999998 
0.01578347316020710378 0.00000000099999999997 0.24654437994000552581 0.00000000099999999997 0.69535970297828131326 0.00000000099999999997 0.03250415281316255262 0.00980828710834333317 0.00000000099999999997 
0.00000000099999999999 0.00014745390436395005 0.23507388907287640745 0.00000000099999999999 0.67481792421819775107 0.02565347977086864656 0.01983055877275186757 0.04447669126094130204 0.00000000099999999999 
0.00000000099999999996 0.00000000099999999996 0.24995529348848100071 0.00000000099999999996 0.70727809379013406588 0.00000000099999999996 0.00000000099999999996 0.04276660672138494351 0.00000000099999999996 
0.00000000099999999998 0.00000000099999999998 0.26360143415285730573 0.00216651687611374910 0.65909338342707279867 0.00433850925684193742 0.04682915761161719759 0.02397099567549679927 0.00000000099999999998 
0.00000000099999999998 0.00000000099999999998 0.16684999678780362831 0.00000000099999999998 0.75498958444880315266 0.04152459203387469377 0.00740137843728633227 0.02923444429223216734 0.00000000099999999998 
0.00000000099999999998 0.00076738479400515652 0.29386674447359606432 0.00000000099999999998 0.63147227367830616185 0.04115920264828155928 0.03273439040581101883 0.00000000099999999998 0.00000000099999999998 
0.00000000099999999988 0.00000000099999999988 0.00000000099999999988 0.00000000099999999988 0.99999999200000000421 0.00000000099999999988 0.00000000099999999988 0.00000000099999999988 0.00000000099999999988 
0.00000000099999999998 0.00000000099999999998 0.25515985861672446644 0.00000000099999999998 0.63271266044699769893 0.03677832122017211935 0.05610618094919306298 0.01924297476691270645 0.00000000099999999998 
0.00000000099999999996 0.00000000099999999996 0.26042587389485560845 0.00000000099999999996 0.70495328327773565391 0.00000000099999999996 0.02787086976036861480 0.00674996806703995634 0.00000000099999999996 
0.00000000099999999998 0.00000000099999999998 0.25026023617953041533 0.00000000099999999998 0.67521364593570643020 0.00445664913873624648 0.02937701135034315181 0.04069245339568391268 0.00000000099999999998 
0.00000000099999999998 0.00000000099999999998 0.25902510604479211942 0.00522997197772191291 0.64957245942709773701 0.03145027576220853910 0.05331344752665578834 0.00140873626152389158 0.00000000099999999998 
0.00000000099999999998 0.00000000099999999998 0.28576976170697826474 0.00000000099999999998 0.67479928260715937860 0.03351745711308273812 0.00045065743427794149 0.00546283713850160332 0.00000000099999999998 
0.00000000099999999998 0.00000000099999999998 0.19496665142014948935 0.00000000099999999998 0.75018765968155276536 0.00001246548067712575 0.02708785930324216634 0.02774536011437843397 0.00000000099999999998 
0.01436260689170730000 0.00000000099999999999 0.06867785747300370058 0.00000000099999999999 0.81286270502225443924 0.00000000099999999999 0.02124839532084118673 0.08284843129219322810 0.00000000099999999999 
0.31489290639153433293 0.09710744966236721509 0.14012118316667776519 0.01327083241089128084 0.08799454953052419925 0.02354076569968292093 0.00000000099999999999 0.00000000099999999999 0.32307231113832246550 
0.30737486275858488805 0.13027984495013636423 0.00000000099999999999 0.00000000099999999999 0.16032568592146473341 0.01961443152813064153 0.01737640499486776957 0.00000000099999999999 0.36502876684681551112 
0.32840941431586412325 0.13668450506385687593 0.00000000100000000000 0.00768467154246026650 0.05069156216454890479 0.06213267194948628169 0.02430306125434437622 0.00000000100000000000 0.39009411170943925073 
0.29892306668095325328 0.13984018884384938342 0.02826897973431154523 0.01120928348748592013 0.04038511171416528378 0.09458173631618108090 0.03937220938781128832 0.00000000100000000000 0.34741942283524218649 
0.26684583623991614543 0.13279522520932457441 0.03463421083226111974 0.03102861435755305264 0.09769202896307682682 0.04790832945560708628 0.00003636517332195741 0.00000000100000000000 0.38905938876893925160 
0.29850841582416870468 0.14346803623866408173 0.08567744663007906269 0.06174052368148934961 0.05143764449301758274 0.00000029255088415067 0.02086961038688357750 0.00000000100000000000 0.33829802919481355428 
0.28980603208006650018 0.11215179279327873452 0.12873248873673120984 0.00000000099999999999 0.07898743572047733918 0.03609886165738863950 0.03517979348709839027 0.00000000099999999999 0.31904359352495925695 
0.28913786457914963934 0.16105918654612838559 0.08663216054560944623 0.03923210860561177765 0.08043563734122713416 0.06196662723373016352 0.00000000100000000000 0.00700488634324844713 0.27453152780529510579 
0.28643591212604146978 0.14639595779166650336 0.08242166799273578648 0.03800612759732576590 0.04364750469209573158 0.08780350728983862818 0.00032794049563806025 0.00000000100000000000 0.31496138101465831483 
0.32347862300117613543 0.11952180560171124513 0.05731665633772455026 0.03229324361946771249 0.08789067303650043017 0.00002565421082714101 0.00000000099999999999 0.00000000099999999999 0.37947334219259282184 
0.00000000099999999997 0.01587480904382250479 0.08370203905486445217 0.00000000099999999997 0.83312845405248392439 0.02421420487259020107 0.00000001511009482896 0.04308047486614422633 0.00000000099999999997 
0.00000000099999999997 0.02965215288786883507 0.00000000099999999997 0.00000000099999999997 0.87695057335026904699 0.03737249032530269577 0.01451686906797354515 0.04150791036858587912 0.00000000099999999997 
0.00000000099999999997 0.00000000099999999997 0.00000000099999999997 0.00000000099999999997 0.94404542447135064709 0.03838577812881177609 0.00079792331947409851 0.01677086908036328622 0.00000000099999999997 
0.00000000099999999997 0.00000000099999999997 0.00000000099999999997 0.00000000099999999997 0.94820588395223992517 0.05179410904776003688 0.00000000099999999997 0.00000000099999999997 0.00000000099999999997 
0.00664280022788000819 0.00548592585093899982 0.00000000099999999999 0.00000000099999999999 0.84023979661903602789 0.05708122668634139224 0.06835110376190892123 0.02219914385389457068 0.00000000099999999999 
0.00007463839100128353 0.02836149921541244665 0.00544115858011163731 0.00000000099999999999 0.87692519804777779857 0.06696660632490740450 0.00000000099999999999 0.02223089644078944313 0.00000000099999999999 
0.00009460038612253955 0.00000000099999999997 0.00000000099999999997 0.00000000099999999997 0.98169376321760659643 0.00000000099999999997 0.00000000301196656233 0.01821162838430437705 0.00000000099999999997 
0.00006091574895931204 0.03101373813920766526 0.06982047634931130842 0.00000000099999999998 0.86450524679711482356 0.00765123688300995558 0.02694838308239699831 0.00000000099999999998 0.00000000099999999998 
0.00197119445159571688 0.00000000099999999996 0.00000000099999999996 0.00000000099999999996 0.98592431920635448250 0.01210448034204980941 0.00000000099999999996 0.00000000099999999996 0.00000000099999999996 
0.02536501042881271137 0.00000000099999999998 0.01464519533373929115 0.00000000099999999998 0.89640649991928211815 0.05155872295833922175 0.00000000099999999998 0.01202456735982672387 0.00000000099999999998 
0.08665633184918701548 0.02223365887236406283 0.66388851230125245362 0.06222835048800271635 0.04951754647095855943 0.06093028719974602492 0.01654059270139519866 0.03800471911709401435 0.00000000099999999999 
0.07704000596429393111 0.00000000099999999999 0.84344519100156478686 0.05236449747642710900 0.02222441507390295751 0.00492588648381127227 0.00000000099999999999 0.00000000099999999999 0.00000000099999999999 
0.07687303366177730690 0.00568631797235822495 0.60907869272633252677 0.04954064422873812046 0.15497694641128881288 0.06566573812732669213 0.02922983885354719924 0.00894878701863118658 0.00000000099999999999 
0.05333142854958466961 0.00000000100000000000 0.71936696947594114260 0.05038343564749733078 0.04408116158621356445 0.03429267874297538266 0.00000208445439905389 0.07441888545275016087 0.02412335509063883235 
0.02121672456534702544 0.00000000099999999998 0.12214102839844112602 0.00000000099999999998 0.45735404312608934907 0.38125006857180532283 0.00000000099999999998 0.01803813133831714058 0.00000000099999999998 
0.00000000099999999999 0.00000000099999999999 0.10572270291507014639 0.00000000099999999999 0.51572700472408883332 0.33604490904873779433 0.00135471296471044119 0.04115066634739258239 0.00000000099999999999 
0.00000000099999999998 0.00000000099999999998 0.11157735821558179001 0.00000000099999999998 0.54792141610357636416 0.30127997958805446954 0.00000000099999999998 0.03922124109278729565 0.00000000099999999998 
0.00000000099999999999 0.00000000099999999999 0.10906120997984042331 0.00008345189393247592 0.48361364965153003093 0.31714364387632487663 0.02340965116781166047 0.06668839043056050409 0.00000000099999999999 
0.00000000135489637969 0.00000000099999999998 0.07372878478052465046 0.00000000099999999998 0.46242596810024477749 0.39540820160777950809 0.00634341873025916041 0.06209362242629557632 0.00000000099999999998 
0.00000000099999999999 0.00000000821221442151 0.11472039182212087627 0.00055861547118250365 0.54103245236034236409 0.28753059638941252940 0.00000000099999999999 0.05615793274472719032 0.00000000099999999999 
0.00000000099999999986 0.00000000099999999986 0.00000000099999999986 0.00000000099999999986 0.00000000099999999986 0.00000000099999999986 0.00000000099999999986 0.99999999200000000421 0.00000000099999999986 
0.00000057248946768828 0.00539791939869115056 0.28020698893098744398 0.01923708809253620727 0.57042566447049303235 0.07904623177906182352 0.02329362252433007235 0.02239191131443263663 0.00000000099999999999 
0.00000000099999999998 0.00000000099999999998 0.38286908397325342124 0.00000000099999999998 0.44682616589554380315 0.07179471978152401901 0.07372476723961468581 0.02478525911006392024 0.00000000099999999998 
0.00000000099999999999 0.00000000099999999999 0.30158790053338824233 0.00000000099999999999 0.50371907053708298019 0.08609856079062744305 0.06850330114056936426 0.04009116299833194452 0.00000000099999999999 
0.00000000099999999999 0.04712835976232909729 0.26048996484797981577 0.00129778734289343013 0.52047613632505773662 0.04765033375918797248 0.06435867554979964045 0.05859874041275225237 0.00000000099999999999 
0.00010668655765457646 0.00000000099999999998 0.42795344156475662034 0.00000000099999999998 0.31847726163588241377 0.16451221110086883259 0.05226584495797541308 0.03668455118286195749 0.00000000099999999998 
0.00000000100000000000 0.00003871288827567300 0.27357621756279798531 0.01013699668689347494 0.46571592571565079144 0.19175836104014129524 0.03201069090065163103 0.02676309320558926258 0.00000000100000000000 
0.00000000099999999998 0.00000000099999999998 0.31462171828043006272 0.00822814859093242562 0.42691599874002322812 0.17474371977635638764 0.04992102693910060313 0.02556938467315715557 0.00000000099999999998 
0.02178783577888699502 0.00000000099999999999 0.34004734606833958432 0.01634772424381620778 0.34238628446059971022 0.17978264600381341221 0.06752130986371282506 0.03212685158083117276 0.00000000099999999999 
0.00000000099999999999 0.00445479918812499015 0.33605567485434834074 0.00000000099999999999 0.48251963191393160146 0.10167759640517202990 0.05809364794645174856 0.01719864669197117626 0.00000000099999999999 
0.00000000099999999999 0.00000000099999999999 0.31947102381799985515 0.00024905822964813625 0.48089473953747446933 0.15810709209233023143 0.01590214323425745424 0.02537594008828987502 0.00000000099999999999 
0.00000000099999999999 0.00969261417155407000 0.31188877603231440760 0.01261321671888332441 0.41310948990684198678 0.12940727213232594561 0.10363007457521210275 0.01965855446286840849 0.00000000099999999999 
0.01558723099831388348 0.00000000099999999999 0.30197778379074652344 0.00000000099999999999 0.43090976643970874127 0.13092236236558568718 0.08557883291894090305 0.03502402048670410356 0.00000000099999999999 
0.03807316637285916572 0.00000000099999999999 0.23334594027554531048 0.00868407940057447023 0.49959200307369416860 0.12118311395277417408 0.05643627631147631052 0.04268541861307653673 0.00000000099999999999 
0.00183575052441501850 0.00000000099999999999 0.52034145281150279150 0.00000000099999999999 0.18122582884401342018 0.24066143439691919936 0.00458609916893656586 0.05134943125421315147 0.00000000099999999999 
0.00120288561203393796 0.00000000099999999999 0.27046861270682165390 0.00000000204507895742 0.55727872099359254676 0.10991486508877927608 0.03784370244576495262 0.02329120910792865234 0.00000000099999999999 
0.33703854208343064780 0.01794787884755067939 0.00000000099999999995 0.00287968988262670301 0.60495577881832807154 0.03468949821245320697 0.00248860915561060917 0.00000000099999999995 0.00000000099999999995 
0.99999999200000022626 0.00000000099999999981 0.00000000099999999981 0.00000000099999999981 0.00000000099999999981 0.00000000099999999981 0.00000000099999999981 0.00000000099999999981 0.00000000099999999981 
0.99999999200000022626 0.00000000099999999978 0.00000000099999999978 0.00000000099999999978 0.00000000099999999978 0.00000000099999999978 0.00000000099999999978 0.00000000099999999978 0.00000000099999999978 
0.99999999200000022626 0.00000000099999999988 0.00000000099999999988 0.00000000099999999988 0.00000000099999999988 0.00000000099999999988 0.00000000099999999988 0.00000000099999999988 0.00000000099999999988 
0.99999999200000022626 0.00000000099999999981 0.00000000099999999981 0.00000000099999999981 0.00000000099999999981 0.00000000099999999981 0.00000000099999999981 0.00000000099999999981 0.00000000099999999981 
0.99999999200000022626 0.00000000099999999980 0.00000000099999999980 0.00000000099999999980 0.00000000099999999980 0.00000000099999999980 0.00000000099999999980 0.00000000099999999980 0.00000000099999999980 
0.99999999200000011523 0.00000000099999999989 0.00000000099999999989 0.00000000099999999989 0.00000000099999999989 0.00000000099999999989 0.00000000099999999989 0.00000000099999999989 0.00000000099999999989 
0.99999999200000022626 0.00000000099999999980 0.00000000099999999980 0.00000000099999999980 0.00000000099999999980 0.00000000099999999980 0.00000000099999999980 0.00000000099999999980 0.00000000099999999980 
0.82484232153402381460 0.00000000099999999994 0.00000000099999999994 0.00000000099999999994 0.17515767146597638337 0.00000000099999999994 0.00000000099999999994 0.00000000099999999994 0.00000000099999999994 
0.99999999200000022626 0.00000000099999999986 0.00000000099999999986 0.00000000099999999986 0.00000000099999999986 0.00000000099999999986 0.00000000099999999986 0.00000000099999999986 0.00000000099999999986 
0.00000000099999999999 0.01970483645273967896 0.11561344482253622934 0.01734840916244005313 0.73168865935753546470 0.05914519628069059981 0.03643499769979995778 0.02006445422425782998 0.00000000099999999999 
0.00000000099999999997 0.00000000099999999997 0.10127274026595413370 0.00000000099999999997 0.77226399172699811135 0.07886264611708315719 0.04760055443786854329 0.00000006345209601970 0.00000000099999999997 
0.10125716107755143580 0.00000036508128701761 0.01189626572735184504 0.00000003024747357457 0.80773041462168260196 0.07911576024465355461 0.00000000099999999999 0.00000000099999999999 0.00000000099999999999 
0.16957370550132505604 0.00000000099999999996 0.00000000099999999996 0.00000000099999999996 0.81167919396221976935 0.01874709453645531654 0.00000000099999999996 0.00000000099999999996 0.00000000099999999996 
0.13054942688823562014 0.03154457305411099283 0.00000000099999999998 0.00000000099999999998 0.80517828215009257242 0.01196124854226636100 0.02076646536529441756 0.00000000099999999998 0.00000000099999999998 
0.13911862044869768851 0.03298299339366544958 0.00000000099999999996 0.00000000099999999996 0.79026981598590662070 0.03762856517173030629 0.00000000099999999996 0.00000000099999999996 0.00000000099999999996 
0.02288012415762480378 0.02671038490079643765 0.00000000099999999994 0.00000000099999999994 0.92997741380467990879 0.02043207213689880383 0.00000000099999999994 0.00000000099999999994 0.00000000099999999994 
0.11412718306739848273 0.03110971295909561660 0.00000000099999999996 0.00000000099999999996 0.80723928553267965125 0.04752381344082621389 0.00000000099999999996 0.00000000099999999996 0.00000000099999999996 
0.04366554310782257836 0.00922035376274825923 0.00000000099999999998 0.00000000099999999998 0.90829017321510685523 0.03882392491432229420 0.00000000099999999998 0.00000000099999999998 0.00000000099999999998 
0.07315817788628553586 0.00000000099999999995 0.00000000099999999995 0.00000000099999999995 0.88860161720575880917 0.03824019890795573445 0.00000000099999999995 0.00000000099999999995 0.00000000099999999995 
0.10067440870881880222 0.03741122064989759605 0.00000000099999999994 0.00000000099999999994 0.86191436464128368122 0.00000000099999999994 0.00000000099999999994 0.00000000099999999994 0.00000000099999999994 
0.12165299616846428354 0.00099729698817501550 0.00000000099999999995 0.00000000099999999995 0.87734970084336072471 0.00000000099999999995 0.00000000099999999995 0.00000000099999999995 0.00000000099999999995 
0.04484861110645811666 0.04295536860522976286 0.00000000099999999994 0.00000000099999999994 0.91219601428831231793 0.00000000099999999994 0.00000000099999999994 0.00000000099999999994 0.00000000099999999994 
0.06462202013166212788 0.02655050100254437509 0.00000000099999999997 0.00000000099999999997 0.87043477684432968289 0.02653966103008051705 0.01185303699138334430 0.00000000099999999997 0.00000000099999999997 
0.10963406937290991194 0.00000820996953115474 0.00000000099999999996 0.00000000099999999996 0.89035771465755908505 0.00000000099999999996 0.00000000099999999996 0.00000000099999999996 0.00000000099999999996 
0.10734393245220290314 0.03641004490975559976 0.00000000099999999997 0.00000000099999999997 0.82458388361011336620 0.01449463741831039272 0.01716749760961770038 0.00000000099999999997 0.00000000099999999997 
0.08848289368496070617 0.01751281279944217478 0.00000000099999999996 0.00000000099999999996 0.85362877687033089646 0.04037551164526627379 0.00000000099999999996 0.00000000099999999996 0.00000000099999999996 
0.06450123335277502257 0.00000000099999999995 0.00000000099999999995 0.00000000099999999995 0.93549875964722495336 0.00000000099999999995 0.00000000099999999995 0.00000000099999999995 0.00000000099999999995 
0.09061980598642359330 0.00000000099999999997 0.00000000099999999997 0.00000000099999999997 0.90235719254799662270 0.00000000099999999997 0.00702299546557987563 0.00000000099999999997 0.00000000099999999997 
0.07045707736933104481 0.00000000099999999994 0.00000000099999999994 0.00000000099999999994 0.92954291563066893112 0.00000000099999999994 0.00000000099999999994 0.00000000099999999994 0.00000000099999999994 
0.15641369527248746851 0.00952693743385305165 0.00000000099999999995 0.00000000099999999995 0.83405935077683956980 0.00000001151681987068 0.00000000099999999995 0.00000000099999999995 0.00000000099999999995 
0.05897845306185882375 0.00000000099999999994 0.00000000099999999994 0.00000000099999999994 0.94102153993814130484 0.00000000099999999994 0.00000000099999999994 0.00000000099999999994 0.00000000099999999994 
0.05844235582858623573 0.00000000099999999996 0.00000000099999999996 0.00000000099999999996 0.94155763717141383040 0.00000000099999999996 0.00000000099999999996 0.00000000099999999996 0.00000000099999999996 
0.07157858831411277600 0.04361160237225350511 0.00000000099999999998 0.00786517798393580186 0.87694462072876921965 0.00000000660092872563 0.00000000099999999998 0.00000000099999999998 0.00000000099999999998 
0.00000000099999999988 0.00000000099999999988 0.00000000099999999988 0.00000000099999999988 0.00000000099999999988 0.00000000099999999988 0.00000000099999999988 0.99999999200000000421 0.00000000099999999988 
0.00000000099999999988 0.00000000099999999988 0.00000000099999999988 0.00000000099999999988 0.00000000099999999988 0.00000000099999999988 0.00000000099999999988 0.99999999200000000421 0.00000000099999999988 
0.69172456537129412002 0.00000000099999999995 0.30827542762870602244 0.00000000099999999995 0.00000000099999999995 0.00000000099999999995 0.00000000099999999995 0.00000000099999999995 0.00000000099999999995 
0.76702448331770989309 0.00000000099999999995 0.23297550968229030488 0.00000000099999999995 0.00000000099999999995 0.00000000099999999995 0.00000000099999999995 0.00000000099999999995 0.00000000099999999995 
0.71694811519891499252 0.00000000099999999995 0.28305187780108526097 0.00000000099999999995 0.00000000099999999995 0.00000000099999999995 0.00000000099999999995 0.00000000099999999995 0.00000000099999999995 
0.71521515612284447538 0.00000005273990493599 0.00000000099999999997 0.00000000099999999997 0.28478478392001349562 0.00000000099999999997 0.00000000221723706051 0.00000000099999999997 0.00000000099999999997 
0.79647642108526484073 0.00000000099999999996 0.20352357191473535725 0.00000000099999999996 0.00000000099999999996 0.00000000099999999996 0.00000000099999999996 0.00000000099999999996 0.00000000099999999996 
0.76986038453073923904 0.00000000099999999996 0.23013960846926082016 0.00000000099999999996 0.00000000099999999996 0.00000000099999999996 0.00000000099999999996 0.00000000099999999996 0.00000000099999999996 
0.75251729699801028772 0.00000000099999999997 0.24748269600198982698 0.00000000099999999997 0.00000000099999999997 0.00000000099999999997 0.00000000099999999997 0.00000000099999999997 0.00000000099999999997 
0.56538672160150638124 0.00000000099999999998 0.42362907371699559667 0.01098419868149818832 0.00000000099999999998 0.00000000099999999998 0.00000000099999999998 0.00000000099999999998 0.00000000099999999998 
0.75492148577993345437 0.00000000099999999996 0.24507850722006663258 0.00000000099999999996 0.00000000099999999996 0.00000000099999999996 0.00000000099999999996 0.00000000099999999996 0.00000000099999999996 
0.81363029943958975476 0.00000000099999999995 0.18636969356041030443 0.00000000099999999995 0.00000000099999999995 0.00000000099999999995 0.00000000099999999995 0.00000000099999999995 0.00000000099999999995 
0.68740183351155836888 0.00000000099999999996 0.31259815948844171807 0.00000000099999999996 0.00000000099999999996 0.00000000099999999996 0.00000000099999999996 0.00000000099999999996 0.00000000099999999996 
0.71084816665608130393 0.00000000099999999995 0.28915182634391894956 0.00000000099999999995 0.00000000099999999995 0.00000000099999999995 0.00000000099999999995 0.00000000099999999995 0.00000000099999999995 
0.17221625995818570787 0.00004351543133006332 0.60038593168055254257 0.08044444720572656304 0.08947146243398536314 0.00616633852932201715 0.00053437084815672231 0.00752588853948633028 0.04321178537325458258 
0.01484103081671139801 0.02123193065044019431 0.29539675733519210610 0.00000000099999999997 0.48279847085731136813 0.13568066312235591009 0.05005114421798895208 0.00000000099999999997 0.00000000099999999997 
0.00000000099999999998 0.03068242456214618358 0.29924685906230358290 0.00000000099999999998 0.37286412387138018198 0.18752419224661498465 0.08941839525109675224 0.02026400200645805949 0.00000000099999999998 
0.01085719040523613205 0.00000000099999999998 0.34657481844483273292 0.00000000099999999998 0.40207153219062591321 0.15214328601940058094 0.07611745307293843466 0.01223571686696598056 0.00000000099999999998 
0.00000000099999999998 0.03027863241470697339 0.35214469451646235321 0.00000000099999999998 0.33998337282162349737 0.18550768390214211756 0.09208561234506514037 0.00000000099999999998 0.00000000099999999998 
0.00000000099999999998 0.02344446153119292275 0.33291886027317552088 0.00000000099999999998 0.36939148000842236819 0.14045654966819073883 0.11306146461826387106 0.02072718090075454170 0.00000000099999999998 
0.00000000099999999998 0.00000000099999999998 0.35538666156521314665 0.00000000099999999998 0.37270674500598738321 0.15963835158353759103 0.08368670887975201977 0.02858152896550982675 0.00000000099999999998 
0.00000000099999999998 0.00000000099999999998 0.38076003473661479415 0.00000000099999999998 0.41547154328257296374 0.13616297070458685536 0.06759805140817513880 0.00000739586805021612 0.00000000099999999998 
0.00019269833156801891 0.00000000099999999998 0.41082779732901852920 0.00000000099999999998 0.32891191784195977776 0.15229787449751200357 0.10776970799994169126 0.00000000099999999998 0.00000000099999999998 
0.01060580807087553937 0.00000000099999999997 0.42268514914862920229 0.00000000099999999997 0.30578778852276028433 0.16864547577544261592 0.09227577448229234980 0.00000000099999999997 0.00000000099999999997 
0.00001609802033958618 0.00000000099999999998 0.33545730910847698647 0.00000000099999999998 0.40509475651688636733 0.16822064175715262246 0.06425241951264454299 0.02695877208449973944 0.00000000099999999998 
0.00000000099999999998 0.05162696727883498565 0.34069695799933530367 0.00000000099999999998 0.37872729108565744705 0.16621567917012797233 0.05656964850342317136 0.00616345296262110331 0.00000000099999999998 
0.00000000099999999998 0.00853204359128366396 0.33137342750570591976 0.00000000099999999998 0.31986747098914997123 0.23900399410594436178 0.07502338941010776308 0.02619967139780821075 0.00000000099999999998 
0.00377160959039258203 0.00309825551560027109 0.38640317971500914851 0.00000000099999999999 0.37588166412450141340 0.14287415833099831319 0.07915014742721111773 0.00882098329628719022 0.00000000099999999999 
0.00000026084840988848 0.00000000099999999998 0.35417707394133590704 0.00000000099999999998 0.38630615240697963042 0.18729535109174416663 0.07222115771153035657 0.00000000099999999998 0.00000000099999999998 
0.00000000099999999997 0.00000000099999999997 0.41598488780105880025 0.00000000099999999997 0.33771235734213783664 0.18136377118973123768 0.06493897866707214195 0.00000000099999999997 0.00000000099999999997 
0.00000000099999999998 0.00000000099999999998 0.35704534070796328793 0.00000000099999999998 0.38850201746513640666 0.18461641534667191933 0.06095655497324042882 0.00887966750698781192 0.00000000099999999998 
0.01530307248209890683 0.00000000099999999998 0.36458389571611293789 0.00000000099999999998 0.37553542570216247309 0.17825247991735762576 0.04996342565888772791 0.01636169752338008029 0.00000000099999999998 
0.04135191377594249484 0.00125704943371246340 0.38200623721648446773 0.00000000099999999998 0.31835574924268567054 0.12756967338181018912 0.08738887452909326059 0.04207050042027146025 0.00000000099999999998 
0.00000000099999999998 0.00000000099999999998 0.40104264537271655522 0.00547425172045299790 0.36393956723552484123 0.15348773682973448906 0.07605579484157121151 0.00000000099999999998 0.00000000099999999998 
0.00000000099999999998 0.01727491002563012051 0.35612844456855297093 0.00000000099999999998 0.34641046760416815964 0.15124231050585346114 0.10661803841548529725 0.02232582588030994353 0.00000000099999999998 
0.00000000099999999990 0.00000000099999999990 0.00000000099999999990 0.00000000099999999990 0.00000000099999999990 0.00000000099999999990 0.00000000099999999990 0.99999999199999989319 0.00000000099999999990 
0.00859307137553401434 0.02107672524873618891 0.00000000099999999997 0.00000000099999999997 0.93937074017733623865 0.00000000099999999997 0.00000000099999999997 0.03095945819839362664 0.00000000099999999997 
0.00000000099999999997 0.01378758375571751370 0.00000000099999999997 0.00000000099999999997 0.92165351822995023046 0.00000000099999999997 0.00000000099999999997 0.06455889201433222258 0.00000000099999999997 
0.00000000138322300733 0.00000000099999999997 0.02509637590169262050 0.00000000099999999997 0.96851871512173626222 0.00000000099999999997 0.00000000099999999997 0.00638490259334807773 0.00000000099999999997 
0.03219474392686579728 0.00000000099999999997 0.00000000099999999997 0.00000000099999999997 0.91955058901969133345 0.00000000099999999997 0.00000000099999999997 0.04825466105344285161 0.00000000099999999997 
0.00000000099999999991 0.00000000099999999991 0.00000000099999999991 0.00000000099999999991 0.99999999200000011523 0.00000000099999999991 0.00000000099999999991 0.00000000099999999991 0.00000000099999999991 
0.02154173155301920134 0.01015788301103188671 0.00000000099999999997 0.00000000099999999997 0.93034237950038678466 0.00000000099999999997 0.01923887590788940505 0.01871912602767277986 0.00000000099999999997 
0.00000000099999999984 0.00000000099999999984 0.00000000099999999984 0.00000000099999999984 0.99999999200000000421 0.00000000099999999984 0.00000000099999999984 0.00000000099999999984 0.00000000099999999984 
0.00000000099999999993 0.00000000099999999993 0.00000000099999999993 0.00000000099999999993 0.98793806324872102120 0.00000000099999999993 0.00000000099999999993 0.01206192975127906054 0.00000000099999999993 
0.00000000099999999995 0.00000000099999999995 0.00000000099999999995 0.00000000099999999995 0.98345196369883403076 0.00000000099999999995 0.00000000099999999995 0.01654802930116594517 0.00000000099999999995 
0.00000000099999999997 0.00000000099999999997 0.00000005494866809255 0.00568362637864574562 0.94485529737606266387 0.00000000099999999997 0.00000000099999999997 0.04946101629662354865 0.00000000099999999997 
0.00000000099999999992 0.00000000099999999992 0.00000000099999999992 0.00000000099999999992 0.99382389340760102225 0.00000000099999999992 0.00000000099999999992 0.00617609959239905689 0.00000000099999999992 
0.00000000099999999995 0.00000000099999999995 0.00000000099999999995 0.00000000099999999995 0.96131647112624230012 0.00000000099999999995 0.00000000099999999995 0.03868352187375776602 0.00000000099999999995 
0.00000000099999999995 0.00000000099999999995 0.00000000099999999995 0.00000000099999999995 0.98568427943332304064 0.00000000099999999995 0.00000000099999999995 0.01431571356667706366 0.00000000099999999995 
0.01404359804371182324 0.00000000099999999996 0.00000000099999999996 0.00000000099999999996 0.20410328363875721025 0.78185311231753107375 0.00000000099999999996 0.00000000099999999996 0.00000000099999999996 
0.00000000099999999988 0.00000000099999999988 0.00000000099999999988 0.00000000099999999988 0.99999999200000011523 0.00000000099999999988 0.00000000099999999988 0.00000000099999999988 0.00000000099999999988 
0.00000000099999999997 0.00000001661184999007 0.00000000099999999997 0.00000000099999999997 0.19118386658266586786 0.80881611080548410087 0.00000000099999999997 0.00000000099999999997 0.00000000099999999997 
0.00000000099999999996 0.00000000099999999996 0.00000000099999999996 0.00000000099999999996 0.14724750860320731660 0.85275248439679263157 0.00000000099999999996 0.00000000099999999996 0.00000000099999999996 
0.00849633661630723284 0.00000000099999999997 0.00000000099999999997 0.00000000099999999997 0.27407990788612041078 0.70234890007187678052 0.01507485042569547788 0.00000000099999999997 0.00000000099999999997 
0.00000000099999999995 0.00000000099999999995 0.00000000099999999995 0.00000000099999999995 0.15638939791628891918 0.84361059508371116777 0.00000000099999999995 0.00000000099999999995 0.00000000099999999995 
0.00000000099999999997 0.04431398515296829793 0.01536463961085570047 0.00000000099999999997 0.06563391552890542047 0.82810488372376744870 0.04658257198350305300 0.00000000099999999997 0.00000000099999999997 
0.02240825329245473008 0.02719113842026815372 0.09234809048475095539 0.00000000099999999998 0.10230531785590610272 0.71013197320190979411 0.01361558808052306876 0.03199963666418701586 0.00000000099999999998 
0.00000000099999999996 0.00342137425701277828 0.00000000099999999996 0.00000000099999999996 0.25790757287013010846 0.73867104687285711773 0.00000000099999999996 0.00000000099999999996 0.00000000099999999996 
0.00000000099999999997 0.01079894512727649566 0.00000000099999999997 0.00000000099999999997 0.19816570085398199641 0.77435518429968119847 0.01668016471906033985 0.00000000099999999997 0.00000000099999999997 
0.00000000099999999996 0.00000000099999999996 0.00000000099999999996 0.00000000099999999996 0.22450787594691107296 0.77549211705308895848 0.00000000099999999996 0.00000000099999999996 0.00000000099999999996 
0.00000000099999999998 0.00124029924209423403 0.00000000099999999998 0.00000000099999999998 0.15347384990674189931 0.84528584485116387004 0.00000000099999999998 0.00000000099999999998 0.00000000099999999998 
0.00000000099999999986 0.00000000099999999986 0.00000000099999999986 0.00000000099999999986 0.00000000099999999986 0.99999999200000000421 0.00000000099999999986 0.00000000099999999986 0.00000000099999999986 
0.00000000099999999986 0.00000000099999999986 0.00000000099999999986 0.00000000099999999986 0.00000000099999999986 0.99999999200000000421 0.00000000099999999986 0.00000000099999999986 0.00000000099999999986 
0.00000000099999999997 0.00000000099999999997 0.00000000099999999997 0.00000000099999999997 0.02353190941582773699 0.97646045672976655716 0.00000762785440579082 0.00000000099999999997 0.00000000099999999997 
0.00000000099999999993 0.00000000099999999993 0.00000000099999999993 0.00000000099999999993 0.00000000099999999993 0.99999999200000011523 0.00000000099999999993 0.00000000099999999993 0.00000000099999999993 
