0.00000000099999999993 0.00000000099999999993 0.00000000099999999993 0.00000000099999999993 0.00000000099999999993 0.00000000099999999993 0.00000000099999999993 0.00000000099999999993 0.00000000099999999993 0.00000000099999999993 0.00000000099999999993 0.00000000099999999993 0.00000000099999999993 0.00000000099999999993 0.00000000099999999993 0.99999998400000000842 0.00000000099999999993 
0.00000000099999999985 0.00000000099999999985 0.00000000099999999985 0.00000000099999999985 0.00000000099999999985 0.00000000099999999985 0.00000000099999999985 0.00000000099999999985 0.00000000099999999985 0.00000000099999999985 0.00000000099999999985 0.00000000099999999985 0.00000000099999999985 0.00000000099999999985 0.00000000099999999985 0.99999998399999989740 0.00000000099999999985 
0.00000000099999999991 0.00000000099999999991 0.00000000099999999991 0.00000000099999999991 0.00000000099999999991 0.00000000099999999991 0.00000000099999999991 0.00000000099999999991 0.00000000099999999991 0.00000000099999999991 0.00000000099999999991 0.00000000099999999991 0.00000000099999999991 0.00000000099999999991 0.00000000099999999991 0.99999998400000000842 0.00000000099999999991 
0.00000000099999999984 0.00000000099999999984 0.00000000099999999984 0.00000000099999999984 0.00000000099999999984 0.00000000099999999984 0.00000000099999999984 0.00000000099999999984 0.00000000099999999984 0.00000000099999999984 0.00000000099999999984 0.00000000099999999984 0.00000000099999999984 0.00000000099999999984 0.00000000099999999984 0.99999998400000000842 0.00000000099999999984 
0.00000000099999999991 0.00000000099999999991 0.00000000099999999991 0.00000000099999999991 0.00000000099999999991 0.00000000099999999991 0.00000000099999999991 0.00000000099999999991 0.00000000099999999991 0.00000000099999999991 0.00000000099999999991 0.00000000099999999991 0.00000000099999999991 0.00000000099999999991 0.00000000099999999991 0.99999998399999989740 0.00000000099999999991 
0.00000000099999999997 0.04685700091465053174 0.00000000099999999997 0.00000000099999999997 0.00000000099999999997 0.00000000099999999997 0.00000000099999999997 0.00000000099999999997 0.00000000099999999997 0.00000000099999999997 0.00000000099999999997 0.00000000099999999997 0.00000000099999999997 0.00000000099999999997 0.00000000099999999997 0.95314298408534936513 0.00000000099999999997 
0.00000000099999999993 0.00000000099999999993 0.00000000099999999993 0.00000000099999999993 0.00000000099999999993 0.00000000099999999993 0.00000000099999999993 0.00000000099999999993 0.00000000099999999993 0.00000000099999999993 0.00000000099999999993 0.00000000099999999993 0.00000000099999999993 0.00000000099999999993 0.00000000099999999993 0.99999998399999989740 0.00000000099999999993 
0.00000000099999999997 0.01576250140815575740 0.00000000099999999997 0.00000000099999999997 0.00000000099999999997 0.00000000099999999997 0.00000000099999999997 0.00000000099999999997 0.07346094336618214093 0.00000000099999999997 0.04228905385677685785 0.00000000099999999997 0.00000000099999999997 0.00000000099999999997 0.00000000099999999997 0.83942614430027173711 0.02906134506861336383 
0.00000000099999999991 0.00000000099999999991 0.00000000099999999991 0.00000000099999999991 0.00000000099999999991 0.00000000099999999991 0.00000000099999999991 0.00000000099999999991 0.00000000099999999991 0.00000000099999999991 0.00000000099999999991 0.00000000099999999991 0.00000000099999999991 0.00000000099999999991 0.00000000099999999991 0.99999998399999989740 0.00000000099999999991 
0.00000000099999999996 0.02986351855114611695 0.00000000099999999996 0.00000000099999999996 0.00000000099999999996 0.00000000099999999996 0.00000000099999999996 0.00000000099999999996 0.05619305334487033343 0.00000000099999999996 0.00000000099999999996 0.00000000099999999996 0.00000000099999999996 0.00000000099999999996 0.00000000099999999996 0.88887355072957296986 0.02506986437441071844 
0.00000000099999999987 0.00000000099999999987 0.00000000099999999987 0.00000000099999999987 0.00000000099999999987 0.00000000099999999987 0.00000000099999999987 0.00000000099999999987 0.00000000099999999987 0.00000000099999999987 0.00000000099999999987 0.00000000099999999987 0.00000000099999999987 0.00000000099999999987 0.00000000099999999987 0.99999998400000000842 0.00000000099999999987 
0.00000000099999999990 0.00000000099999999990 0.00000000099999999990 0.00000000099999999990 0.00000000099999999990 0.00000000099999999990 0.00000000099999999990 0.00000000099999999990 0.00000000099999999990 0.00000000099999999990 0.00000000099999999990 0.00000000099999999990 0.00000000099999999990 0.00000000099999999990 0.00000000099999999990 0.99999998400000000842 0.00000000099999999990 
0.00000000099999999994 0.00000000099999999994 0.00000000099999999994 0.01205302675600927742 0.00000000099999999994 0.00000000099999999994 0.00000000099999999994 0.00000000099999999994 0.00000000099999999994 0.00000000099999999994 0.00000000099999999994 0.00000000099999999994 0.00000000099999999994 0.00000000099999999994 0.00000000099999999994 0.98498455599551493211 0.00296240324847564648 
0.00000000099999999969 0.00000000099999999969 0.99999998400000023047 0.00000000099999999969 0.00000000099999999969 0.00000000099999999969 0.00000000099999999969 0.00000000099999999969 0.00000000099999999969 0.00000000099999999969 0.00000000099999999969 0.00000000099999999969 0.00000000099999999969 0.00000000099999999969 0.00000000099999999969 0.00000000099999999969 0.00000000099999999969 
0.00000000099999999980 0.00000000099999999980 0.99999998400000023047 0.00000000099999999980 0.00000000099999999980 0.00000000099999999980 0.00000000099999999980 0.00000000099999999980 0.00000000099999999980 0.00000000099999999980 0.00000000099999999980 0.00000000099999999980 0.00000000099999999980 0.00000000099999999980 0.00000000099999999980 0.00000000099999999980 0.00000000099999999980 
0.00000000099999999982 0.00000000099999999982 0.99999998400000023047 0.00000000099999999982 0.00000000099999999982 0.00000000099999999982 0.00000000099999999982 0.00000000099999999982 0.00000000099999999982 0.00000000099999999982 0.00000000099999999982 0.00000000099999999982 0.00000000099999999982 0.00000000099999999982 0.00000000099999999982 0.00000000099999999982 0.00000000099999999982 
0.00000000099999999985 0.00000000099999999985 0.99999998400000023047 0.00000000099999999985 0.00000000099999999985 0.00000000099999999985 0.00000000099999999985 0.00000000099999999985 0.00000000099999999985 0.00000000099999999985 0.00000000099999999985 0.00000000099999999985 0.00000000099999999985 0.00000000099999999985 0.00000000099999999985 0.00000000099999999985 0.00000000099999999985 
0.00000000099999999983 0.00000000099999999983 0.99999998400000034149 0.00000000099999999983 0.00000000099999999983 0.00000000099999999983 0.00000000099999999983 0.00000000099999999983 0.00000000099999999983 0.00000000099999999983 0.00000000099999999983 0.00000000099999999983 0.00000000099999999983 0.00000000099999999983 0.00000000099999999983 0.00000000099999999983 0.00000000099999999983 
0.00000000099999999980 0.00000000099999999980 0.99999998400000034149 0.00000000099999999980 0.00000000099999999980 0.00000000099999999980 0.00000000099999999980 0.00000000099999999980 0.00000000099999999980 0.00000000099999999980 0.00000000099999999980 0.00000000099999999980 0.00000000099999999980 0.00000000099999999980 0.00000000099999999980 0.00000000099999999980 0.00000000099999999980 
0.00000000099999999976 0.00000000099999999976 0.99999998400000034149 0.00000000099999999976 0.00000000099999999976 0.00000000099999999976 0.00000000099999999976 0.00000000099999999976 0.00000000099999999976 0.00000000099999999976 0.00000000099999999976 0.00000000099999999976 0.00000000099999999976 0.00000000099999999976 0.00000000099999999976 0.00000000099999999976 0.00000000099999999976 
0.00000000099999999991 0.00000000099999999991 0.99999998400000034149 0.00000000099999999991 0.00000000099999999991 0.00000000099999999991 0.00000000099999999991 0.00000000099999999991 0.00000000099999999991 0.00000000099999999991 0.00000000099999999991 0.00000000099999999991 0.00000000099999999991 0.00000000099999999991 0.00000000099999999991 0.00000000099999999991 0.00000000099999999991 
0.00000000099999999983 0.00000000099999999983 0.99999998400000023047 0.00000000099999999983 0.00000000099999999983 0.00000000099999999983 0.00000000099999999983 0.00000000099999999983 0.00000000099999999983 0.00000000099999999983 0.00000000099999999983 0.00000000099999999983 0.00000000099999999983 0.00000000099999999983 0.00000000099999999983 0.00000000099999999983 0.00000000099999999983 
0.00000000099999999973 0.00000000099999999973 0.99999998400000034149 0.00000000099999999973 0.00000000099999999973 0.00000000099999999973 0.00000000099999999973 0.00000000099999999973 0.00000000099999999973 0.00000000099999999973 0.00000000099999999973 0.00000000099999999973 0.00000000099999999973 0.00000000099999999973 0.00000000099999999973 0.00000000099999999973 0.00000000099999999973 
0.00000000099999999994 0.00000000099999999994 0.77222209337590030920 0.00000000099999999994 0.08806212530006199413 0.00000000099999999994 0.00000000099999999994 0.00000000099999999994 0.00000000099999999994 0.00000000099999999994 0.00000000099999999994 0.02306720418829641753 0.11664856413574146987 0.00000000099999999994 0.00000000099999999994 0.00000000099999999994 0.00000000099999999994 
0.00000000099999999988 0.00000000099999999988 0.98613553746409110534 0.00000000099999999988 0.01386444753590919052 0.00000000099999999988 0.00000000099999999988 0.00000000099999999988 0.00000000099999999988 0.00000000099999999988 0.00000000099999999988 0.00000000099999999988 0.00000000099999999988 0.00000000099999999988 0.00000000099999999988 0.00000000099999999988 0.00000000099999999988 
0.00000000099999999983 0.00000000099999999983 0.99999998400000034149 0.00000000099999999983 0.00000000099999999983 0.00000000099999999983 0.00000000099999999983 0.00000000099999999983 0.00000000099999999983 0.00000000099999999983 0.00000000099999999983 0.00000000099999999983 0.00000000099999999983 0.00000000099999999983 0.00000000099999999983 0.00000000099999999983 0.00000000099999999983 
0.00000000099999999995 0.00000000099999999995 0.84652014680823950421 0.00000000099999999995 0.08456156355539692915 0.04532548910262566150 0.00000000099999999995 0.00000000099999999995 0.00000000099999999995 0.00000000099999999995 0.00000000099999999995 0.00000000099999999995 0.00000000099999999995 0.00000000099999999995 0.00000000099999999995 0.00000000099999999995 0.02359278753373810975 
0.00000000099999999983 0.00000000099999999983 0.99999998400000023047 0.00000000099999999983 0.00000000099999999983 0.00000000099999999983 0.00000000099999999983 0.00000000099999999983 0.00000000099999999983 0.00000000099999999983 0.00000000099999999983 0.00000000099999999983 0.00000000099999999983 0.00000000099999999983 0.00000000099999999983 0.00000000099999999983 0.00000000099999999983 
0.00000000099999999982 0.00000000099999999982 0.99999998400000034149 0.00000000099999999982 0.00000000099999999982 0.00000000099999999982 0.00000000099999999982 0.00000000099999999982 0.00000000099999999982 0.00000000099999999982 0.00000000099999999982 0.00000000099999999982 0.00000000099999999982 0.00000000099999999982 0.00000000099999999982 0.00000000099999999982 0.00000000099999999982 
0.00000000099999999993 0.00000000099999999993 0.00000000099999999993 0.00000000099999999993 0.03288086454175391526 0.02104240362762265990 0.00000000099999999993 0.94607666793987199583 0.00000000099999999993 0.00000000099999999993 0.00000000099999999993 0.00000000099999999993 0.00000000099999999993 0.00000005089075161984 0.00000000099999999993 0.00000000099999999993 0.00000000099999999993 
0.00000000099999999974 0.00000000099999999974 0.00000000099999999974 0.00000000099999999974 0.00000000099999999974 0.00000000099999999974 0.00000000099999999974 0.99999998400000011944 0.00000000099999999974 0.00000000099999999974 0.00000000099999999974 0.00000000099999999974 0.00000000099999999974 0.00000000099999999974 0.00000000099999999974 0.00000000099999999974 0.00000000099999999974 
0.00000000099999999990 0.00000000099999999990 0.00000000099999999990 0.00000000099999999990 0.00000000099999999990 0.00000000099999999990 0.00000000099999999990 0.97814644139713746718 0.00000000099999999990 0.00000000099999999990 0.00000000099999999990 0.00000000099999999990 0.00000000099999999990 0.02185354360286254072 0.00000000099999999990 0.00000000099999999990 0.00000000099999999990 
0.00000000099999999994 0.00000000099999999994 0.00000000099999999994 0.00000000099999999994 0.05041362845904142492 0.00000000099999999994 0.00000000099999999994 0.94958635654095879808 0.00000000099999999994 0.00000000099999999994 0.00000000099999999994 0.00000000099999999994 0.00000000099999999994 0.00000000099999999994 0.00000000099999999994 0.00000000099999999994 0.00000000099999999994 
0.00000000099999999990 0.02881656799860593879 0.00000000099999999990 0.00000000099999999990 0.00000000099999999990 0.00000000099999999990 0.00000000099999999990 0.97118341700139432238 0.00000000099999999990 0.00000000099999999990 0.00000000099999999990 0.00000000099999999990 0.00000000099999999990 0.00000000099999999990 0.00000000099999999990 0.00000000099999999990 0.00000000099999999990 
0.00000000099999999993 0.00000000099999999993 0.00000000099999999993 0.00000000099999999993 0.00000000099999999993 0.00000000099999999993 0.00000000099999999993 0.99999998400000023047 0.00000000099999999993 0.00000000099999999993 0.00000000099999999993 0.00000000099999999993 0.00000000099999999993 0.00000000099999999993 0.00000000099999999993 0.00000000099999999993 0.00000000099999999993 
0.00000000099999999974 0.00000000099999999974 0.00000000099999999974 0.00000000099999999974 0.00000000099999999974 0.00000000099999999974 0.00000000099999999974 0.99999998400000011944 0.00000000099999999974 0.00000000099999999974 0.00000000099999999974 0.00000000099999999974 0.00000000099999999974 0.00000000099999999974 0.00000000099999999974 0.00000000099999999974 0.00000000099999999974 
0.00000000099999999995 0.00000000099999999995 0.00000000099999999995 0.00000000099999999995 0.00000000099999999995 0.11518550471023833448 0.00000000099999999995 0.88481448028976183995 0.00000000099999999995 0.00000000099999999995 0.00000000099999999995 0.00000000099999999995 0.00000000099999999995 0.00000000099999999995 0.00000000099999999995 0.00000000099999999995 0.00000000099999999995 
0.00000000099999999993 0.00000000099999999993 0.00000000099999999993 0.00000000099999999993 0.24475612265480578555 0.04660088760808793473 0.00000000099999999993 0.59414948767667363771 0.00000000099999999993 0.00000000099999999993 0.00000000099999999993 0.00000000099999999993 0.04670968097958893422 0.06778380908084385981 0.00000000099999999993 0.00000000099999999993 0.00000000099999999993 
0.00000000099999999993 0.00000000099999999993 0.00000000099999999993 0.00000000099999999993 0.00000000099999999993 0.00000000099999999993 0.00000000099999999993 0.99999998400000011944 0.00000000099999999993 0.00000000099999999993 0.00000000099999999993 0.00000000099999999993 0.00000000099999999993 0.00000000099999999993 0.00000000099999999993 0.00000000099999999993 0.00000000099999999993 
0.00000000099999999980 0.00000000099999999980 0.00000000099999999980 0.00000000099999999980 0.95464608981011100930 0.04535389518988935248 0.00000000099999999980 0.00000000099999999980 0.00000000099999999980 0.00000000099999999980 0.00000000099999999980 0.00000000099999999980 0.00000000099999999980 0.00000000099999999980 0.00000000099999999980 0.00000000099999999980 0.00000000099999999980 
0.00000000099999999996 0.01571551559807011361 0.00340404668089545675 0.00000000099999999996 0.02341599054266614230 0.06802512357916194741 0.00000000099999999996 0.81838181268049015049 0.00000000099999999996 0.00000000099999999996 0.00000000099999999996 0.00000000099999999996 0.03586701563963434064 0.03519048527908198720 0.00000000099999999996 0.00000000099999999996 0.00000000099999999996 
0.00000000099999999988 0.00000000099999999988 0.00000000099999999988 0.00000000099999999988 0.00000000099999999988 0.00000000099999999988 0.00000000099999999988 0.99999998400000023047 0.00000000099999999988 0.00000000099999999988 0.00000000099999999988 0.00000000099999999988 0.00000000099999999988 0.00000000099999999988 0.00000000099999999988 0.00000000099999999988 0.00000000099999999988 
0.00000000099999999991 0.00000000099999999991 0.00000000099999999991 0.00000000099999999991 0.00000000099999999991 0.00000000099999999991 0.00000000099999999991 0.99999998400000011944 0.00000000099999999991 0.00000000099999999991 0.00000000099999999991 0.00000000099999999991 0.00000000099999999991 0.00000000099999999991 0.00000000099999999991 0.00000000099999999991 0.00000000099999999991 
0.00000000099999999992 0.00000000099999999992 0.00000000099999999992 0.00000000099999999992 0.00000000099999999992 0.00000000099999999992 0.00000000099999999992 0.99999998400000023047 0.00000000099999999992 0.00000000099999999992 0.00000000099999999992 0.00000000099999999992 0.00000000099999999992 0.00000000099999999992 0.00000000099999999992 0.00000000099999999992 0.00000000099999999992 
0.00000000099999999991 0.00000000099999999991 0.00000000099999999991 0.00000000099999999991 0.00000000099999999991 0.00000000099999999991 0.00000000099999999991 0.99999998400000011944 0.00000000099999999991 0.00000000099999999991 0.00000000099999999991 0.00000000099999999991 0.00000000099999999991 0.00000000099999999991 0.00000000099999999991 0.00000000099999999991 0.00000000099999999991 
0.00000000099999999992 0.00000000099999999992 0.00000000099999999992 0.00000000099999999992 0.03427154749758131586 0.00802516906869764693 0.00000000099999999992 0.95770326943372119377 0.00000000099999999992 0.00000000099999999992 0.00000000099999999992 0.00000000099999999992 0.00000000099999999992 0.00000000099999999992 0.00000000099999999992 0.00000000099999999992 0.00000000099999999992 
0.00000000099999999996 0.00000000099999999996 0.00000000099999999996 0.00009196881606864251 0.68462848208407189876 0.11948324469164897654 0.00000000099999999996 0.00000476598673646537 0.00000000099999999996 0.00000000099999999996 0.08645391197902323188 0.00000000099999999996 0.04893294352584482559 0.02289893356804184599 0.00000000099999999996 0.03750574034856418715 0.00000000099999999996 
0.93706133443819628059 0.06293865056180403261 0.00000000099999999991 0.00000000099999999991 0.00000000099999999991 0.00000000099999999991 0.00000000099999999991 0.00000000099999999991 0.00000000099999999991 0.00000000099999999991 0.00000000099999999991 0.00000000099999999991 0.00000000099999999991 0.00000000099999999991 0.00000000099999999991 0.00000000099999999991 0.00000000099999999991 
0.99999998400000045251 0.00000000099999999960 0.00000000099999999960 0.00000000099999999960 0.00000000099999999960 0.00000000099999999960 0.00000000099999999960 0.00000000099999999960 0.00000000099999999960 0.00000000099999999960 0.00000000099999999960 0.00000000099999999960 0.00000000099999999960 0.00000000099999999960 0.00000000099999999960 0.00000000099999999960 0.00000000099999999960 
0.99999998400000034149 0.00000000099999999948 0.00000000099999999948 0.00000000099999999948 0.00000000099999999948 0.00000000099999999948 0.00000000099999999948 0.00000000099999999948 0.00000000099999999948 0.00000000099999999948 0.00000000099999999948 0.00000000099999999948 0.00000000099999999948 0.00000000099999999948 0.00000000099999999948 0.00000000099999999948 0.00000000099999999948 
0.99999998400000034149 0.00000000099999999965 0.00000000099999999965 0.00000000099999999965 0.00000000099999999965 0.00000000099999999965 0.00000000099999999965 0.00000000099999999965 0.00000000099999999965 0.00000000099999999965 0.00000000099999999965 0.00000000099999999965 0.00000000099999999965 0.00000000099999999965 0.00000000099999999965 0.00000000099999999965 0.00000000099999999965 
0.99999998400000034149 0.00000000099999999973 0.00000000099999999973 0.00000000099999999973 0.00000000099999999973 0.00000000099999999973 0.00000000099999999973 0.00000000099999999973 0.00000000099999999973 0.00000000099999999973 0.00000000099999999973 0.00000000099999999973 0.00000000099999999973 0.00000000099999999973 0.00000000099999999973 0.00000000099999999973 0.00000000099999999973 
0.99999998400000034149 0.00000000099999999973 0.00000000099999999973 0.00000000099999999973 0.00000000099999999973 0.00000000099999999973 0.00000000099999999973 0.00000000099999999973 0.00000000099999999973 0.00000000099999999973 0.00000000099999999973 0.00000000099999999973 0.00000000099999999973 0.00000000099999999973 0.00000000099999999973 0.00000000099999999973 0.00000000099999999973 
0.99999998400000034149 0.00000000099999999987 0.00000000099999999987 0.00000000099999999987 0.00000000099999999987 0.00000000099999999987 0.00000000099999999987 0.00000000099999999987 0.00000000099999999987 0.00000000099999999987 0.00000000099999999987 0.00000000099999999987 0.00000000099999999987 0.00000000099999999987 0.00000000099999999987 0.00000000099999999987 0.00000000099999999987 
0.95567556334623304792 0.04432442165376725141 0.00000000099999999989 0.00000000099999999989 0.00000000099999999989 0.00000000099999999989 0.00000000099999999989 0.00000000099999999989 0.00000000099999999989 0.00000000099999999989 0.00000000099999999989 0.00000000099999999989 0.00000000099999999989 0.00000000099999999989 0.00000000099999999989 0.00000000099999999989 0.00000000099999999989 
0.99999998400000045251 0.00000000099999999977 0.00000000099999999977 0.00000000099999999977 0.00000000099999999977 0.00000000099999999977 0.00000000099999999977 0.00000000099999999977 0.00000000099999999977 0.00000000099999999977 0.00000000099999999977 0.00000000099999999977 0.00000000099999999977 0.00000000099999999977 0.00000000099999999977 0.00000000099999999977 0.00000000099999999977 
0.99999998400000034149 0.00000000099999999981 0.00000000099999999981 0.00000000099999999981 0.00000000099999999981 0.00000000099999999981 0.00000000099999999981 0.00000000099999999981 0.00000000099999999981 0.00000000099999999981 0.00000000099999999981 0.00000000099999999981 0.00000000099999999981 0.00000000099999999981 0.00000000099999999981 0.00000000099999999981 0.00000000099999999981 
0.00000000099999999993 0.00000000099999999993 0.00000000099999999993 0.00000000099999999993 0.39568191511899070134 0.00000000099999999993 0.00000000099999999993 0.59236840241392807460 0.00000000099999999993 0.00000000099999999993 0.01194966846708141878 0.00000000099999999993 0.00000000099999999993 0.00000000099999999993 0.00000000099999999993 0.00000000099999999993 0.00000000099999999993 
0.00000000099999999993 0.00000000099999999993 0.00000000099999999993 0.00000000099999999993 0.52133072909318023402 0.06235004709471998058 0.01157923291216741979 0.39990755303736852388 0.00000000099999999993 0.00000000099999999993 0.00000000099999999993 0.00483242586256397468 0.00000000099999999993 0.00000000099999999993 0.00000000099999999993 0.00000000099999999993 0.00000000099999999993 
0.00000000099999999989 0.00000000099999999989 0.00000000099999999989 0.00000000099999999989 0.48817712800956636343 0.00000000099999999989 0.00000000099999999989 0.51182285699043372773 0.00000000099999999989 0.00000000099999999989 0.00000000099999999989 0.00000000099999999989 0.00000000099999999989 0.00000000099999999989 0.00000000099999999989 0.00000000099999999989 0.00000000099999999989 
0.00000000099999999990 0.00000000099999999990 0.00000000099999999990 0.00000000099999999990 0.47135443393311532434 0.00000000099999999990 0.00000000099999999990 0.52864555106688493336 0.00000000099999999990 0.00000000099999999990 0.00000000099999999990 0.00000000099999999990 0.00000000099999999990 0.00000000099999999990 0.00000000099999999990 0.00000000099999999990 0.00000000099999999990 
0.00000000099999999995 0.00122998530029530778 0.00000000099999999995 0.04552778837295463205 0.54540073189506577123 0.00000000099999999995 0.00000273787186635888 0.40025702787091232970 0.00000000099999999995 0.00000000099999999995 0.00000000099999999995 0.00758171768890576313 0.00000000099999999995 0.00000000099999999995 0.00000000099999999995 0.00000000099999999995 0.00000000099999999995 
0.00000000099999999995 0.00000000099999999995 0.00000000099999999995 0.00000000099999999995 0.47535687252236413780 0.04456573743864417764 0.02096464262271229700 0.45453757774462155705 0.00000000099999999995 0.00000000099999999995 0.00000000099999999995 0.00457515767165794264 0.00000000099999999995 0.00000000099999999995 0.00000000099999999995 0.00000000099999999995 0.00000000099999999995 
0.00000000099999999988 0.00000000099999999988 0.00000000099999999988 0.00000000099999999988 0.46955382827611852337 0.00000000099999999988 0.00000000099999999988 0.53044615672388162331 0.00000000099999999988 0.00000000099999999988 0.00000000099999999988 0.00000000099999999988 0.00000000099999999988 0.00000000099999999988 0.00000000099999999988 0.00000000099999999988 0.00000000099999999988 
0.00000000099999999994 0.01137999302988165588 0.00000000099999999994 0.00000000099999999994 0.41839492221938373584 0.02885658928587436778 0.00866961404935831514 0.53269886941550204096 0.00000000099999999994 0.00000000099999999994 0.00000000099999999994 0.00000000099999999994 0.00000000099999999994 0.00000000099999999994 0.00000000099999999994 0.00000000099999999994 0.00000000099999999994 
0.00000000099999999990 0.00000000099999999990 0.00000000099999999990 0.00000000099999999990 0.77570450188719863860 0.00000000099999999990 0.00000000099999999990 0.22429548311280161910 0.00000000099999999990 0.00000000099999999990 0.00000000099999999990 0.00000000099999999990 0.00000000099999999990 0.00000000099999999990 0.00000000099999999990 0.00000000099999999990 0.00000000099999999990 
0.00000000099999999992 0.00341266276985047363 0.00000000099999999992 0.00000000099999999992 0.55348467389401034833 0.00000000099999999992 0.00000000099999999992 0.44310264933613929816 0.00000000099999999992 0.00000000099999999992 0.00000000099999999992 0.00000000099999999992 0.00000000099999999992 0.00000000099999999992 0.00000000099999999992 0.00000000099999999992 0.00000000099999999992 
0.00000000099999999997 0.01496322145849456921 0.03740183612619153719 0.01801467731108866502 0.06225121188163043606 0.00000000099999999997 0.02073704303166270732 0.00000000099999999997 0.00000000099999999997 0.03729823818128105706 0.01636645881982839307 0.04392248556112122310 0.00000000099999999997 0.11449165199644793789 0.00000000099999999997 0.62860741529949637485 0.00594575433275692459 
0.00000000099999999995 0.00000000099999999995 0.08078772584510257593 0.00000000099999999995 0.00000000099999999995 0.00000000099999999995 0.00000000099999999995 0.09578427547044891799 0.00000000099999999995 0.00000000099999999995 0.00000000099999999995 0.00000000099999999995 0.00000000099999999995 0.04143303651322237380 0.00000000099999999995 0.78035792319526575689 0.00163702697596029107 
0.00000000099999999998 0.02527581883171084801 0.08160856307493771777 0.00000000099999999998 0.03357249264903889446 0.01479444591723342445 0.00307205877201676553 0.02087462157609153157 0.00000000099999999998 0.06049054409769623331 0.00000000099999999998 0.02703527637985992174 0.15154999023741802522 0.15408026353420911647 0.00000000099999999998 0.38980244001211372673 0.03784347991767377656 
0.00000000099999999999 0.00000000099999999999 0.07161052345921234408 0.00000000099999999999 0.01244000961375847647 0.00000004528806816230 0.00000000099999999999 0.00000000099999999999 0.00000000099999999999 0.00000000099999999999 0.06480436699715085014 0.02730405505051486728 0.01669800087078784911 0.10741624324995664719 0.01828050532739260853 0.68143542152147984492 0.00001082162167838350 
0.00000000099999999997 0.03360731255017307406 0.00000000099999999997 0.00000000099999999997 0.18381128220696354991 0.07803322938810647313 0.00000000099999999997 0.22693435014753163270 0.00000000099999999997 0.02019763407421332549 0.00148303324711092301 0.33147719827229493728 0.06833889473117719937 0.05611705738242915575 0.00000000099999999997 0.00000000099999999997 0.00000000099999999997 
0.00000000099999999997 0.00000000099999999997 0.00000000099999999997 0.00000000099999999997 0.23777138415029427931 0.10254242789440867756 0.00000000099999999997 0.24656884741094944880 0.00000000099999999997 0.00002016366690476621 0.01535375080799616758 0.28537593595186333539 0.04155551896082274738 0.07081196215676054118 0.00000000099999999997 0.00000000099999999997 0.00000000099999999997 
0.00000000099999999996 0.00000000099999999996 0.04311337531801726075 0.00000000099999999996 0.27919751829487859940 0.12591077092193159181 0.00000000099999999996 0.16339721947444688088 0.00000000099999999996 0.00000000099999999996 0.01378732636787298634 0.25015374514158006392 0.04604503523298595496 0.07839500024828661984 0.00000000099999999996 0.00000000099999999996 0.00000000099999999996 
0.00000000099999999997 0.00000000099999999997 0.00000000099999999997 0.00904448204340885936 0.31374951522982008623 0.03220786862760705027 0.00000000099999999997 0.11446043029992808426 0.00000000099999999997 0.02411121463395975856 0.05200266654061792837 0.27251498370874444044 0.12302556475943343672 0.05678077036695051982 0.00000000099999999997 0.00000000099999999997 0.00210249678952983314 
0.00000000099999999995 0.00307316468826952446 0.00000000099999999995 0.00000086192101901964 0.28380871375700156278 0.07168059460529008220 0.00000000099999999995 0.09726515792235386482 0.00000000099999999995 0.00000000099999999995 0.04604813787967343419 0.36073129402607490013 0.07739783443727607515 0.05999423276304134689 0.00000000099999999995 0.00000000099999999995 0.00000000099999999995 
0.00000000099999999997 0.00000000099999999997 0.05647086480659507107 0.00000000099999999997 0.24554107364184993290 0.08971465659975615126 0.00000000099999999997 0.19503263562027661759 0.00000000099999999997 0.04436106492568880205 0.04016095676877215470 0.23651714161305670281 0.09220159702400458623 0.00000000099999999997 0.00000000099999999997 0.00000000099999999997 0.00000000099999999997 
0.00000000099999999972 0.00000000099999999972 0.00000000099999999972 0.00000000099999999972 0.00000000099999999972 0.00000000099999999972 0.00000000099999999972 0.00000000099999999972 0.00000000099999999972 0.00000000099999999972 0.99999998400000011944 0.00000000099999999972 0.00000000099999999972 0.00000000099999999972 0.00000000099999999972 0.00000000099999999972 0.00000000099999999972 
0.00000000099999999998 0.00000021848302249834 0.07279816009961147250 0.00000000099999999998 0.26907542300556175352 0.00898029789491277056 0.00000000099999999998 0.13150189269539216963 0.00000000099999999998 0.00000000099999999998 0.00000000099999999998 0.00000000099999999998 0.35660573269389411744 0.12532329389566193578 0.00000000099999999998 0.00000000099999999998 0.03571497223194325388 
0.00000000099999999997 0.00000000099999999997 0.03356456984006950944 0.02619299906269076036 0.15724135495393443129 0.05923116817001908285 0.00000000099999999997 0.12404899373203516488 0.00000000099999999997 0.00000000099999999997 0.00000000099999999997 0.00000000099999999997 0.33929895787636288329 0.14836512871989387952 0.00000000099999999997 0.11205681864499431044 0.00000000099999999997 
0.00000000099999999997 0.00000000099999999997 0.08444144238069177522 0.00000000099999999997 0.19015807070484030961 0.11210161096469271891 0.00000000099999999997 0.05377560268840952257 0.00000000099999999997 0.02178375621422565939 0.02453845882822811020 0.00000000099999999997 0.38460568889044571828 0.11534347648030471301 0.00000000099999999997 0.00000000099999999997 0.01325188484816151348 
0.00000000099999999998 0.00000000099999999998 0.18986333980613881445 0.01351354473493468315 0.15885103569878017415 0.14250345181030646402 0.04255664036733058236 0.07112934208932435165 0.00000000099999999998 0.00000106037135180976 0.04690099562789429993 0.00000000099999999998 0.22971131615638296086 0.10185058391030192559 0.00311868342725392638 0.00000000099999999998 0.00000000099999999998 
0.00000000099999999997 0.00000000099999999997 0.13005725828463737814 0.01101852669725318992 0.07561167258295251048 0.02674660919712179563 0.00000000099999999997 0.06597757651040578319 0.00000000099999999997 0.00000000099999999997 0.01599135362973392455 0.07943251516174359983 0.30853523926202397476 0.15997343005737862942 0.00774481644859164112 0.11891099616815732631 0.00000000099999999997 
0.00000000099999999998 0.00000000099999999998 0.10941472613329540631 0.00000000099999999998 0.10309430960868873339 0.09813419305292317429 0.00313644521965982491 0.09128075611164887526 0.00000000099999999998 0.00000000099999999998 0.01357950563136219729 0.06609760546941768899 0.46853407589230644525 0.04244372246060956755 0.00428465342008802104 0.00000000099999999998 0.00000000099999999998 
0.00000000099999999997 0.00000000099999999997 0.11039726627193172104 0.00000000099999999997 0.13219962659007311601 0.05002408326183785392 0.00000000099999999997 0.10847841192567014845 0.00000000099999999997 0.00000000099999999997 0.00010180999789416045 0.07382481799056965499 0.37016781191743153290 0.10931096764670998611 0.02139449784785948244 0.02410069955002226011 0.00000000099999999997 
0.00000000099999999998 0.00000000099999999998 0.06090582134629027311 0.03113294364638459835 0.10950749014347307964 0.04620072492449736612 0.00000000099999999998 0.06654069996913208884 0.00000000099999999998 0.04464465529398660426 0.01936872712797618051 0.08844320464425106665 0.37084035982323210190 0.08690808455032937585 0.00000000099999999998 0.07550728253044713956 0.00000000099999999998 
0.00000000099999999998 0.00000000099999999998 0.06105814655853736284 0.00863098802885678591 0.14202487242919203947 0.09892446676567251407 0.00000000099999999998 0.15070655476005689888 0.00000000099999999998 0.04959923922345030323 0.00000000099999999998 0.00000000099999999998 0.37255634773801649118 0.05843121870825013220 0.00000000099999999998 0.05806815778796747818 0.00000000099999999998 
0.00000000099999999997 0.00000000099999999997 0.08298281630142027854 0.00000000099999999997 0.21040126942623529893 0.00000000099999999997 0.00000000099999999997 0.10806434210500215354 0.00000000099999999997 0.00000000099999999997 0.00000000099999999997 0.03715164103829789871 0.43546491328394021370 0.12291603954588496694 0.00301896829921915934 0.00000000099999999997 0.00000000099999999997 
0.00000000099999999999 0.00000000099999999999 0.07899188222245598356 0.04280690338538430811 0.07502457573370241439 0.12304155936694588513 0.00982705126951587994 0.13332833060940499359 0.00000000099999999999 0.01410850278024472666 0.00000000099999999999 0.05184917393540915131 0.27654862083212505830 0.12690451592007220838 0.01262005844357238019 0.04321562811876004939 0.01173319338240694926 
0.00000000099999999998 0.02080447403691643507 0.10717950155141379998 0.03411356127159197865 0.14737430168072945813 0.09324973523889333593 0.00000000099999999998 0.05992122305010299382 0.00000000099999999998 0.00000000099999999998 0.03422811298436136823 0.03471926645718968057 0.36439339143378501884 0.08307026053715026170 0.00412006840163463804 0.01682609835623086539 0.00000000099999999998 
0.00000000099999999997 0.03499199265848267071 0.06845436807986685079 0.01106702989149025221 0.20359403885002042012 0.09578155727382101081 0.00000000099999999997 0.06048887048950631062 0.00000000099999999997 0.02819899093165355655 0.02100127672393197267 0.01383101476682904209 0.39989594898951885682 0.06269490534487900946 0.00000000099999999997 0.00000000099999999997 0.00000000099999999997 
0.00000000099999999995 0.00000000099999999995 0.30389915252852073291 0.00000000099999999995 0.00000000099999999995 0.00000000099999999995 0.00000000099999999995 0.00000000099999999995 0.00000000099999999995 0.01927900292580826333 0.03852035180835097078 0.09147457260711243376 0.27357310428509690192 0.14251665364947133097 0.00000000099999999995 0.13073715219563933343 0.00000000099999999995 
0.00000000099999999998 0.00000000099999999998 0.08396862165768145814 0.00603592882829633980 0.30349720167593696729 0.07579262321618129850 0.00000000099999999998 0.05527190806413385948 0.00000000099999999998 0.03275238880387738166 0.02596479463251569891 0.04592303109575317233 0.27207237985378401879 0.04671306879288811276 0.00000000099999999998 0.05200804737895178137 0.00000000099999999998 
0.00000000099999999992 0.31599492923850924786 0.00000000099999999992 0.00000000305186364698 0.53239288648728977371 0.05669291406814532669 0.01004139001986439038 0.00000000099999999992 0.00000000099999999992 0.00000000099999999992 0.00000000099999999992 0.04037911192187178949 0.00000000099999999992 0.00000000099999999992 0.00000000099999999992 0.00000000099999999992 0.04449875521245594268 
0.00000000099999999962 0.99999998400000034149 0.00000000099999999962 0.00000000099999999962 0.00000000099999999962 0.00000000099999999962 0.00000000099999999962 0.00000000099999999962 0.00000000099999999962 0.00000000099999999962 0.00000000099999999962 0.00000000099999999962 0.00000000099999999962 0.00000000099999999962 0.00000000099999999962 0.00000000099999999962 0.00000000099999999962 
0.00000000099999999957 0.99999998400000034149 0.00000000099999999957 0.00000000099999999957 0.00000000099999999957 0.00000000099999999957 0.00000000099999999957 0.00000000099999999957 0.00000000099999999957 0.00000000099999999957 0.00000000099999999957 0.00000000099999999957 0.00000000099999999957 0.00000000099999999957 0.00000000099999999957 0.00000000099999999957 0.00000000099999999957 
0.00000000099999999976 0.99999998400000034149 0.00000000099999999976 0.00000000099999999976 0.00000000099999999976 0.00000000099999999976 0.00000000099999999976 0.00000000099999999976 0.00000000099999999976 0.00000000099999999976 0.00000000099999999976 0.00000000099999999976 0.00000000099999999976 0.00000000099999999976 0.00000000099999999976 0.00000000099999999976 0.00000000099999999976 
0.00000000099999999961 0.99999998400000034149 0.00000000099999999961 0.00000000099999999961 0.00000000099999999961 0.00000000099999999961 0.00000000099999999961 0.00000000099999999961 0.00000000099999999961 0.00000000099999999961 0.00000000099999999961 0.00000000099999999961 0.00000000099999999961 0.00000000099999999961 0.00000000099999999961 0.00000000099999999961 0.00000000099999999961 
0.00000000099999999960 0.99999998400000045251 0.00000000099999999960 0.00000000099999999960 0.00000000099999999960 0.00000000099999999960 0.00000000099999999960 0.00000000099999999960 0.00000000099999999960 0.00000000099999999960 0.00000000099999999960 0.00000000099999999960 0.00000000099999999960 0.00000000099999999960 0.00000000099999999960 0.00000000099999999960 0.00000000099999999960 
0.00000000099999999980 0.99999998400000034149 0.00000000099999999980 0.00000000099999999980 0.00000000099999999980 0.00000000099999999980 0.00000000099999999980 0.00000000099999999980 0.00000000099999999980 0.00000000099999999980 0.00000000099999999980 0.00000000099999999980 0.00000000099999999980 0.00000000099999999980 0.00000000099999999980 0.00000000099999999980 0.00000000099999999980 
0.00000000099999999961 0.99999998400000034149 0.00000000099999999961 0.00000000099999999961 0.00000000099999999961 0.00000000099999999961 0.00000000099999999961 0.00000000099999999961 0.00000000099999999961 0.00000000099999999961 0.00000000099999999961 0.00000000099999999961 0.00000000099999999961 0.00000000099999999961 0.00000000099999999961 0.00000000099999999961 0.00000000099999999961 
0.00000000099999999989 0.80212550205309574025 0.00000000099999999989 0.00000000099999999989 0.15874504993716012646 0.02163441895363552372 0.00000000099999999989 0.00000000099999999989 0.00000000099999999989 0.00000000099999999989 0.00000000099999999989 0.00000000099999999989 0.00000000099999999989 0.00000000099999999989 0.00000000099999999989 0.00000000099999999989 0.01749501605610896682 
