0.00000000099999999999 0.08901814560208963500 0.03983503382719204983 0.00000000099999999999 0.04902658573406844245 0.82210555421536535281 0.00000000099999999999 0.00001467762128459788 
0.00000000099999999998 0.07661010404896943793 0.04664822426693215202 0.00178628781283335846 0.00000000099999999998 0.87495537987126514867 0.00000000099999999998 0.00000000099999999998 
0.00000000099999999998 0.07851512769776401723 0.04834252167229633607 0.00000000099999999998 0.06331715759122501230 0.80982518903871469895 0.00000000099999999998 0.00000000099999999998 
0.00000000099999999998 0.09316368398375084181 0.01564569353004485741 0.00000000099999999998 0.01903232077851295737 0.87215829770769137674 0.00000000099999999998 0.00000000099999999998 
0.00000000099999999998 0.08840927054459513101 0.06233162872688310235 0.00000000099999999998 0.00793079513881960428 0.84132830158970217660 0.00000000099999999998 0.00000000099999999998 
0.00000000099999999999 0.09300314525999275883 0.09936609678760487119 0.00000000099999999999 0.03153747248018076710 0.77609328147222156336 0.00000000099999999999 0.00000000099999999999 
0.00000000100000000000 0.12482898714330281642 0.02706955811777523452 0.00000000100000000000 0.04401247397761297309 0.80408897676130908216 0.00000000100000000000 0.00000000100000000000 
0.00000000099999999999 0.15599510826584325751 0.06805084898024602036 0.00000000099999999999 0.06706086953745443724 0.65894893269902210520 0.00000000099999999999 0.04994423751743436862 
0.00000000099999999999 0.08249036519316567395 0.03704543581151643894 0.00000000099999999999 0.00762496002081599570 0.87283923497450188744 0.00000000099999999999 0.00000000099999999999 
0.00000000099999999998 0.13521988383616345697 0.08703095503647584330 0.00000000099999999998 0.08098600167555845830 0.69676315545180234068 0.00000000099999999998 0.00000000099999999998 
0.00000000099999999998 0.08643865065596026409 0.07438410231651378102 0.00000000099999999998 0.00000000099999999998 0.83917724202752586038 0.00000000099999999998 0.00000000099999999998 
0.00000000099999999999 0.12750868879455024008 0.08662219880073546152 0.00000000099999999999 0.02948168273610390563 0.75638742566861028038 0.00000000099999999999 0.00000000099999999999 
0.00000000099999999999 0.07366813326047041977 0.01659462630417292070 0.01346311550834368605 0.06724923226302904899 0.82902488966398391046 0.00000000099999999999 0.00000000099999999999 
0.41225077039682783697 0.00000000099999999999 0.00000000099999999999 0.02191007889912379922 0.00000000099999999999 0.40175044596821257725 0.16408870073583575744 0.00000000099999999999 
0.39590123873938409815 0.00000000099999999998 0.02366370747910541070 0.00306422293719243229 0.00000000099999999998 0.40419031308471137232 0.17318051475960657970 0.00000000099999999998 
0.44952331386102789557 0.00000000099999999998 0.00000000099999999998 0.01888701440169277337 0.00000000099999999998 0.35687420525038843211 0.17471546248689082126 0.00000000099999999998 
0.37683493120166694501 0.00000000099999999999 0.00000000099999999999 0.03323037860298330010 0.00000000099999999999 0.33955777694630812080 0.25037690924904160150 0.00000000099999999999 
0.40257221565584477840 0.00000000099999999998 0.00000000099999999998 0.01028934124533916264 0.00000000099999999998 0.40537025265468246138 0.17347456456326493246 0.00829362288086849149 
0.38921037474030190095 0.00000000099999999998 0.01160649011524139337 0.02564675362040445480 0.00000000099999999998 0.41196667845910117656 0.16156970006495102732 0.00000000099999999998 
0.38964034229585403635 0.00000000099999999998 0.00000000099999999998 0.07254645109628544974 0.00000000099999999998 0.37669219469046982818 0.16005133804714721801 0.00106967087024345932 
0.43054239502595009759 0.00000000099999999998 0.00000000099999999998 0.00000000099999999998 0.03529831419617562860 0.37742481955097700874 0.15673446722689707289 0.00000000099999999998 
0.51329682527917130930 0.00000000099999999998 0.00000000099999999998 0.02355381613280706221 0.00000000099999999998 0.34341343836851734306 0.10975617737228995918 0.00997973984721442671 
0.45379756800482684564 0.00000000099999999998 0.01600926420635155611 0.02949766766737099352 0.00000000099999999998 0.34743685202362806219 0.15325864509782238798 0.00000000099999999998 
0.42847893039884987765 0.00000000099999999999 0.00938480614584658555 0.02564122264559380582 0.00000000099999999999 0.32936486235269141210 0.20019707359679345116 0.00693310286022495465 
0.47118880377405086834 0.00000000099999999999 0.00000000099999999999 0.06741362625475362524 0.00000000099999999999 0.31738546764369102160 0.12157012293438430872 0.02244197639312005277 
0.44357016583920866326 0.00000000099999999998 0.01516567688977733981 0.05155818302966727606 0.00000000099999999998 0.35772182469360680468 0.13198414654773996113 0.00000000099999999998 
0.48939288430350563752 0.00000000099999999998 0.02610017651491612634 0.02522552788652149616 0.02163488249426585852 0.34575766132537633091 0.09188886547541445793 0.00000000099999999998 
0.40035215108713367860 0.00000000099999999998 0.00926381985510000595 0.05252018316265083531 0.00000000099999999998 0.33415864861259431118 0.20370519428252098493 0.00000000099999999998 
0.38712758338894720511 0.00000000099999999997 0.00000000099999999997 0.03198156224244159268 0.00000000099999999997 0.39746033089540783179 0.18343051947320321293 0.00000000099999999997 
0.73155952475420638059 0.00000000099999999998 0.00000000099999999998 0.00000000099999999998 0.00000000099999999998 0.26114295462365472167 0.00729750604790707462 0.00000001057423200896 
0.71114872092867531528 0.00000000099999999996 0.00000000099999999996 0.00000000099999999996 0.00000000099999999996 0.23994529717801993396 0.00000000099999999996 0.04890597689330488523 
0.60708888442866804080 0.00000000099999999998 0.00000000099999999998 0.06637859291187467314 0.00197764763641609031 0.29595179585670189359 0.00912649420759673556 0.01947658295874264353 
0.67930018845387074578 0.00000000099999999998 0.00000000099999999998 0.02567110714677781069 0.00000000099999999998 0.21420064925877441153 0.04565589922631980296 0.03517215291425734858 
0.70152000753679921718 0.00000000099999999997 0.00664400877433683323 0.03589853787540413232 0.00000000099999999997 0.23989722164924434655 0.00000000099999999997 0.01604022116421559632 
0.67682842303416423935 0.00000000099999999999 0.00000000099999999999 0.02374867553941811121 0.00000000099999999999 0.22318193458874618917 0.02558916753576621905 0.05065179630190531912 
0.71175071433380276975 0.00000000099999999996 0.00000000099999999996 0.00000000099999999996 0.00000000099999999996 0.23864162305386735219 0.00000000099999999996 0.04960765761233000559 
0.65756243262001867755 0.00000000099999999999 0.00000000099999999999 0.04807210802445795877 0.00364063203035261797 0.25340870198455933693 0.00693523681052954193 0.03038088653008206436 
0.75315957709696634836 0.00000000099999999998 0.00000000099999999998 0.01094365490149449074 0.00000000099999999998 0.15727381057439004941 0.04447491516913511245 0.03414803925801414980 
0.63443457450636830952 0.00000000099999999998 0.00000000099999999998 0.03245567129739994339 0.00000000099999999998 0.28484419186084031228 0.04647545096919691171 0.00179010836619446006 
0.99999999300000008695 0.00000000099999999989 0.00000000099999999989 0.00000000099999999989 0.00000000099999999989 0.00000000099999999989 0.00000000099999999989 0.00000000099999999989 
0.63141973240828686009 0.00000000099999999998 0.00000000099999999998 0.05784391159087048234 0.00000000099999999998 0.25026561144809944537 0.03819311121465542025 0.02227763033808801210 
0.70453810815810957724 0.00000000099999999997 0.00000000099999999997 0.03098381364224269893 0.00000000099999999997 0.25090225405874566622 0.00000000099999999997 0.01357582014090220716 
0.67476739079686798295 0.00000000099999999998 0.00000000099999999998 0.03242765315025129130 0.00000000099999999998 0.24069072248288111981 0.00686274068316924772 0.04525148988683050377 
0.64872128646660565110 0.00000000099999999998 0.00000000099999999998 0.05607206356971003447 0.00736290898189538925 0.24497178309277423125 0.03330672699741731718 0.00956522889159741943 
0.67576954902963293215 0.00000000099999999998 0.00000000099999999998 0.00211444482388665599 0.00000000099999999998 0.27194449016402533204 0.03775231624803786212 0.01241919673441711260 
0.75131523765900276590 0.00000000099999999998 0.00000000099999999998 0.02980532159080623994 0.00000000099999999998 0.18572542118769405639 0.00000000297974029235 0.03315401358275675558 
0.81866854053382887013 0.00000000099999999999 0.00381429341544086472 0.02346409395351510899 0.00000000099999999999 0.07149599265016015615 0.00000000099999999999 0.08255707644705520543 
0.09043802585793496440 0.32243899796507041744 0.40648964623145894537 0.00000000099999999999 0.01161120064655201192 0.14915147998833513943 0.01987064731064857107 0.00000000099999999999 
0.16874859650219778406 0.36768834818306639356 0.43723160986010284335 0.01302713169890572231 0.00000000099999999999 0.00000000099999999999 0.01330431075572725483 0.00000000099999999999 
0.06420125270470046497 0.39379280914186176599 0.45979123281070460871 0.01895947736416850327 0.00827739491737586666 0.00000000100000000000 0.05497783106118886431 0.00000000100000000000 
0.05118337032805425624 0.34644648945455980282 0.42867225116676893615 0.03397294736504513635 0.01052346131673213489 0.04129358912395828668 0.08790789024488145087 0.00000000100000000000 
0.09714268497945724445 0.38695436803923360936 0.39975134523050831481 0.00000000100000000000 0.03142573831321616995 0.04502062893296033402 0.03970523250462443948 0.00000000100000000000 
0.05367605903972191145 0.33615480761449617608 0.43871454018008426701 0.01665906116984072066 0.05881698390292219858 0.09597854609293467176 0.00000000100000000000 0.00000000100000000000 
0.08463647705811123967 0.31902078637636305247 0.39798687466127286028 0.03277369237907500760 0.00000000099999999999 0.13367136806965895790 0.03191079945551891783 0.00000000099999999999 
0.08048162675518556741 0.27543750502047659179 0.45028681938761427883 0.00000000100000000000 0.03933603981821802431 0.09695816797191418590 0.05477189184116183773 0.00272794820542957180 
0.05347780591759246360 0.31672370539562572089 0.42299866618249926109 0.00000000100000000000 0.03399332477227951649 0.09314590331440544824 0.07966059241759756993 0.00000000100000000000 
0.08620041939984052215 0.37792264770450867406 0.43504165055106164273 0.00000000099999999999 0.03332464712241822030 0.06751063222217094928 0.00000000099999999999 0.00000000099999999999 
0.84212350679138092691 0.00000000099999999998 0.00005211538755878008 0.00006050502273614952 0.00000000099999999998 0.08004469019273242891 0.03178325676570504382 0.04593592383988658046 
0.88109024266418756177 0.00000000099999999997 0.02343492483603654142 0.01534319724592545474 0.00000000099999999997 0.00000000099999999997 0.03688328122481652344 0.04324835102903402950 
0.94122150050191943915 0.00000000099999999997 0.00000000099999999997 0.00160668159261589927 0.00000000099999999997 0.00000000099999999997 0.03916638752178758232 0.01800542638367720952 
0.94852558304752576657 0.00000000099999999997 0.00000000099999999997 0.00000000099999999997 0.00000000099999999997 0.00000000099999999997 0.05147441095247427129 0.00000000099999999997 
0.84244774950697798310 0.00000000099999999999 0.00872663831952150137 0.06919394535949795200 0.00000000099999999999 0.00000000099999999999 0.05726771729488371043 0.02236394651911899692 
0.87682534513352439198 0.00000000099999999999 0.02458218990350773819 0.00000000099999999999 0.00000000099999999999 0.00387635218135629935 0.06987539685764293518 0.02484071292396859004 
0.98148190960577930131 0.00000000099999999997 0.00000000099999999997 0.00000000099999999997 0.00000000099999999997 0.00000000099999999997 0.00000000099999999997 0.01851808439422092736 
0.86536898590598043679 0.00000000099999999999 0.02802612294800820372 0.02928793565546706709 0.00000000099999999999 0.06790986959228444142 0.00940707997772709768 0.00000000392053283418 
0.98817680354391146391 0.00000000099999999996 0.00000000099999999996 0.00000000099999999996 0.00000000099999999996 0.00000000099999999996 0.01182319045608851149 0.00000000099999999996 
0.91098903798782404628 0.00000000099999999998 0.00000000099999999998 0.00000000099999999998 0.00000000099999999998 0.02027896622410886238 0.05878937928985291522 0.00994261249821415394 
0.05029700508604806330 0.00000000099999999999 0.08949762647908759972 0.01924420111394317331 0.06000177070544079894 0.67868970428263164507 0.06289769912892800852 0.03937199220392088167 
0.03970247070420707125 0.00000000099999999999 0.02962289828350633814 0.00000000099999999999 0.05373671901318000793 0.86095897385255082401 0.01597893514655565270 0.00000000099999999999 
0.15412811857035560448 0.00000000099999999999 0.06718595351933845383 0.03337984405717484004 0.04917737014081905583 0.61527916337142374292 0.06905219179999839973 0.01179735754089002685 
0.05817333443854579705 0.02436484117999940593 0.01810638531207065666 0.00016652475188120729 0.04806602743850560411 0.73538105638419704047 0.04116890627664256119 0.07457292421815776839 
0.46908857489211475134 0.00000000099999999998 0.00477292966600549075 0.00000000099999999998 0.00000000099999999998 0.11859501011336250065 0.38773784216103124312 0.01980564016748593073 
0.51649584647025992279 0.00000000099999999999 0.00000000099999999999 0.00301851054861633017 0.00000000099999999999 0.09909157561517205337 0.33802398031919494992 0.04337008404675674056 
0.55043541147353980403 0.00000000099999999998 0.00000000099999999998 0.00000000099999999998 0.00000000099999999998 0.10413055221644537673 0.30275958844971978534 0.04267444386029520254 
0.48233048903901243332 0.00000000099999999999 0.00000000099999999999 0.02353291177730751360 0.00000058368238710378 0.10571443536607458280 0.31931962139791064681 0.06910195673730774868 
0.46378675653786594069 0.00000000099999999998 0.00000000099999999998 0.00673891241816100377 0.00000000099999999998 0.07000124265080004404 0.39609140995187552825 0.06338167544129731656 
0.54036347734375245189 0.00000000099999999999 0.00000000099999999999 0.00000000099999999999 0.00217167920108689337 0.10735097172934474075 0.29107345494664627061 0.05904041377916958988 
0.00000000099999999987 0.00000000099999999987 0.00000000099999999987 0.00000000099999999987 0.00000000099999999987 0.00000000099999999987 0.00000000099999999987 0.99999999300000008695 
0.56717643291845187825 0.00000000099999999999 0.00303165471757181702 0.02706102648756572929 0.01737527303961342723 0.27727661421060129099 0.08209429027422551761 0.02598470735197036530 
0.43959430781754099682 0.00000000099999999998 0.00000000099999999998 0.07663856447405605066 0.00000000099999999998 0.37962656191489424495 0.07435629232486289097 0.02978427046864571756 
0.49804313787293380544 0.00000000099999999999 0.00000000099999999999 0.07073696300593902697 0.00000000099999999999 0.29841739374573955645 0.08924302076076875978 0.04355948161461888068 
0.52533114405340386455 0.00000000099999999999 0.02648086560383012752 0.06475158648283706186 0.00548940339388488078 0.25589177169242816046 0.05790911384738044176 0.06414611392623548181 
0.31114062510646467441 0.00000000099999999998 0.00000000099999999998 0.05532578151238031622 0.00000000099999999998 0.42713743257708064460 0.16614244634146388413 0.04025371146261047528 
0.46182555158644011950 0.00000000100000000000 0.00000000100000000000 0.03511635710267889399 0.00956386316239591673 0.26686912176306698541 0.19607591358200782139 0.03054919080341014434 
0.42372613498750821837 0.00000000099999999999 0.00000000099999999999 0.05284105578913480400 0.00984702579162695726 0.30830778480183695933 0.17588172243198904598 0.02939627419790392937 
0.35326770493528664163 0.00000000099999999999 0.00000000099999999999 0.07004120948372972999 0.01541061766212390577 0.34591440157820224632 0.18224486180382898359 0.03312120253682856313 
0.47954357739953046291 0.00000000099999999999 0.00000000099999999999 0.06113281581971526796 0.00000000099999999999 0.33396295220469107701 0.10576742967836573472 0.01959322189769760816 
0.47896716355987212221 0.00000000099999999999 0.00000000099999999999 0.01683451543678284035 0.00033138486028393350 0.31351632214583236014 0.16084786887083138418 0.02950274312639741131 
0.41109023304983327574 0.00000000099999999999 0.00000000099999999999 0.10877922168458177554 0.01456593278414328001 0.30400880719867712232 0.13466749795048729710 0.02688830533227716535 
0.43595217442765921145 0.00000000099999999999 0.00000000099999999999 0.08828102413507427082 0.00000000099999999999 0.30397693802066755309 0.13503149994125376865 0.03675836047534523920 
0.50771072469777234204 0.00000000099999999999 0.02116369851820589648 0.05774789113065167262 0.00887321178048287168 0.23574837260511474768 0.12481277055136544285 0.04394332971640709656 
0.17274608891592146964 0.00000000099999999999 0.00000000099999999999 0.00812154544631659391 0.00000000099999999999 0.52084415525101845912 0.24280426967539628369 0.05548393771134716573 
0.55364350759563196736 0.00000000099999999999 0.00000000099999999999 0.03888756788423069349 0.00000000099999999999 0.27213081599722088733 0.11171748665864918160 0.02362061886426740712 
0.59738365083260402955 0.00000000099999999996 0.35261699025092174686 0.00039908839510490487 0.01577345296194474639 0.00000000099999999996 0.03382681455942469773 0.00000000099999999996 
0.00000000099999999987 0.00000000099999999987 0.99999999299999997593 0.00000000099999999987 0.00000000099999999987 0.00000000099999999987 0.00000000099999999987 0.00000000099999999987 
0.00000000099999999986 0.00000000099999999986 0.99999999299999997593 0.00000000099999999986 0.00000000099999999986 0.00000000099999999986 0.00000000099999999986 0.00000000099999999986 
0.00000000099999999990 0.00000000099999999990 0.99999999299999997593 0.00000000099999999990 0.00000000099999999990 0.00000000099999999990 0.00000000099999999990 0.00000000099999999990 
0.00000000099999999985 0.00000000099999999985 0.99999999299999997593 0.00000000099999999985 0.00000000099999999985 0.00000000099999999985 0.00000000099999999985 0.00000000099999999985 
0.00000000099999999986 0.00000000099999999986 0.99999999300000008695 0.00000000099999999986 0.00000000099999999986 0.00000000099999999986 0.00000000099999999986 0.00000000099999999986 
0.00000000099999999992 0.00000000099999999992 0.99999999300000008695 0.00000000099999999992 0.00000000099999999992 0.00000000099999999992 0.00000000099999999992 0.00000000099999999992 
0.00000000099999999987 0.00000000099999999987 0.99999999300000008695 0.00000000099999999987 0.00000000099999999987 0.00000000099999999987 0.00000000099999999987 0.00000000099999999987 
0.19097232757067370001 0.00000000099999999994 0.80902766642932644192 0.00000000099999999994 0.00000000099999999994 0.00000000099999999994 0.00000000099999999994 0.00000000099999999994 
0.00000000099999999991 0.00000000099999999991 0.99999999300000008695 0.00000000099999999991 0.00000000099999999991 0.00000000099999999991 0.00000000099999999991 0.00000000099999999991 
0.73190124906678433181 0.00000000099999999999 0.00865205161869373254 0.03788062161508754661 0.01914313718259386468 0.11238370554167351201 0.06618220300544054580 0.02385703096972644974 
0.77264131967859461803 0.00000000099999999997 0.00000000099999999997 0.04867730776435478385 0.00000000099999999997 0.09453313389081258178 0.08255920883065510918 0.00158902683558306184 
0.81256134601088958469 0.00000000099999999999 0.09591978951754866201 0.00000000099999999999 0.00000000099999999999 0.01379125930123867479 0.07772760117032319338 0.00000000099999999999 
0.82312938304623084473 0.00000000099999999997 0.15975360724324766393 0.00000000099999999997 0.00000000099999999997 0.00000000099999999997 0.01711700471052155295 0.00000000099999999997 
0.81081434827935505716 0.00000000099999999998 0.16576753573896196858 0.02235297865733053627 0.00000000099999999998 0.00000000099999999998 0.00106513332435248498 0.00000000099999999998 
0.79134005709474508627 0.00000000099999999996 0.17107712384666967642 0.00000000099999999996 0.00000000099999999996 0.00000000099999999996 0.03758281405858541341 0.00000000099999999996 
0.92563700845349483615 0.00000000099999999994 0.05526209065779151552 0.00000000099999999994 0.00000000099999999994 0.00000000099999999994 0.01910089588871370300 0.00000000099999999994 
0.81358803815054592246 0.00000000099999999996 0.13715590783736786307 0.00000000099999999996 0.00000000099999999996 0.00000000099999999996 0.04925604901208632813 0.00000000099999999996 
0.90950595283863699958 0.00000000099999999998 0.05472231446377806563 0.00000000099999999998 0.00000000099999999998 0.00000000099999999998 0.03577172769758504151 0.00000000099999999998 
0.88966060134920954550 0.00000000099999999996 0.07243750099501851392 0.00000000099999999996 0.00000000099999999996 0.00000000099999999996 0.03790189265577200567 0.00000000099999999996 
0.85999319531804319094 0.00000000099999999994 0.14000679868195689548 0.00000000099999999994 0.00000000099999999994 0.00000000099999999994 0.00000000099999999994 0.00000000099999999994 
0.87324935799014780091 0.00000000099999999994 0.12675063600985236878 0.00000000099999999994 0.00000000099999999994 0.00000000099999999994 0.00000000099999999994 0.00000000099999999994 
0.91347937889220498509 0.00000000099999999995 0.08652061510779517073 0.00000000099999999995 0.00000000099999999995 0.00000000099999999995 0.00000000099999999995 0.00000000099999999995 
0.87223737326786010549 0.00000000099999999996 0.09008937254687587881 0.01275971193034609701 0.00000000099999999996 0.00000000099999999996 0.02491353825491798499 0.00000000099999999996 
0.88377459392541979355 0.00000000099999999996 0.11622540007458041778 0.00000000099999999996 0.00000000099999999996 0.00000000099999999996 0.00000000099999999996 0.00000000099999999996 
0.82757316055060459181 0.00000000099999999997 0.14216838673695031403 0.01545984201540683868 0.00000000099999999997 0.00000000099999999997 0.01479860669703822983 0.00000000099999999997 
0.85417763964720616610 0.00000000099999999996 0.10562793632207975736 0.00000000099999999996 0.00000000099999999996 0.00000000099999999996 0.04019441903071419020 0.00000000099999999996 
0.95656401831123105683 0.00000000099999999996 0.04343597568876909898 0.00000000099999999996 0.00000000099999999996 0.00000000099999999996 0.00000000099999999996 0.00000000099999999996 
0.92761087190907576261 0.00000000099999999997 0.06520476980082098861 0.00718435329010335376 0.00000000099999999997 0.00000000099999999997 0.00000000099999999997 0.00000000099999999997 
0.94780601419239984828 0.00000000099999999994 0.05219397980760022426 0.00000000099999999994 0.00000000099999999994 0.00000000099999999994 0.00000000099999999994 0.00000000099999999994 
0.83091006891560681424 0.00000000099999999995 0.16908992508439316116 0.00000000099999999995 0.00000000099999999995 0.00000000099999999995 0.00000000099999999995 0.00000000099999999995 
0.98974179831792707951 0.00000000099999999995 0.01025819568207305549 0.00000000099999999995 0.00000000099999999995 0.00000000099999999995 0.00000000099999999995 0.00000000099999999995 
0.94803306259220854191 0.00000000099999999996 0.05196693140779151676 0.00000000099999999996 0.00000000099999999996 0.00000000099999999996 0.00000000099999999996 0.00000000099999999996 
0.87643056382756867606 0.00000000099999999997 0.11568602399588188978 0.00000000099999999997 0.00788340717654944893 0.00000000099999999997 0.00000000099999999997 0.00000000099999999997 
0.00000000099999999989 0.00000000099999999989 0.00000000099999999989 0.00000000099999999989 0.00000000099999999989 0.00000000099999999989 0.00000000099999999989 0.99999999299999997593 
0.00000000099999999989 0.00000000099999999989 0.00000000099999999989 0.00000000099999999989 0.00000000099999999989 0.00000000099999999989 0.00000000099999999989 0.99999999300000008695 
0.00000000099999999996 0.00000000099999999996 0.60548260656006569480 0.00000000099999999996 0.00000000099999999996 0.39451738743993441938 0.00000000099999999996 0.00000000099999999996 
0.00000000099999999996 0.00000000099999999996 0.68959567785269415552 0.00000000099999999996 0.00000000099999999996 0.31040431614730590315 0.00000000099999999996 0.00000000099999999996 
0.00000000099999999997 0.00209570401425646048 0.61416611620294958573 0.00000000099999999997 0.00000000099999999997 0.38373817478279398374 0.00000000099999999997 0.00000000099999999997 
0.26530297970092986404 0.00000000099999999998 0.70547483812664746328 0.00000000099999999998 0.00000000099999999998 0.02922217717242275858 0.00000000099999999998 0.00000000099999999998 
0.00000000099999999997 0.00000000099999999997 0.70952269789471822392 0.00000000099999999997 0.00000000099999999997 0.29047729610528177924 0.00000000099999999997 0.00000000099999999997 
0.00000000099999999997 0.00000000099999999997 0.69727906064800948549 0.00000000099999999997 0.00000000099999999997 0.30272093335199062869 0.00000000099999999997 0.00000000099999999997 
0.00000000099999999997 0.00000000099999999997 0.69135661062230435725 0.00000000099999999997 0.00000000099999999997 0.30864338337769564591 0.00000000099999999997 0.00000000099999999997 
0.00000000099999999999 0.01354861950165817813 0.51322177331433782577 0.00000000099999999999 0.02096549047985163741 0.45226404089817079379 0.00000007280598142087 0.00000000099999999999 
0.00000000099999999996 0.00000000099999999996 0.67856607228218335237 0.00000000099999999996 0.00000000099999999996 0.32143392171781676181 0.00000000099999999996 0.00000000099999999996 
0.00000000099999999996 0.00000000099999999996 0.70993658896322320295 0.00000000099999999996 0.00000000099999999996 0.29006340503677685572 0.00000000099999999996 0.00000000099999999996 
0.00000000099999999996 0.00000000099999999996 0.62736942003776030585 0.00000000099999999996 0.00000000099999999996 0.37263057396223975282 0.00000000099999999996 0.00000000099999999996 
0.00000000099999999997 0.00000000099999999997 0.61321207112931097605 0.00000000099999999997 0.00000000099999999997 0.38678792287068913813 0.00000000099999999997 0.00000000099999999997 
0.09367677024890382065 0.04440169709472072124 0.15606718154121931863 0.00010320773634433752 0.07937861951632238511 0.60738016383087500838 0.00942314442249661544 0.00956921560911797205 
0.47627591210880465544 0.00000000099999999997 0.04067936780646243256 0.05312125465312533823 0.00000000099999999997 0.29390565464573314980 0.13601780778587443943 0.00000000099999999997 
0.37470936067477650377 0.00000000099999999998 0.01010504459114671891 0.10085698603871225132 0.00000000099999999998 0.29772714528443683379 0.19316886469788147052 0.02343259671304622274 
0.40157222729900121649 0.00000000099999999998 0.00000000145711371539 0.07930927512296993831 0.00000000099999999998 0.34718220405718575039 0.15880058846702096997 0.01313570159670837678 
0.33893275287687590902 0.00000000099999999998 0.01895455056921246245 0.09760435967923559997 0.00000000099999999998 0.35251775574813215552 0.19199057812654374278 0.00000000099999999998 
0.37408141208881529050 0.00000000099999999998 0.00068369502692724288 0.11565180368371059949 0.00000000099999999998 0.33624155037245473387 0.15038322455874897354 0.02295831226934313615 
0.36878033961367778781 0.00000000099999999998 0.00000000099999999998 0.08751782536521839073 0.00000000099999999998 0.34611186755604816945 0.16181355067903371858 0.03577641378602171990 
0.40963868761105781680 0.00000000099999999998 0.00000000099999999998 0.06901002202192112189 0.00000000099999999998 0.37755236855524004769 0.14000950542396545240 0.00378941338781544701 
0.32462092016975852005 0.00000000099999999998 0.00000000099999999998 0.10892786358075845499 0.00000000099999999998 0.41351802956915933995 0.15293318268032352059 0.00000000099999999998 
0.30663030118299478000 0.00000000099999999997 0.00000000099999999997 0.09540605255822692810 0.00000000099999999997 0.42386108811967621035 0.17410255413910200040 0.00000000099999999997 
0.39998932314416407729 0.00000000099999999998 0.00000000099999999998 0.06734405621992729796 0.00000000099999999998 0.33187336589818533517 0.16906409734039556936 0.03172915439732768017 
0.37520950668495123281 0.00000000099999999998 0.03738493055553813310 0.06026244188104683958 0.00000000099999999998 0.34053909217642425178 0.17468364635646874139 0.01192038034557079372 
0.31916215935833019968 0.00000000099999999998 0.00000000099999999998 0.07969564359771935669 0.00000000099999999998 0.32855235361015366902 0.24290265228091664773 0.02968718815287995499 
0.36988324201998767915 0.00000000099999999999 0.00126625809214331829 0.08275688028981036115 0.00000000099999999999 0.38363776590470805017 0.14916472531510724386 0.01329112637824318016 
0.38132716702616359372 0.00000000099999999998 0.00000000099999999998 0.07275603374627963305 0.00000000099999999998 0.35587049915006502276 0.19004629607749159992 0.00000000099999999998 
0.33473111125938131982 0.00000000099999999998 0.00000000099999999998 0.06752434813202684571 0.00000000099999999998 0.41608053446278292498 0.18166400214580871730 0.00000000099999999998 
0.38015738758791978169 0.00000000099999999998 0.00000000099999999998 0.06305581061742276949 0.00000000099999999998 0.35475305791623751306 0.18669776864768733438 0.01533597223073258735 
0.37980667968737036322 0.00000000099999999998 0.00001706277825592843 0.05339664146350871915 0.00000000099999999998 0.36168939566757468684 0.18264191937019388923 0.02244829903309628755 
0.31760868336846942439 0.00000000099999999998 0.03258796394444435363 0.09092985438491314742 0.00000000099999999998 0.38289148969418351776 0.13045222347502175020 0.04552978313296774521 
0.36019881992738633780 0.00000000099999999999 0.00000000099999999999 0.07890788330981611531 0.00722778323306107369 0.39771797919332457782 0.15594753133641187093 0.00000000099999999999 
0.34592381183954501456 0.00000000099999999998 0.00000000099999999998 0.11251422785237553958 0.00000000099999999998 0.35694513756934048709 0.15899519678226034514 0.02562162295647850072 
0.00000000099999999991 0.00000000099999999991 0.00000000099999999991 0.00000000099999999991 0.00000000099999999991 0.00000000099999999991 0.00000000099999999991 0.99999999300000008695 
0.93633796888650910883 0.00000000099999999997 0.03282469713383562304 0.00000000099999999997 0.00000000099999999997 0.00000000099999999997 0.00000000099999999997 0.03083732897965546851 
0.93417935200737578505 0.00000000099999999997 0.00000000099999999997 0.00000000099999999997 0.00000000099999999997 0.00000000099999999997 0.00000000099999999997 0.06582064199262424586 
0.97081250212681780010 0.00000000099999999997 0.00000000099999999997 0.00000000099999999997 0.00000000099999999997 0.02131626791531508400 0.00000000099999999997 0.00787122495786715670 
0.95061791464577372057 0.00000000099999999998 0.00000000099999999998 0.00000000099999999998 0.00000000099999999998 0.00000000099999999998 0.00000000099999999998 0.04938207935422650463 
0.99999999300000008695 0.00000000099999999992 0.00000000099999999992 0.00000000099999999992 0.00000000099999999992 0.00000000099999999992 0.00000000099999999992 0.00000000099999999992 
0.92931147783339806967 0.00000000099999999997 0.03155625119480283403 0.02052909514151740264 0.00000000099999999997 0.00000000099999999997 0.00000000099999999997 0.01860317183028179291 
0.99999999300000008695 0.00000000099999999986 0.00000000099999999986 0.00000000099999999986 0.00000000099999999986 0.00000000099999999986 0.00000000099999999986 0.00000000099999999986 
0.98709538519797301870 0.00000000099999999994 0.00000000099999999994 0.00000000099999999994 0.00000000099999999994 0.00000000099999999994 0.00000000099999999994 0.01290460880202716314 
0.98551340079211635636 0.00000000099999999996 0.00000000099999999996 0.00000000099999999996 0.00000000099999999996 0.00000000099999999996 0.00000000099999999996 0.01448659320788375782 
0.94519457666728978751 0.00000000099999999997 0.00000000099999999997 0.00000000099999999997 0.00533375459148539583 0.00000000099999999997 0.00000000099999999997 0.04947166374122498322 
0.99317736617568252999 0.00000000099999999992 0.00000000099999999992 0.00000000099999999992 0.00000000099999999992 0.00000000099999999992 0.00000000099999999992 0.00682262782431762495 
0.96053152279144804471 0.00000000099999999996 0.00000000099999999996 0.00000000099999999996 0.00000000099999999996 0.00000000099999999996 0.00000000099999999996 0.03946847120855220825 
0.98470183413061473932 0.00000000099999999995 0.00000000099999999995 0.00000000099999999995 0.00000000099999999995 0.00000000099999999995 0.00000000099999999995 0.01529815986938541650 
0.21396459377531734658 0.00000000099999999997 0.00226133063575948519 0.00000000099999999997 0.00000000099999999997 0.00000000099999999997 0.78377407058892312186 0.00000000099999999997 
0.99999999300000008695 0.00000000099999999989 0.00000000099999999989 0.00000000099999999989 0.00000000099999999989 0.00000000099999999989 0.00000000099999999989 0.00000000099999999989 
0.18913421251607526186 0.00000000099999999997 0.00000000099999999997 0.00000000099999999997 0.00000000099999999997 0.00000000099999999997 0.81086578148392463028 0.00000000099999999997 
0.14675261707348932760 0.00000000099999999996 0.00000000099999999996 0.00000000099999999996 0.00000000099999999996 0.00000000099999999996 0.85324737692651053678 0.00000000099999999996 
0.27238792990008986461 0.00000000099999999997 0.01013680726378807066 0.01530326614311794051 0.00000000099999999997 0.00000000099999999997 0.70217199269300401010 0.00000000099999999997 
0.15480258480729336412 0.00000000099999999995 0.00000000099999999995 0.00000000099999999995 0.00000000099999999995 0.00000000099999999995 0.84519740919270658353 0.00000000099999999995 
0.06092903828335186761 0.00000000099999999997 0.04360841109750388661 0.04543002329021731539 0.00000000099999999997 0.01881537260753329138 0.83121715172139354344 0.00000000099999999997 
0.10155988282909242382 0.00000000099999999998 0.04678230401912537167 0.01459858207246458872 0.00000000099999999998 0.09265138510500314784 0.71210374082342042801 0.03230410315089393691 
0.25792372956802372963 0.00000000099999999996 0.00152098075311205331 0.00000000099999999996 0.00000000099999999996 0.00000000099999999996 0.74055528467886400090 0.00000000099999999996 
0.20133971105864092999 0.00000000099999999997 0.00000000099999999997 0.01921418678361326918 0.00000000099999999997 0.00000000099999999997 0.77944609715774582082 0.00000000099999999997 
0.22347308907078530793 0.00000000099999999996 0.00000000099999999996 0.00000000099999999996 0.00000000099999999996 0.00000000099999999996 0.77652690492921472298 0.00000000099999999996 
0.15224054004469178558 0.00000000099999999998 0.00000000099999999998 0.00000000099999999998 0.00000000099999999998 0.00000000099999999998 0.84775945395530805104 0.00000000099999999998 
0.00000000099999999988 0.00000000099999999988 0.00000000099999999988 0.00000000099999999988 0.00000000099999999988 0.00000000099999999988 0.99999999299999997593 0.00000000099999999988 
0.00000000099999999987 0.00000000099999999987 0.00000000099999999987 0.00000000099999999987 0.00000000099999999987 0.00000000099999999987 0.99999999299999997593 0.00000000099999999987 
0.02348958880521075793 0.00000000099999999998 0.00000000099999999998 0.00000000827212298601 0.00000000099999999998 0.00000000099999999998 0.97651039792266614015 0.00000000099999999998 
0.00000000099999999994 0.00000000099999999994 0.00000000099999999994 0.00000000099999999994 0.00000000099999999994 0.00000000099999999994 0.99999999299999997593 0.00000000099999999994 
0.00000000099999999993 0.00000000099999999993 0.00000000099999999993 0.00000000099999999993 0.00000000099999999993 0.00000000099999999993 0.99999999299999997593 0.00000000099999999993 
0.00000000099999999997 0.00000000099999999997 0.00000000099999999997 0.00000000099999999997 0.00000000099999999997 0.00000000099999999997 0.99999999299999986491 0.00000000099999999997 
0.00000000099999999993 0.00000000099999999993 0.00000000099999999993 0.00000000099999999993 0.00000000099999999993 0.00000000099999999993 0.99999999299999997593 0.00000000099999999993 
0.00000000099999999991 0.00000000099999999991 0.00000000099999999991 0.00000000099999999991 0.00000000099999999991 0.00000000099999999991 0.99999999299999986491 0.00000000099999999991 
0.00000000099999999994 0.00000000099999999994 0.00000000099999999994 0.00000000099999999994 0.00000000099999999994 0.00000000099999999994 0.99999999299999997593 0.00000000099999999994 
0.00000000099999999996 0.00000000099999999996 0.00000000099999999996 0.00000000099999999996 0.00000000099999999996 0.00000000099999999996 0.99999999299999986491 0.00000000099999999996 
0.00000000099999999995 0.00000000099999999995 0.00000000099999999995 0.00000000099999999995 0.00000000099999999995 0.00000000099999999995 0.99999999299999997593 0.00000000099999999995 
0.00000000099999999995 0.00000000099999999995 0.00000000099999999995 0.00000000099999999995 0.00000000099999999995 0.00000000099999999995 0.99999999299999986491 0.00000000099999999995 
0.00000000099999999994 0.00000000099999999994 0.00000000099999999994 0.00000000099999999994 0.00000000099999999994 0.00000000099999999994 0.99999999299999997593 0.00000000099999999994 
0.00950283406447602688 0.00000000099999999993 0.00000000099999999993 0.00000000099999999993 0.00000000099999999993 0.00000000099999999993 0.99049715993552389648 0.00000000099999999993 
0.00592862358644124718 0.00000000099999999998 0.00051906767485105493 0.00000000099999999998 0.00000000099999999998 0.00000000099999999998 0.99355230373870762062 0.00000000099999999998 
0.01251427051735023478 0.00000000099999999996 0.98748572348264984644 0.00000000099999999996 0.00000000099999999996 0.00000000099999999996 0.00000000099999999996 0.00000000099999999996 
0.00000000099999999993 0.00000000099999999993 0.99999999300000008695 0.00000000099999999993 0.00000000099999999993 0.00000000099999999993 0.00000000099999999993 0.00000000099999999993 
0.00000000099999999994 0.00000000099999999994 0.99999999299999997593 0.00000000099999999994 0.00000000099999999994 0.00000000099999999994 0.00000000099999999994 0.00000000099999999994 
0.00000000099999999994 0.00000000099999999994 0.99999999299999997593 0.00000000099999999994 0.00000000099999999994 0.00000000099999999994 0.00000000099999999994 0.00000000099999999994 
0.00000000099999999996 0.00000000099999999996 0.99999999300000008695 0.00000000099999999996 0.00000000099999999996 0.00000000099999999996 0.00000000099999999996 0.00000000099999999996 
0.00000000099999999993 0.00000000099999999993 0.99999999299999997593 0.00000000099999999993 0.00000000099999999993 0.00000000099999999993 0.00000000099999999993 0.00000000099999999993 
0.00000000099999999994 0.00000000099999999994 0.99999999299999997593 0.00000000099999999994 0.00000000099999999994 0.00000000099999999994 0.00000000099999999994 0.00000000099999999994 
0.00000000099999999992 0.00000000099999999992 0.99999999300000008695 0.00000000099999999992 0.00000000099999999992 0.00000000099999999992 0.00000000099999999992 0.00000000099999999992 
0.04058654432863195022 0.00000000099999999999 0.90419771154956829484 0.00000000099999999999 0.00331991546044618736 0.00000000099999999999 0.05189581779968849978 0.00000000786166516834 
0.00000000099999999993 0.00000000099999999993 0.99999999300000008695 0.00000000099999999993 0.00000000099999999993 0.00000000099999999993 0.00000000099999999993 0.00000000099999999993 
0.00000000099999999994 0.00000000099999999994 0.99999999299999997593 0.00000000099999999994 0.00000000099999999994 0.00000000099999999994 0.00000000099999999994 0.00000000099999999994 
0.00000000099999999992 0.00000000099999999992 0.99999999299999997593 0.00000000099999999992 0.00000000099999999992 0.00000000099999999992 0.00000000099999999992 0.00000000099999999992 
0.00000000099999999993 0.00000000099999999993 0.99999999300000008695 0.00000000099999999993 0.00000000099999999993 0.00000000099999999993 0.00000000099999999993 0.00000000099999999993 
