0.00000000099999999992 0.00000000099999999992 0.00000000099999999992 0.00000000099999999992 0.00000000099999999992 0.99999998300000036977 0.00000000099999999992 0.00000000099999999992 0.00000000099999999992 0.00000000099999999992 0.00000000099999999992 0.00000000099999999992 0.00000000099999999992 0.00000000099999999992 0.00000000099999999992 0.00000000099999999992 0.00000000099999999992 0.00000000099999999992 
0.00000000099999999984 0.00000000099999999984 0.00000000099999999984 0.00000000099999999984 0.00000000099999999984 0.99999998300000025875 0.00000000099999999984 0.00000000099999999984 0.00000000099999999984 0.00000000099999999984 0.00000000099999999984 0.00000000099999999984 0.00000000099999999984 0.00000000099999999984 0.00000000099999999984 0.00000000099999999984 0.00000000099999999984 0.00000000099999999984 
0.00000000099999999990 0.00000000099999999990 0.00000000099999999990 0.00000000099999999990 0.00000000099999999990 0.99999998300000036977 0.00000000099999999990 0.00000000099999999990 0.00000000099999999990 0.00000000099999999990 0.00000000099999999990 0.00000000099999999990 0.00000000099999999990 0.00000000099999999990 0.00000000099999999990 0.00000000099999999990 0.00000000099999999990 0.00000000099999999990 
0.00000000099999999983 0.00000000099999999983 0.00000000099999999983 0.00000000099999999983 0.00000000099999999983 0.99999998300000036977 0.00000000099999999983 0.00000000099999999983 0.00000000099999999983 0.00000000099999999983 0.00000000099999999983 0.00000000099999999983 0.00000000099999999983 0.00000000099999999983 0.00000000099999999983 0.00000000099999999983 0.00000000099999999983 0.00000000099999999983 
0.00000000099999999989 0.00000000099999999989 0.00000000099999999989 0.00000000099999999989 0.00000000099999999989 0.99999998300000036977 0.00000000099999999989 0.00000000099999999989 0.00000000099999999989 0.00000000099999999989 0.00000000099999999989 0.00000000099999999989 0.00000000099999999989 0.00000000099999999989 0.00000000099999999989 0.00000000099999999989 0.00000000099999999989 0.00000000099999999989 
0.00000000099999999996 0.00000000099999999996 0.00000000099999999996 0.00000000099999999996 0.00000000099999999996 0.91746565508014310542 0.00000000099999999996 0.00000000099999999996 0.00000000099999999996 0.00000000099999999996 0.00000000099999999996 0.00000000099999999996 0.00000000099999999996 0.00000000099999999996 0.00000000099999999996 0.00000000099999999996 0.08253432891985724995 0.00000000099999999996 
0.00000000099999999991 0.00000000099999999991 0.00000000099999999991 0.00000000099999999991 0.00000000099999999991 0.99999998300000025875 0.00000000099999999991 0.00000000099999999991 0.00000000099999999991 0.00000000099999999991 0.00000000099999999991 0.00000000099999999991 0.00000000099999999991 0.00000000099999999991 0.00000000099999999991 0.00000000099999999991 0.00000000099999999991 0.00000000099999999991 
0.00000000099999999995 0.06442001927921031657 0.00000000099999999995 0.00000000099999999995 0.02550148826744439573 0.86261652132018884487 0.00000000099999999995 0.00000000099999999995 0.00000000099999999995 0.00000000099999999995 0.01924748889081416905 0.00000000099999999995 0.00000000099999999995 0.00000000099999999995 0.00000000099999999995 0.02821446924234236389 0.00000000099999999995 0.00000000099999999995 
0.00000000099999999990 0.00000000099999999990 0.00000000099999999990 0.00000000099999999990 0.00000000099999999990 0.99999998300000036977 0.00000000099999999990 0.00000000099999999990 0.00000000099999999990 0.00000000099999999990 0.00000000099999999990 0.00000000099999999990 0.00000000099999999990 0.00000000099999999990 0.00000000099999999990 0.00000000099999999990 0.00000000099999999990 0.00000000099999999990 
0.00000000099999999995 0.04465726197641198270 0.00000000099999999995 0.00000000099999999995 0.03710690553995786567 0.91018740786451279856 0.00000000099999999995 0.00000000099999999995 0.00000000099999999995 0.00000000099999999995 0.00804841061911770392 0.00000000099999999995 0.00000000099999999995 0.00000000099999999995 0.00000000099999999995 0.00000000099999999995 0.00000000099999999995 0.00000000099999999995 
0.00000000099999999985 0.00000000099999999985 0.00000000099999999985 0.00000000099999999985 0.00000000099999999985 0.99999998300000025875 0.00000000099999999985 0.00000000099999999985 0.00000000099999999985 0.00000000099999999985 0.00000000099999999985 0.00000000099999999985 0.00000000099999999985 0.00000000099999999985 0.00000000099999999985 0.00000000099999999985 0.00000000099999999985 0.00000000099999999985 
0.00000000099999999988 0.00000000099999999988 0.00000000099999999988 0.00000000099999999988 0.00000000099999999988 0.99999998300000025875 0.00000000099999999988 0.00000000099999999988 0.00000000099999999988 0.00000000099999999988 0.00000000099999999988 0.00000000099999999988 0.00000000099999999988 0.00000000099999999988 0.00000000099999999988 0.00000000099999999988 0.00000000099999999988 0.00000000099999999988 
0.00000000099999999994 0.00000000099999999994 0.00000000099999999994 0.00000000099999999994 0.00000000099999999994 0.99022335885079804108 0.00000000099999999994 0.00000000099999999994 0.00000000099999999994 0.00000000099999999994 0.00000000099999999994 0.00000000099999999994 0.00977662514920223970 0.00000000099999999994 0.00000000099999999994 0.00000000099999999994 0.00000000099999999994 0.00000000099999999994 
0.99999998300000048079 0.00000000099999999968 0.00000000099999999968 0.00000000099999999968 0.00000000099999999968 0.00000000099999999968 0.00000000099999999968 0.00000000099999999968 0.00000000099999999968 0.00000000099999999968 0.00000000099999999968 0.00000000099999999968 0.00000000099999999968 0.00000000099999999968 0.00000000099999999968 0.00000000099999999968 0.00000000099999999968 0.00000000099999999968 
0.99999998300000036977 0.00000000099999999979 0.00000000099999999979 0.00000000099999999979 0.00000000099999999979 0.00000000099999999979 0.00000000099999999979 0.00000000099999999979 0.00000000099999999979 0.00000000099999999979 0.00000000099999999979 0.00000000099999999979 0.00000000099999999979 0.00000000099999999979 0.00000000099999999979 0.00000000099999999979 0.00000000099999999979 0.00000000099999999979 
0.99999998300000048079 0.00000000099999999981 0.00000000099999999981 0.00000000099999999981 0.00000000099999999981 0.00000000099999999981 0.00000000099999999981 0.00000000099999999981 0.00000000099999999981 0.00000000099999999981 0.00000000099999999981 0.00000000099999999981 0.00000000099999999981 0.00000000099999999981 0.00000000099999999981 0.00000000099999999981 0.00000000099999999981 0.00000000099999999981 
0.99999998300000048079 0.00000000099999999984 0.00000000099999999984 0.00000000099999999984 0.00000000099999999984 0.00000000099999999984 0.00000000099999999984 0.00000000099999999984 0.00000000099999999984 0.00000000099999999984 0.00000000099999999984 0.00000000099999999984 0.00000000099999999984 0.00000000099999999984 0.00000000099999999984 0.00000000099999999984 0.00000000099999999984 0.00000000099999999984 
0.99999998300000048079 0.00000000099999999982 0.00000000099999999982 0.00000000099999999982 0.00000000099999999982 0.00000000099999999982 0.00000000099999999982 0.00000000099999999982 0.00000000099999999982 0.00000000099999999982 0.00000000099999999982 0.00000000099999999982 0.00000000099999999982 0.00000000099999999982 0.00000000099999999982 0.00000000099999999982 0.00000000099999999982 0.00000000099999999982 
0.99999998300000036977 0.00000000099999999979 0.00000000099999999979 0.00000000099999999979 0.00000000099999999979 0.00000000099999999979 0.00000000099999999979 0.00000000099999999979 0.00000000099999999979 0.00000000099999999979 0.00000000099999999979 0.00000000099999999979 0.00000000099999999979 0.00000000099999999979 0.00000000099999999979 0.00000000099999999979 0.00000000099999999979 0.00000000099999999979 
0.99999998300000036977 0.00000000099999999974 0.00000000099999999974 0.00000000099999999974 0.00000000099999999974 0.00000000099999999974 0.00000000099999999974 0.00000000099999999974 0.00000000099999999974 0.00000000099999999974 0.00000000099999999974 0.00000000099999999974 0.00000000099999999974 0.00000000099999999974 0.00000000099999999974 0.00000000099999999974 0.00000000099999999974 0.00000000099999999974 
0.99999998300000036977 0.00000000099999999990 0.00000000099999999990 0.00000000099999999990 0.00000000099999999990 0.00000000099999999990 0.00000000099999999990 0.00000000099999999990 0.00000000099999999990 0.00000000099999999990 0.00000000099999999990 0.00000000099999999990 0.00000000099999999990 0.00000000099999999990 0.00000000099999999990 0.00000000099999999990 0.00000000099999999990 0.00000000099999999990 
0.99999998300000048079 0.00000000099999999982 0.00000000099999999982 0.00000000099999999982 0.00000000099999999982 0.00000000099999999982 0.00000000099999999982 0.00000000099999999982 0.00000000099999999982 0.00000000099999999982 0.00000000099999999982 0.00000000099999999982 0.00000000099999999982 0.00000000099999999982 0.00000000099999999982 0.00000000099999999982 0.00000000099999999982 0.00000000099999999982 
0.99999998300000036977 0.00000000099999999971 0.00000000099999999971 0.00000000099999999971 0.00000000099999999971 0.00000000099999999971 0.00000000099999999971 0.00000000099999999971 0.00000000099999999971 0.00000000099999999971 0.00000000099999999971 0.00000000099999999971 0.00000000099999999971 0.00000000099999999971 0.00000000099999999971 0.00000000099999999971 0.00000000099999999971 0.00000000099999999971 
0.77015127031056052065 0.00000000099999999994 0.00000000099999999994 0.00000000099999999994 0.00809104802359484135 0.00000000099999999994 0.02129177309962512754 0.00000000099999999994 0.00000000099999999994 0.08353303675209854118 0.00000000099999999994 0.00000000099999999994 0.00000000099999999994 0.00000000099999999994 0.00000000099999999994 0.00000000099999999994 0.00000000099999999994 0.11693285881412134042 
0.98328285802415427153 0.00000000099999999987 0.00000000099999999987 0.00000000099999999987 0.00000000099999999987 0.00000000099999999987 0.00000000099999999987 0.00000000099999999987 0.00000000099999999987 0.01671712597584599710 0.00000000099999999987 0.00000000099999999987 0.00000000099999999987 0.00000000099999999987 0.00000000099999999987 0.00000000099999999987 0.00000000099999999987 0.00000000099999999987 
0.99999998300000048079 0.00000000099999999982 0.00000000099999999982 0.00000000099999999982 0.00000000099999999982 0.00000000099999999982 0.00000000099999999982 0.00000000099999999982 0.00000000099999999982 0.00000000099999999982 0.00000000099999999982 0.00000000099999999982 0.00000000099999999982 0.00000000099999999982 0.00000000099999999982 0.00000000099999999982 0.00000000099999999982 0.00000000099999999982 
0.84792267051868197569 0.00000000099999999995 0.00000000099999999995 0.00000000099999999995 0.00000000099999999995 0.00000000099999999995 0.00000000099999999995 0.04768988642557581148 0.00000000099999999995 0.08422483217201293115 0.02016259688372968109 0.00000000099999999995 0.00000000099999999995 0.00000000099999999995 0.00000000099999999995 0.00000000099999999995 0.00000000099999999995 0.00000000099999999995 
0.99999998300000048079 0.00000000099999999982 0.00000000099999999982 0.00000000099999999982 0.00000000099999999982 0.00000000099999999982 0.00000000099999999982 0.00000000099999999982 0.00000000099999999982 0.00000000099999999982 0.00000000099999999982 0.00000000099999999982 0.00000000099999999982 0.00000000099999999982 0.00000000099999999982 0.00000000099999999982 0.00000000099999999982 0.00000000099999999982 
0.99999998300000036977 0.00000000099999999981 0.00000000099999999981 0.00000000099999999981 0.00000000099999999981 0.00000000099999999981 0.00000000099999999981 0.00000000099999999981 0.00000000099999999981 0.00000000099999999981 0.00000000099999999981 0.00000000099999999981 0.00000000099999999981 0.00000000099999999981 0.00000000099999999981 0.00000000099999999981 0.00000000099999999981 0.00000000099999999981 
0.00000000099999999993 0.00000000099999999993 0.01378024434557816209 0.00000000099999999993 0.00000000099999999993 0.00000000099999999993 0.00000000099999999993 0.01712342303087237630 0.00000000099999999993 0.04950452120194621941 0.00000000099999999993 0.91959179742160335191 0.00000000099999999993 0.00000000099999999993 0.00000000099999999993 0.00000000099999999993 0.00000000099999999993 0.00000000099999999993 
0.00000000099999999973 0.00000000099999999973 0.00000000099999999973 0.00000000099999999973 0.00000000099999999973 0.00000000099999999973 0.00000000099999999973 0.00000000099999999973 0.00000000099999999973 0.00000000099999999973 0.00000000099999999973 0.99999998300000003670 0.00000000099999999973 0.00000000099999999973 0.00000000099999999973 0.00000000099999999973 0.00000000099999999973 0.00000000099999999973 
0.00000000099999999990 0.00000000099999999990 0.01709959213923178262 0.00000000099999999990 0.00000000099999999990 0.00000000099999999990 0.00000000099999999990 0.00000000099999999990 0.00000000099999999990 0.00000000099999999990 0.00000000099999999990 0.98290039186076838540 0.00000000099999999990 0.00000000099999999990 0.00000000099999999990 0.00000000099999999990 0.00000000099999999990 0.00000000099999999990 
0.00000000099999999994 0.00000000099999999994 0.00000000099999999994 0.00000000099999999994 0.00124451214047091390 0.00000000099999999994 0.00000000099999999994 0.00000000099999999994 0.00000000099999999994 0.05123634710395886388 0.00000000099999999994 0.94751912575557029061 0.00000000099999999994 0.00000000099999999994 0.00000000099999999994 0.00000000099999999994 0.00000000099999999994 0.00000000099999999994 
0.00000000099999999989 0.00000000099999999989 0.00000000099999999989 0.00000000099999999989 0.03657780645718132495 0.00000000099999999989 0.00000000099999999989 0.00000000099999999989 0.00000000099999999989 0.00000000099999999989 0.00000000099999999989 0.96342217754281889164 0.00000000099999999989 0.00000000099999999989 0.00000000099999999989 0.00000000099999999989 0.00000000099999999989 0.00000000099999999989 
0.00000000099999999992 0.00000000099999999992 0.00000000099999999992 0.00000000099999999992 0.00000000099999999992 0.00000000099999999992 0.00000000099999999992 0.00000000099999999992 0.00000000099999999992 0.00000000099999999992 0.00000000099999999992 0.99999998300000014773 0.00000000099999999992 0.00000000099999999992 0.00000000099999999992 0.00000000099999999992 0.00000000099999999992 0.00000000099999999992 
0.00000000099999999973 0.00000000099999999973 0.00000000099999999973 0.00000000099999999973 0.00000000099999999973 0.00000000099999999973 0.00000000099999999973 0.00000000099999999973 0.00000000099999999973 0.00000000099999999973 0.00000000099999999973 0.99999998300000003670 0.00000000099999999973 0.00000000099999999973 0.00000000099999999973 0.00000000099999999973 0.00000000099999999973 0.00000000099999999973 
0.00000000099999999995 0.00000000099999999995 0.00000000099999999995 0.00000000099999999995 0.00105510287403416756 0.00000000099999999995 0.00000000099999999995 0.11554921411854625346 0.00000000099999999995 0.00000000099999999995 0.00000000099999999995 0.88339566800741964325 0.00000000099999999995 0.00000000099999999995 0.00000000099999999995 0.00000000099999999995 0.00000000099999999995 0.00000000099999999995 
0.00000000099999999993 0.00000000099999999993 0.06875912863186596502 0.00000000099999999993 0.00000000099999999993 0.00000000099999999993 0.00000000099999999993 0.04625685898638413202 0.00000000099999999993 0.24757686005209761371 0.00000000099999999993 0.59098416630425409934 0.00000000099999999993 0.00000000099999999993 0.00000000099999999993 0.00000000099999999993 0.00000000099999999993 0.04642297302539830084 
0.00000000099999999993 0.00000000099999999993 0.00000000099999999993 0.00000000099999999993 0.00000000099999999993 0.00000000099999999993 0.00000000099999999993 0.00000011370395785451 0.00000000099999999993 0.00000000099999999993 0.00000000099999999993 0.99999987029604220368 0.00000000099999999993 0.00000000099999999993 0.00000000099999999993 0.00000000099999999993 0.00000000099999999993 0.00000000099999999993 
0.00000000099999999979 0.00000000099999999979 0.00000000099999999979 0.00000000099999999979 0.00000000099999999979 0.00000000099999999979 0.00000000099999999979 0.04237127134825401792 0.00000000099999999979 0.95762871265174609459 0.00000000099999999979 0.00000000099999999979 0.00000000099999999979 0.00000000099999999979 0.00000000099999999979 0.00000000099999999979 0.00000000099999999979 0.00000000099999999979 
0.00079587560659046875 0.00000000099999999996 0.03108927307016609229 0.00000000099999999996 0.00016082242369606334 0.00000000099999999996 0.00000000099999999996 0.06925527459570425537 0.00000000099999999996 0.02607414121354108966 0.00000000099999999996 0.81815007667976724637 0.00000000099999999996 0.00000000099999999996 0.00000000099999999996 0.00000000099999999996 0.02165749540932409775 0.03281703100121080574 
0.00000000099999999987 0.00000000099999999987 0.00000000099999999987 0.00000000099999999987 0.00000000099999999987 0.00000000099999999987 0.00000000099999999987 0.00000000099999999987 0.00000000099999999987 0.00000000099999999987 0.00000000099999999987 0.99999998300000003670 0.00000000099999999987 0.00000000099999999987 0.00000000099999999987 0.00000000099999999987 0.00000000099999999987 0.00000000099999999987 
0.00000000099999999991 0.00000000099999999991 0.00000000099999999991 0.00000000099999999991 0.00000000099999999991 0.00000000099999999991 0.00000000099999999991 0.00000000099999999991 0.00000000099999999991 0.00000000099999999991 0.00000000099999999991 0.99999998300000003670 0.00000000099999999991 0.00000000099999999991 0.00000000099999999991 0.00000000099999999991 0.00000000099999999991 0.00000000099999999991 
0.00000000099999999991 0.00000000099999999991 0.00000000099999999991 0.00000000099999999991 0.00000000099999999991 0.00000000099999999991 0.00000000099999999991 0.00000000099999999991 0.00000000099999999991 0.00000000099999999991 0.00000000099999999991 0.99999998300000003670 0.00000000099999999991 0.00000000099999999991 0.00000000099999999991 0.00000000099999999991 0.00000000099999999991 0.00000000099999999991 
0.00000000099999999991 0.00000000099999999991 0.00000000099999999991 0.00000000099999999991 0.00000000099999999991 0.00000000099999999991 0.00000000099999999991 0.00000000099999999991 0.00000000099999999991 0.00000000099999999991 0.00000000099999999991 0.99999998300000014773 0.00000000099999999991 0.00000000099999999991 0.00000000099999999991 0.00000000099999999991 0.00000000099999999991 0.00000000099999999991 
0.00000000099999999992 0.00000000099999999992 0.00000000099999999992 0.00000000099999999992 0.00105212014373838960 0.00000000099999999992 0.00000000099999999992 0.00837357526894971435 0.00000000099999999992 0.03396296210225625140 0.00000000099999999992 0.95661132848505581183 0.00000000099999999992 0.00000000099999999992 0.00000000099999999992 0.00000000099999999992 0.00000000099999999992 0.00000000099999999992 
0.00000000099999999997 0.00000000099999999997 0.02814500583097399519 0.00000000099999999997 0.00000000099999999997 0.01814443061097466628 0.00000000099999999997 0.11720491520055112411 0.00000000099999999997 0.68110566437769570758 0.00000000099999999997 0.00015508072367256852 0.00090513533942291518 0.00257208257446524041 0.00000000099999999997 0.08662873625312565717 0.01166365875217080170 0.05347528233694730931 
0.00000000099999999991 0.00000000099999999991 0.00000000099999999991 0.00000000099999999991 0.08548019766374782835 0.00000000099999999991 0.00000000099999999991 0.00000000099999999991 0.91451978633625241599 0.00000000099999999991 0.00000000099999999991 0.00000000099999999991 0.00000000099999999991 0.00000000099999999991 0.00000000099999999991 0.00000000099999999991 0.00000000099999999991 0.00000000099999999991 
0.00000000099999999958 0.00000000099999999958 0.00000000099999999958 0.00000000099999999958 0.00000000099999999958 0.00000000099999999958 0.00000000099999999958 0.00000000099999999958 0.99999998300000025875 0.00000000099999999958 0.00000000099999999958 0.00000000099999999958 0.00000000099999999958 0.00000000099999999958 0.00000000099999999958 0.00000000099999999958 0.00000000099999999958 0.00000000099999999958 
0.00000000099999999945 0.00000000099999999945 0.00000000099999999945 0.00000000099999999945 0.00000000099999999945 0.00000000099999999945 0.00000000099999999945 0.00000000099999999945 0.99999998300000025875 0.00000000099999999945 0.00000000099999999945 0.00000000099999999945 0.00000000099999999945 0.00000000099999999945 0.00000000099999999945 0.00000000099999999945 0.00000000099999999945 0.00000000099999999945 
0.00000000099999999963 0.00000000099999999963 0.00000000099999999963 0.00000000099999999963 0.00000000099999999963 0.00000000099999999963 0.00000000099999999963 0.00000000099999999963 0.99999998300000025875 0.00000000099999999963 0.00000000099999999963 0.00000000099999999963 0.00000000099999999963 0.00000000099999999963 0.00000000099999999963 0.00000000099999999963 0.00000000099999999963 0.00000000099999999963 
0.00000000099999999971 0.00000000099999999971 0.00000000099999999971 0.00000000099999999971 0.00000000099999999971 0.00000000099999999971 0.00000000099999999971 0.00000000099999999971 0.99999998300000025875 0.00000000099999999971 0.00000000099999999971 0.00000000099999999971 0.00000000099999999971 0.00000000099999999971 0.00000000099999999971 0.00000000099999999971 0.00000000099999999971 0.00000000099999999971 
0.00000000099999999971 0.00000000099999999971 0.00000000099999999971 0.00000000099999999971 0.00000000099999999971 0.00000000099999999971 0.00000000099999999971 0.00000000099999999971 0.99999998300000014773 0.00000000099999999971 0.00000000099999999971 0.00000000099999999971 0.00000000099999999971 0.00000000099999999971 0.00000000099999999971 0.00000000099999999971 0.00000000099999999971 0.00000000099999999971 
0.00000000099999999987 0.00000000099999999987 0.00000000099999999987 0.00000000099999999987 0.00848309013854915174 0.00000000099999999987 0.00000000099999999987 0.00000000099999999987 0.99151689386145092087 0.00000000099999999987 0.00000000099999999987 0.00000000099999999987 0.00000000099999999987 0.00000000099999999987 0.00000000099999999987 0.00000000099999999987 0.00000000099999999987 0.00000000099999999987 
0.00000000099999999989 0.00000000099999999989 0.00000000099999999989 0.00000000099999999989 0.07701065677291429878 0.00000000099999999989 0.00000000099999999989 0.00000000099999999989 0.92298932722708593168 0.00000000099999999989 0.00000000099999999989 0.00000000099999999989 0.00000000099999999989 0.00000000099999999989 0.00000000099999999989 0.00000000099999999989 0.00000000099999999989 0.00000000099999999989 
0.00000000099999999976 0.00000000099999999976 0.00000000099999999976 0.00000000099999999976 0.00000000099999999976 0.00000000099999999976 0.00000000099999999976 0.00000000099999999976 0.99999998300000014773 0.00000000099999999976 0.00000000099999999976 0.00000000099999999976 0.00000000099999999976 0.00000000099999999976 0.00000000099999999976 0.00000000099999999976 0.00000000099999999976 0.00000000099999999976 
0.00000000099999999980 0.00000000099999999980 0.00000000099999999980 0.00000000099999999980 0.00000000099999999980 0.00000000099999999980 0.00000000099999999980 0.00000000099999999980 0.99999998300000025875 0.00000000099999999980 0.00000000099999999980 0.00000000099999999980 0.00000000099999999980 0.00000000099999999980 0.00000000099999999980 0.00000000099999999980 0.00000000099999999980 0.00000000099999999980 
0.00000000099999999993 0.00000000099999999993 0.00000000099999999993 0.00000000099999999993 0.00000000099999999993 0.00000000099999999993 0.00000000099999999993 0.00000000099999999993 0.00000000099999999993 0.39689461727457436835 0.00000000099999999993 0.59096244616394888460 0.00000000099999999993 0.00000000099999999993 0.00000000099999999993 0.01214292156147688331 0.00000000099999999993 0.00000000099999999993 
0.00000000099999999992 0.00000000099999999992 0.00000000099999999992 0.00000000099999999992 0.00105423493725570233 0.00000000099999999992 0.00547076774536623886 0.06263976470353666004 0.00000000099999999992 0.51943453264664740665 0.00000000099999999992 0.39868070197741556360 0.00000000099999999992 0.00000000099999999992 0.01271998598977846368 0.00000000099999999992 0.00000000099999999992 0.00000000099999999992 
0.00000000099999999988 0.00000000099999999988 0.00000000099999999988 0.00000000099999999988 0.00000000099999999988 0.00000000099999999988 0.00000000099999999988 0.00000000099999999988 0.00000000099999999988 0.49066320584791900394 0.00000000099999999988 0.50933677815208122652 0.00000000099999999988 0.00000000099999999988 0.00000000099999999988 0.00000000099999999988 0.00000000099999999988 0.00000000099999999988 
0.00000000099999999989 0.00000000099999999989 0.00000000099999999989 0.00000000099999999989 0.00000000099999999989 0.00000000099999999989 0.00000000099999999989 0.00000000099999999989 0.00000000099999999989 0.47501245067248187848 0.00000000099999999989 0.52498753332751824097 0.00000000099999999989 0.00000000099999999989 0.00000000099999999989 0.00000000099999999989 0.00000000099999999989 0.00000000099999999989 
0.00000000099999999994 0.00000000099999999994 0.00000000099999999994 0.00000000099999999994 0.00946902682690927387 0.00000000099999999994 0.00694238645604971019 0.00000000099999999994 0.00000000099999999994 0.54004377350452059670 0.00000000099999999994 0.39835459002898754299 0.04519020604698578691 0.00000000099999999994 0.00000000513654709134 0.00000000099999999994 0.00000000099999999994 0.00000000099999999994 
0.00000000099999999994 0.00000000099999999994 0.00000000099999999994 0.00000000099999999994 0.00000000099999999994 0.00000000099999999994 0.00590666155259198227 0.04458042250969569686 0.00000000099999999994 0.47581300163050443963 0.00000000099999999994 0.44797534503267955053 0.00000000099999999994 0.00000000099999999994 0.02157239616593244896 0.00000000099999999994 0.00415216110859593576 0.00000000099999999994 
0.00000000099999999988 0.00000000099999999988 0.00000000099999999988 0.00000000099999999988 0.00000000099999999988 0.00000000099999999988 0.00000000099999999988 0.00000000099999999988 0.00000000099999999988 0.47172459012554424085 0.00000000099999999988 0.52827539387445587860 0.00000000099999999988 0.00000000099999999988 0.00000000099999999988 0.00000000099999999988 0.00000000099999999988 0.00000000099999999988 
0.00000000099999999994 0.00000000099999999994 0.00000000099999999994 0.00000000099999999994 0.01610384596143086405 0.00000000099999999994 0.00000000099999999994 0.02873937328277650569 0.00000000099999999994 0.41802180886730816445 0.00000000099999999994 0.52987139319436971086 0.00000000099999999994 0.00000000099999999994 0.00726356569411493874 0.00000000099999999994 0.00000000099999999994 0.00000000099999999994 
0.00000000099999999990 0.00000000099999999990 0.00000000099999999990 0.00000000099999999990 0.00158252145903397352 0.00000000099999999990 0.00000000099999999990 0.00000000099999999990 0.00000000099999999990 0.77382031188201927385 0.00000000099999999990 0.22459715165894697519 0.00000000099999999990 0.00000000099999999990 0.00000000099999999990 0.00000000099999999990 0.00000000099999999990 0.00000000099999999990 
0.00000000099999999992 0.00000000099999999992 0.00000000099999999992 0.00000000099999999992 0.00682439891618741475 0.00000000099999999992 0.00000000099999999992 0.00000000099999999992 0.00000000099999999992 0.55357629593137369639 0.00000000099999999992 0.43959929015243892625 0.00000000099999999992 0.00000000099999999992 0.00000000099999999992 0.00000000099999999992 0.00000000099999999992 0.00000000099999999992 
0.03455908481445379293 0.00000000099999999997 0.11543399368945662931 0.00000000099999999997 0.03106273201336065895 0.65131054514023056790 0.04652381764349403093 0.00000000099999999997 0.00000000099999999997 0.05932262103620882659 0.00318766119785129790 0.00000000099999999997 0.00965728365284516249 0.02506056856443553138 0.01263090690450346075 0.01125077834316027051 0.00000000099999999997 0.00000000099999999997 
0.06455279582102031732 0.00000000099999999994 0.00000000099999999994 0.00000000099999999994 0.00000000099999999994 0.83112778432888556601 0.00000000099999999994 0.00000000099999999994 0.00000000099999999994 0.00000000099999999994 0.00000000099999999994 0.10431940485009434660 0.00000000099999999994 0.00000000099999999994 0.00000000099999999994 0.00000000099999999994 0.00000000099999999994 0.00000000099999999994 
0.08004741854292184156 0.00000000099999999998 0.15206954283463053335 0.00000000099999999998 0.03871729228239728648 0.40184783039544325067 0.02383449942059675045 0.01167540480300191703 0.00000000099999999998 0.02793325306147220743 0.03311651664891795271 0.02144008526078374638 0.00000000099999999998 0.06088794079774103446 0.00000000297611344757 0.00000000099999999998 0.00000000099999999998 0.14843020697598000024 
0.06506971058344385161 0.00000000099999999998 0.10894805345828482979 0.01663645134520090954 0.00000000099999999998 0.66969314462031614976 0.02117425307517805527 0.00000000099999999998 0.00000000099999999998 0.00122131593155942676 0.00000000099999999998 0.00000000099999999998 0.00000000099999999998 0.00000000099999999998 0.00000000099999999998 0.06773929224520783277 0.03122689129429727026 0.01829087844651198710 
0.00000000099999999996 0.00000000099999999996 0.04714793968303384458 0.00000000099999999996 0.04146959003074598277 0.00000000099999999996 0.32894402552601037515 0.07673565179362555611 0.00000000099999999996 0.18071841611911523828 0.00000000099999999996 0.23042489976082136671 0.00000000099999999996 0.02205767266205113653 0.00000000099999999996 0.00451351212706103174 0.00000000099999999996 0.06798828329753552058 
0.00000000099999999997 0.00000000099999999997 0.06933238389721926853 0.00000000099999999997 0.00000000099999999997 0.00000000099999999997 0.28667779546297961213 0.10033933996457586324 0.00000000099999999997 0.24007018931057788613 0.00000000099999999997 0.24738835810582548991 0.00000000099999999997 0.00248761331888929958 0.00000000099999999997 0.01533664534901326218 0.00023458180818219723 0.03813308378273703309 
0.04407024900197731992 0.00000000099999999995 0.07677367930142972585 0.00000000099999999995 0.00000000099999999995 0.00000000099999999995 0.24980945881487481852 0.12478154823978981902 0.00000000099999999995 0.28098889800300874686 0.00000000099999999995 0.16229130122281923421 0.00000000099999999995 0.00000000099999999995 0.00000000099999999995 0.01492248450665291902 0.00000000099999999995 0.04636237090944743400 
0.00000000099999999997 0.00000000099999999997 0.05664377953495181028 0.00000000099999999997 0.00000000099999999997 0.00000000099999999997 0.27147188980376429912 0.03005798331856674582 0.00000000099999999997 0.31476314221064183307 0.00062942610610481568 0.11329273999127402461 0.01037121378806119855 0.02393687761878139988 0.00000000099999999997 0.05105374915250301959 0.00731823462723798883 0.12046095684811272686 
0.00000000099999999995 0.00000000099999999995 0.06111038430126739668 0.00000000099999999995 0.00592730176235116164 0.00000000099999999995 0.35985006095518412561 0.06959753590710189564 0.00000000099999999995 0.28536462356816766350 0.00000000099999999995 0.09501101368515081635 0.00000916330652468439 0.00000000099999999995 0.00000000099999999995 0.04544861779839284160 0.00000000099999999995 0.07768128971585960829 
0.05528755729797227986 0.00000000099999999997 0.00000011625066782679 0.00000000099999999997 0.00000000099999999997 0.00000000099999999997 0.23657593152499309386 0.08766630494729782397 0.00000000099999999997 0.24863233427783493212 0.00000000099999999997 0.19286875772426495534 0.00000000099999999997 0.04626915272580330030 0.00000000099999999997 0.03992836545333400960 0.00000000099999999997 0.09277147079783186479 
0.00000000099999999970 0.00000000099999999970 0.00000000099999999970 0.00000000099999999970 0.00000000099999999970 0.00000000099999999970 0.00000000099999999970 0.00000000099999999970 0.00000000099999999970 0.00000000099999999970 0.00000000099999999970 0.00000000099999999970 0.00000000099999999970 0.00000000099999999970 0.00000000099999999970 0.99999998299999992568 0.00000000099999999970 0.00000000099999999970 
0.07263710737968515074 0.00000000099999999997 0.12408322563935077210 0.00000000099999999997 0.00509657149379936624 0.00000000099999999997 0.00000000099999999997 0.00647771794931453152 0.00000000099999999997 0.26611892767745104482 0.03740951312375070253 0.13079175804844433983 0.00000000099999999997 0.00000000099999999997 0.00000000099999999997 0.00000000099999999997 0.00000000099999999997 0.35738516868820419115 
0.03238472253765849185 0.00000000099999999997 0.14345861264493955933 0.00000000099999999997 0.00000000099999999997 0.12090297609577803362 0.00000000099999999997 0.05896444123969865614 0.00000000099999999997 0.15612446266947690998 0.00000000099999999997 0.12755686378017008775 0.02627230490850156891 0.00000000099999999997 0.00000000099999999997 0.00000000099999999997 0.00000000099999999997 0.33433560612377666299 
0.08280957172677115563 0.00000000099999999997 0.11570601889822197672 0.00000000099999999997 0.00000000099999999997 0.00000000099999999997 0.00000000099999999997 0.11071461843517782508 0.00000000099999999997 0.18830756036893392391 0.01319387622754958876 0.05250381693580785658 0.00000000099999999997 0.01725479148330420417 0.00000000099999999997 0.02095939526985204915 0.01890185131714289257 0.37964849133723854724 
0.18206803589910947050 0.00000000099999999997 0.10051682207218128051 0.00315473293439482317 0.00000000099999999997 0.00000000099999999997 0.00000000099999999997 0.13959625799847635852 0.00000000099999999997 0.16007538509075328048 0.00000000099999999997 0.06989611256984117060 0.01404901917564908842 0.00000000099999999997 0.03811555482748570090 0.04584228080672174410 0.02179415227239442712 0.22489163935299258390 
0.13098362443417399525 0.00000000099999999997 0.16368568417047060781 0.00828265348054025956 0.00386556179563508602 0.11147182795422447277 0.07951323431511268802 0.02626698596165905411 0.00000000099999999997 0.07240993130695395907 0.00000000099999999997 0.06834975567000126095 0.01040927054460719266 0.00000000099999999997 0.00000000099999999997 0.01651806326030856240 0.00000000099999999997 0.30824340110631293088 
0.10984683211145764015 0.00000000099999999998 0.04116543826664775113 0.00404672926104291536 0.00000000099999999998 0.00000000099999999998 0.06658920460583137024 0.09594887591183823283 0.00000000099999999998 0.10458792779320093269 0.00000000099999999998 0.09162287644233536865 0.00000000099999999998 0.00000000099999999998 0.00362021633600334959 0.01375893775251785592 0.00000000099999999998 0.46881295351912477543 
0.11016029309358048305 0.00000000099999999997 0.10802686228113322908 0.02145957689965017831 0.00000000099999999997 0.02373370601116457645 0.07513364409052739057 0.04968289167938699097 0.00000000099999999997 0.13306454334266654138 0.00000000099999999997 0.10831487360305137868 0.00000003674597977921 0.00000000099999999997 0.00000000099999999997 0.00032776713846933622 0.00000000099999999997 0.37009579811439019537 
0.06198737590724096025 0.00000000099999999998 0.09015184406721371557 0.00000000099999999998 0.00157742074127443068 0.07208208945322033823 0.08862318854114566158 0.04501320952840051626 0.00000000099999999998 0.10988505436846326968 0.00000000099999999998 0.06394424182167220139 0.03135453916328601737 0.04536312390019821283 0.00000000099999999998 0.01922406545303682532 0.00000000099999999998 0.37079384105484780587 
0.06273016356301232277 0.00000000099999999998 0.06347817613699495432 0.00000000099999999998 0.00000000099999999998 0.04562964041300165280 0.00000645788290163330 0.09732440169244202521 0.00000000099999999998 0.14238739989405360675 0.00000000099999999998 0.14739458069596828027 0.00943050606673145886 0.05340529765686252706 0.00153563850425299762 0.00000000099999999998 0.00000000099999999998 0.37667773049377867300 
0.08280859850140982747 0.00000000099999999997 0.12145318228370505231 0.00284349716453341115 0.00000000099999999997 0.00000000099999999997 0.03860317985537096985 0.00000000099999999997 0.00000000099999999997 0.20976309393461128883 0.00000000099999999997 0.10950427316344614470 0.00000000099999999997 0.00000000099999999997 0.00000000099999999997 0.00000000099999999997 0.00000000099999999997 0.43502416409692357124 
0.07803712712628448067 0.00000000099999999998 0.12457451233764904597 0.01313245791184879455 0.00000000099999999998 0.05154115271865154085 0.05223572321452431277 0.12139780608000702578 0.00000000099999999998 0.07964928333150569917 0.01265493157811878842 0.13244642022535485504 0.04369762633920212108 0.00932057304119300600 0.00866227461769444700 0.00000000099999999998 0.00000000099999999998 0.27265010647796594778 
0.10714212781676293873 0.00000000099999999998 0.08018726449811264256 0.00401639415862143495 0.02498619737885764136 0.01974003079646602724 0.03379456607387866518 0.09265937067398376248 0.00000000099999999998 0.14418587002413482678 0.00000000099999999998 0.06045996983130801083 0.03323149371029639892 0.00000000099999999998 0.00000000099999999998 0.03400553259082428337 0.00000000099999999998 0.36559117644675354075 
0.06558832410991961848 0.00000000099999999997 0.06466466609968321566 0.00000000099999999997 0.03714354328308497322 0.00000000099999999997 0.01335080203125886718 0.09581921547362590164 0.00000000099999999997 0.20439247524717540916 0.00000000099999999997 0.05809499681304039487 0.01114276625301556349 0.02822946869469641559 0.00000000099999999997 0.02115069974924495624 0.00000000099999999997 0.40042303524525474367 
0.30072945063303058166 0.00000000099999999995 0.14163014533531478878 0.00000000099999999995 0.00000000099999999995 0.13654883504485215706 0.09207466428420051086 0.00000000099999999995 0.00000000099999999995 0.00000000099999999995 0.00000000099999999995 0.00000000099999999995 0.00000000099999999995 0.01697739318008133907 0.00000000099999999995 0.03836694875979113073 0.00000000099999999995 0.27367255176272964334 
0.08474758420466800557 0.00000000099999999998 0.04629077272712618651 0.00000000099999999998 0.00297616781839574055 0.04956792784497595500 0.04533935951768665318 0.07480311088538292574 0.00000000099999999998 0.30249671637723818396 0.00000000099999999998 0.05343783446186230190 0.00626121897149766512 0.03300826393589866015 0.00000000099999999998 0.02614315538943372264 0.00000000099999999998 0.27492788186583405619 
0.00000000099999999992 0.00000000099999999992 0.00000000099999999992 0.00000000099999999992 0.30944392814711446649 0.00000000099999999992 0.04308291557928561888 0.05409324236861942636 0.00000000099999999992 0.52848346311254656982 0.04564985655060121994 0.00000000099999999992 0.00167731787802012210 0.00000000099999999992 0.01756926536381270970 0.00000000099999999992 0.00000000099999999992 0.00000000099999999992 
0.00000000099999999956 0.00000000099999999956 0.00000000099999999956 0.00000000099999999956 0.99999998300000025875 0.00000000099999999956 0.00000000099999999956 0.00000000099999999956 0.00000000099999999956 0.00000000099999999956 0.00000000099999999956 0.00000000099999999956 0.00000000099999999956 0.00000000099999999956 0.00000000099999999956 0.00000000099999999956 0.00000000099999999956 0.00000000099999999956 
0.00000000099999999949 0.00000000099999999949 0.00000000099999999949 0.00000000099999999949 0.99999998300000025875 0.00000000099999999949 0.00000000099999999949 0.00000000099999999949 0.00000000099999999949 0.00000000099999999949 0.00000000099999999949 0.00000000099999999949 0.00000000099999999949 0.00000000099999999949 0.00000000099999999949 0.00000000099999999949 0.00000000099999999949 0.00000000099999999949 
