0.00000000099999999994 0.00000000099999999994 0.00000000099999999994 0.00000000099999999994 0.00000000099999999994 0.00000000099999999994 0.00000000099999999994 0.00000000099999999994 0.00000000099999999994 0.00000000099999999994 0.00000000099999999994 0.99999998499999998014 0.00000000099999999994 0.00000000099999999994 0.00000000099999999994 0.00000000099999999994 
0.00000000099999999986 0.00000000099999999986 0.00000000099999999986 0.00000000099999999986 0.00000000099999999986 0.00000000099999999986 0.00000000099999999986 0.00000000099999999986 0.00000000099999999986 0.00000000099999999986 0.00000000099999999986 0.99999998500000009116 0.00000000099999999986 0.00000000099999999986 0.00000000099999999986 0.00000000099999999986 
0.00000000099999999992 0.00000000099999999992 0.00000000099999999992 0.00000000099999999992 0.00000000099999999992 0.00000000099999999992 0.00000000099999999992 0.00000000099999999992 0.00000000099999999992 0.00000000099999999992 0.00000000099999999992 0.99999998499999998014 0.00000000099999999992 0.00000000099999999992 0.00000000099999999992 0.00000000099999999992 
0.00000000099999999985 0.00000000099999999985 0.00000000099999999985 0.00000000099999999985 0.00000000099999999985 0.00000000099999999985 0.00000000099999999985 0.00000000099999999985 0.00000000099999999985 0.00000000099999999985 0.00000000099999999985 0.99999998500000009116 0.00000000099999999985 0.00000000099999999985 0.00000000099999999985 0.00000000099999999985 
0.00000000099999999991 0.00000000099999999991 0.00000000099999999991 0.00000000099999999991 0.00000000099999999991 0.00000000099999999991 0.00000000099999999991 0.00000000099999999991 0.00000000099999999991 0.00000000099999999991 0.00000000099999999991 0.99999998499999998014 0.00000000099999999991 0.00000000099999999991 0.00000000099999999991 0.00000000099999999991 
0.00000000099999999997 0.00000000099999999997 0.00000000099999999997 0.00000000099999999997 0.00000000099999999997 0.00000000099999999997 0.00000000099999999997 0.00000000099999999997 0.00000000099999999997 0.00001269158811696358 0.00000000099999999997 0.95504319052340835849 0.04494410488847478541 0.00000000099999999997 0.00000000099999999997 0.00000000099999999997 
0.00000000099999999993 0.00000000099999999993 0.00000000099999999993 0.00000000099999999993 0.00000000099999999993 0.00000000099999999993 0.00000000099999999993 0.00000000099999999993 0.00000000099999999993 0.00000000099999999993 0.00000000099999999993 0.99999998500000009116 0.00000000099999999993 0.00000000099999999993 0.00000000099999999993 0.00000000099999999993 
0.00000000099999999997 0.00000000099999999997 0.00000000099999999997 0.00000000099999999997 0.06759265070485664939 0.00000000099999999997 0.00000000099999999997 0.00000000099999999997 0.02859140990542035493 0.00000000099999999997 0.04079912367344707552 0.84331238858679524739 0.01970441612948066468 0.00000000099999999997 0.00000000099999999997 0.00000000099999999997 
0.00000000099999999991 0.00000000099999999991 0.00000000099999999991 0.00000000099999999991 0.00000000099999999991 0.00000000099999999991 0.00000000099999999991 0.00000000099999999991 0.00000000099999999991 0.00000000099999999991 0.00000000099999999991 0.99999998499999998014 0.00000000099999999991 0.00000000099999999991 0.00000000099999999991 0.00000000099999999991 
0.00000000099999999996 0.00000000099999999996 0.00000000099999999996 0.00000000099999999996 0.05353561127989678314 0.00000000099999999996 0.00000000099999999996 0.00000000099999999996 0.02534238511895844231 0.00000000099999999996 0.00000000099999999996 0.88726990437801145362 0.03385208722313333418 0.00000000099999999996 0.00000000099999999996 0.00000000099999999996 
0.00000000099999999988 0.00000000099999999988 0.00000000099999999988 0.00000000099999999988 0.00000000099999999988 0.00000000099999999988 0.00000000099999999988 0.00000000099999999988 0.00000000099999999988 0.00000000099999999988 0.00000000099999999988 0.99999998499999998014 0.00000000099999999988 0.00000000099999999988 0.00000000099999999988 0.00000000099999999988 
0.00000000099999999990 0.00000000099999999990 0.00000000099999999990 0.00000000099999999990 0.00000000099999999990 0.00000000099999999990 0.00000000099999999990 0.00000000099999999990 0.00000000099999999990 0.00000000099999999990 0.00000000099999999990 0.99999998499999998014 0.00000000099999999990 0.00000000099999999990 0.00000000099999999990 0.00000000099999999990 
0.00000000099999999994 0.00000000099999999994 0.00000000099999999994 0.00000000099999999994 0.00000000099999999994 0.00000000099999999994 0.00000000099999999994 0.00000000099999999994 0.00408957980726779979 0.00000000099999999994 0.00000000099999999994 0.98301205007225023191 0.00000000099999999994 0.00000000099999999994 0.01289835712048198121 0.00000000099999999994 
0.00000000099999999971 0.00000000099999999971 0.00000000099999999971 0.99999998500000031321 0.00000000099999999971 0.00000000099999999971 0.00000000099999999971 0.00000000099999999971 0.00000000099999999971 0.00000000099999999971 0.00000000099999999971 0.00000000099999999971 0.00000000099999999971 0.00000000099999999971 0.00000000099999999971 0.00000000099999999971 
0.00000000099999999981 0.00000000099999999981 0.00000000099999999981 0.99999998500000020218 0.00000000099999999981 0.00000000099999999981 0.00000000099999999981 0.00000000099999999981 0.00000000099999999981 0.00000000099999999981 0.00000000099999999981 0.00000000099999999981 0.00000000099999999981 0.00000000099999999981 0.00000000099999999981 0.00000000099999999981 
0.00000000099999999983 0.00000000099999999983 0.00000000099999999983 0.99999998500000020218 0.00000000099999999983 0.00000000099999999983 0.00000000099999999983 0.00000000099999999983 0.00000000099999999983 0.00000000099999999983 0.00000000099999999983 0.00000000099999999983 0.00000000099999999983 0.00000000099999999983 0.00000000099999999983 0.00000000099999999983 
0.00000000099999999986 0.00000000099999999986 0.00000000099999999986 0.99999998500000031321 0.00000000099999999986 0.00000000099999999986 0.00000000099999999986 0.00000000099999999986 0.00000000099999999986 0.00000000099999999986 0.00000000099999999986 0.00000000099999999986 0.00000000099999999986 0.00000000099999999986 0.00000000099999999986 0.00000000099999999986 
0.00000000099999999984 0.00000000099999999984 0.00000000099999999984 0.99999998500000020218 0.00000000099999999984 0.00000000099999999984 0.00000000099999999984 0.00000000099999999984 0.00000000099999999984 0.00000000099999999984 0.00000000099999999984 0.00000000099999999984 0.00000000099999999984 0.00000000099999999984 0.00000000099999999984 0.00000000099999999984 
0.00000000099999999981 0.00000000099999999981 0.00000000099999999981 0.99999998500000020218 0.00000000099999999981 0.00000000099999999981 0.00000000099999999981 0.00000000099999999981 0.00000000099999999981 0.00000000099999999981 0.00000000099999999981 0.00000000099999999981 0.00000000099999999981 0.00000000099999999981 0.00000000099999999981 0.00000000099999999981 
0.00000000099999999978 0.00000000099999999978 0.00000000099999999978 0.99999998500000031321 0.00000000099999999978 0.00000000099999999978 0.00000000099999999978 0.00000000099999999978 0.00000000099999999978 0.00000000099999999978 0.00000000099999999978 0.00000000099999999978 0.00000000099999999978 0.00000000099999999978 0.00000000099999999978 0.00000000099999999978 
0.00000000099999999992 0.00000000099999999992 0.00000000099999999992 0.99999998500000031321 0.00000000099999999992 0.00000000099999999992 0.00000000099999999992 0.00000000099999999992 0.00000000099999999992 0.00000000099999999992 0.00000000099999999992 0.00000000099999999992 0.00000000099999999992 0.00000000099999999992 0.00000000099999999992 0.00000000099999999992 
0.00000000099999999984 0.00000000099999999984 0.00000000099999999984 0.99999998500000031321 0.00000000099999999984 0.00000000099999999984 0.00000000099999999984 0.00000000099999999984 0.00000000099999999984 0.00000000099999999984 0.00000000099999999984 0.00000000099999999984 0.00000000099999999984 0.00000000099999999984 0.00000000099999999984 0.00000000099999999984 
0.00000000099999999974 0.00000000099999999974 0.00000000099999999974 0.99999998500000031321 0.00000000099999999974 0.00000000099999999974 0.00000000099999999974 0.00000000099999999974 0.00000000099999999974 0.00000000099999999974 0.00000000099999999974 0.00000000099999999974 0.00000000099999999974 0.00000000099999999974 0.00000000099999999974 0.00000000099999999974 
0.11955526453871218040 0.08484713262892118468 0.00000000099999999995 0.77138857729648147021 0.00000000099999999995 0.00000000099999999995 0.00000000099999999995 0.00000000099999999995 0.00000000099999999995 0.00000000099999999995 0.00000000099999999995 0.00000000099999999995 0.00173329703116414935 0.00000000099999999995 0.00000000099999999995 0.02247571750472134033 
0.00000000099999999989 0.01433452045855273735 0.00000000099999999989 0.98566546554144740533 0.00000000099999999989 0.00000000099999999989 0.00000000099999999989 0.00000000099999999989 0.00000000099999999989 0.00000000099999999989 0.00000000099999999989 0.00000000099999999989 0.00000000099999999989 0.00000000099999999989 0.00000000099999999989 0.00000000099999999989 
0.00000000099999999984 0.00000000099999999984 0.00000000099999999984 0.99999998500000031321 0.00000000099999999984 0.00000000099999999984 0.00000000099999999984 0.00000000099999999984 0.00000000099999999984 0.00000000099999999984 0.00000000099999999984 0.00000000099999999984 0.00000000099999999984 0.00000000099999999984 0.00000000099999999984 0.00000000099999999984 
0.00000000099999999995 0.08359704374719643949 0.04772614263083310715 0.84430354868964940795 0.00000000099999999995 0.00000000099999999995 0.00000000099999999995 0.00000000099999999995 0.02437325293232114193 0.00000000099999999995 0.00000000099999999995 0.00000000099999999995 0.00000000099999999995 0.00000000099999999995 0.00000000099999999995 0.00000000099999999995 
0.00000000099999999985 0.00000000099999999985 0.00000000099999999985 0.99999998500000020218 0.00000000099999999985 0.00000000099999999985 0.00000000099999999985 0.00000000099999999985 0.00000000099999999985 0.00000000099999999985 0.00000000099999999985 0.00000000099999999985 0.00000000099999999985 0.00000000099999999985 0.00000000099999999985 0.00000000099999999985 
0.00000000099999999983 0.00000000099999999983 0.00000000099999999983 0.99999998500000020218 0.00000000099999999983 0.00000000099999999983 0.00000000099999999983 0.00000000099999999983 0.00000000099999999983 0.00000000099999999983 0.00000000099999999983 0.00000000099999999983 0.00000000099999999983 0.00000000099999999983 0.00000000099999999983 0.00000000099999999983 
0.00000000099999999994 0.03632718847261724726 0.02345125631334412514 0.00000000099999999994 0.00000000099999999994 0.00629098003299288604 0.00000000099999999994 0.93393056318104583635 0.00000000099999999994 0.00000000099999999994 0.00000000099999999994 0.00000000099999999994 0.00000000099999999994 0.00000000099999999994 0.00000000099999999994 0.00000000099999999994 
0.00000000099999999976 0.00000000099999999976 0.00000000099999999976 0.00000000099999999976 0.00000000099999999976 0.00000000099999999976 0.00000000099999999976 0.99999998500000009116 0.00000000099999999976 0.00000000099999999976 0.00000000099999999976 0.00000000099999999976 0.00000000099999999976 0.00000000099999999976 0.00000000099999999976 0.00000000099999999976 
0.00000000099999999991 0.00000000099999999991 0.00000000099999999991 0.00000000099999999991 0.00000000099999999991 0.02545872791620169481 0.00000000099999999991 0.97454125808379843399 0.00000000099999999991 0.00000000099999999991 0.00000000099999999991 0.00000000099999999991 0.00000000099999999991 0.00000000099999999991 0.00000000099999999991 0.00000000099999999991 
0.00000000099999999995 0.04942299954192604095 0.00000000099999999995 0.00000000099999999995 0.00000000099999999995 0.00000000099999999995 0.00000000099999999995 0.95057698645807420235 0.00000000099999999995 0.00000000099999999995 0.00000000099999999995 0.00000000099999999995 0.00000000099999999995 0.00000000099999999995 0.00000000099999999995 0.00000000099999999995 
0.00000000099999999991 0.00000000099999999991 0.00000000099999999991 0.00000000099999999991 0.00000000099999999991 0.00000000099999999991 0.00000000099999999991 0.96977133959307737499 0.00000000099999999991 0.00000000099999999991 0.00000000099999999991 0.00000000099999999991 0.03022864640692263238 0.00000000099999999991 0.00000000099999999991 0.00000000099999999991 
0.00000000099999999993 0.00000000099999999993 0.00000000099999999993 0.00000000099999999993 0.00000000099999999993 0.00000000099999999993 0.00000000099999999993 0.99999998500000020218 0.00000000099999999993 0.00000000099999999993 0.00000000099999999993 0.00000000099999999993 0.00000000099999999993 0.00000000099999999993 0.00000000099999999993 0.00000000099999999993 
0.00000000099999999976 0.00000000099999999976 0.00000000099999999976 0.00000000099999999976 0.00000000099999999976 0.00000000099999999976 0.00000000099999999976 0.99999998500000020218 0.00000000099999999976 0.00000000099999999976 0.00000000099999999976 0.00000000099999999976 0.00000000099999999976 0.00000000099999999976 0.00000000099999999976 0.00000000099999999976 
0.00000000099999999995 0.00000000099999999995 0.11424378157461169414 0.00000000099999999995 0.00000000099999999995 0.00000000099999999995 0.00000000099999999995 0.88575620442538849364 0.00000000099999999995 0.00000000099999999995 0.00000000099999999995 0.00000000099999999995 0.00000000099999999995 0.00000000099999999995 0.00000000099999999995 0.00000000099999999995 
0.04652312359006792464 0.24393745985825385225 0.04796414705335606127 0.00000000099999999994 0.00000000099999999994 0.06824376948168189849 0.00000000099999999994 0.59333148901664023445 0.00000000099999999994 0.00000000099999999994 0.00000000099999999994 0.00000000099999999994 0.00000000099999999994 0.00000000099999999994 0.00000000099999999994 0.00000000099999999994 
0.00000000099999999994 0.00000000099999999994 0.00000203641670743862 0.00000000099999999994 0.00000000099999999994 0.00000000099999999994 0.00000000099999999994 0.99999794958329280004 0.00000000099999999994 0.00000000099999999994 0.00000000099999999994 0.00000000099999999994 0.00000000099999999994 0.00000000099999999994 0.00000000099999999994 0.00000000099999999994 
0.00000000099999999982 0.95496974992205208022 0.04503023607794810756 0.00000000099999999982 0.00000000099999999982 0.00000000099999999982 0.00000000099999999982 0.00000000099999999982 0.00000000099999999982 0.00000000099999999982 0.00000000099999999982 0.00000000099999999982 0.00000000099999999982 0.00000000099999999982 0.00000000099999999982 0.00000000099999999982 
0.04141505479890716240 0.02202645448261575378 0.06817594098150041304 0.00223721133109450838 0.00000000099999999996 0.03208278189063959451 0.00000000099999999996 0.81987566150452650948 0.00000000099999999996 0.00000000099999999996 0.00000000099999999996 0.00000000099999999996 0.01418688601071631250 0.00000000099999999996 0.00000000099999999996 0.00000000099999999996 
0.00000000099999999989 0.00000000099999999989 0.00000000099999999989 0.00000000099999999989 0.00000000099999999989 0.00000000099999999989 0.00000000099999999989 0.99999998500000009116 0.00000000099999999989 0.00000000099999999989 0.00000000099999999989 0.00000000099999999989 0.00000000099999999989 0.00000000099999999989 0.00000000099999999989 0.00000000099999999989 
0.00000000099999999992 0.00000000099999999992 0.00000000099999999992 0.00000000099999999992 0.00000000099999999992 0.00000000099999999992 0.00000000099999999992 0.99999998399346456956 0.00000000200653552883 0.00000000099999999992 0.00000000099999999992 0.00000000099999999992 0.00000000099999999992 0.00000000099999999992 0.00000000099999999992 0.00000000099999999992 
0.00000000099999999992 0.00000000099999999992 0.00000000099999999992 0.00000000099999999992 0.00000000099999999992 0.00000000099999999992 0.00000000099999999992 0.99999998500000009116 0.00000000099999999992 0.00000000099999999992 0.00000000099999999992 0.00000000099999999992 0.00000000099999999992 0.00000000099999999992 0.00000000099999999992 0.00000000099999999992 
0.00000000099999999992 0.00000000099999999992 0.00000000099999999992 0.00000000099999999992 0.00000000099999999992 0.00000000099999999992 0.00000000099999999992 0.99999998316544236321 0.00000000283455766159 0.00000000099999999992 0.00000000099999999992 0.00000000099999999992 0.00000000099999999992 0.00000000099999999992 0.00000000099999999992 0.00000000099999999992 
0.00000000099999999993 0.03572040565706565557 0.00514918338329228408 0.00000000099999999993 0.00000000099999999993 0.00000000099999999993 0.00000000099999999993 0.95913039795964227796 0.00000000099999999993 0.00000000099999999993 0.00000000099999999993 0.00000000099999999993 0.00000000099999999993 0.00000000099999999993 0.00000000099999999993 0.00000000099999999993 
0.04705604416473791601 0.68423595944453985407 0.11892743226486532371 0.00000000099999999997 0.00000000099999999997 0.02228378866785888507 0.00000000099999999997 0.00112450755738796875 0.00000000099999999997 0.00000000099999999997 0.08609371547053457085 0.03992160947974235374 0.00000000099999999997 0.00000000099999999997 0.00035693495033340685 0.00000000099999999997 
0.00000000099999999999 0.04472258895763058656 0.02400388675996209878 0.03832381680638116683 0.31651525479670394869 0.03409527797733415133 0.07310588618320087995 0.00000000099999999999 0.00000000099999999999 0.09198611580712157121 0.00000000099999999999 0.07226289982844827375 0.29755498901832533321 0.00000000099999999999 0.00000000099999999999 0.00742927786489209433 
0.00000000099999999997 0.08918066748998434989 0.05988205157000997536 0.00000000099999999997 0.33636183265019325983 0.00000000099999999997 0.10302501922078939611 0.00000000099999999997 0.00000000099999999997 0.12434774968987756527 0.00000000099999999997 0.00000000099999999997 0.28720266937914556982 0.00000000099999999997 0.00000000099999999997 0.00000000099999999997 
0.00000000099999999997 0.00000000099999999997 0.07551884687983886901 0.00000000546814729076 0.36052343101701206374 0.00000000099999999997 0.11315392659023129629 0.00000000099999999997 0.00000000099999999997 0.12808974298350522814 0.00000000099999999997 0.00000000099999999997 0.30148676051825729072 0.00000000099999999997 0.00000000099999999997 0.02122727754300813424 
0.04397114845727733562 0.01188723984441096386 0.00000000099999999997 0.00000000099999999997 0.31515525107806019456 0.00000000099999999997 0.12956467968572155103 0.00000000099999999997 0.00000000099999999997 0.12051102217943947259 0.00000000099999999997 0.00000000099999999997 0.29091673846930377056 0.00000000099999999997 0.02135696675994812332 0.06663694552583881991 
0.05114995921327315787 0.00000000099999999997 0.06505086347575612937 0.01724009233753309722 0.35973948778863573672 0.00000000099999999997 0.13020750532535754762 0.00000000099999999997 0.00000000099999999997 0.11474032308763390531 0.00000000099999999997 0.00000000099999999997 0.26187173988610701336 0.00000000099999999997 0.00000000099999999997 0.00000002088570347477 
0.00015951544012672350 0.00485580657087947027 0.05309403193021580009 0.00000000099999999999 0.32669311188244704036 0.01717967645675705021 0.16426639202830936592 0.00000000099999999999 0.00000000099999999999 0.14004111754027143144 0.00000000099999999999 0.00000000099999999999 0.28815175898396933052 0.00000000099999999999 0.00555858216702382040 0.00000000099999999999 
0.03491230513211737024 0.01455254681474979668 0.06860415795174214237 0.01609225872495888623 0.30742148178384615109 0.00000000099999999997 0.07504573354184332357 0.00000000099999999997 0.00743561036633545464 0.10152206976964057994 0.00000000099999999997 0.07549133175489958214 0.27544414034055597629 0.00000000099999999997 0.01656873796471473523 0.00690962185459596985 
0.00000000099999999999 0.00161725343945465553 0.06030370945638104108 0.02003177895357981589 0.26799881962821625603 0.02710864123927963706 0.12445512510395523309 0.00000000099999999999 0.00958223026379539412 0.15389335973904419430 0.00000000099999999999 0.00000000099999999999 0.28973052218691863757 0.00000000099999999999 0.00000000099999999999 0.04527855398937531001 
0.00000000099999999998 0.01857390226161717561 0.00000092497961431648 0.08501699574632351486 0.30622788576632570257 0.00000000099999999998 0.13150730774067767581 0.00000000099999999998 0.00000000099999999998 0.13925274958766117872 0.00000000099999999998 0.00000000099999999998 0.26814262243932823759 0.00000000099999999998 0.00000000099999999998 0.05127760347845243538 
0.04658299424010368256 0.00001171061708524997 0.05772498822980833694 0.00000000099999999998 0.36594644608047588452 0.00000000099999999998 0.08911499370539958942 0.00000000099999999998 0.02533712869070798776 0.11510919674166603111 0.00000000099999999998 0.00442303307635046397 0.29574950161840279916 0.00000000099999999998 0.00000000099999999998 0.00000000099999999998 
0.00000000099999999994 0.39492287312822521583 0.00000000099999999994 0.00000000099999999994 0.00000000099999999994 0.00000000099999999994 0.00000000099999999994 0.59342526049684540812 0.00000000099999999994 0.00000000099999999994 0.01165185337492944881 0.00000000099999999994 0.00000000099999999994 0.00000000099999999994 0.00000000099999999994 0.00000000099999999994 
0.00000000099999999993 0.52330178688964146261 0.05789241360369751233 0.00000000099999999993 0.00000000099999999993 0.00000000099999999993 0.00000000099999999993 0.40251709701264554164 0.00000000099999999993 0.01038115770520414705 0.00000000099999999993 0.00000000099999999993 0.00000000099999999993 0.00000000099999999993 0.00000000099999999993 0.00590753378881156161 
0.00000000099999999990 0.48648592078137503636 0.00000000099999999990 0.00000000099999999990 0.00000000099999999990 0.00000000099999999990 0.00000000099999999990 0.51351406521862497101 0.00000000099999999990 0.00000000099999999990 0.00000000099999999990 0.00000000099999999990 0.00000000099999999990 0.00000000099999999990 0.00000000099999999990 0.00000000099999999990 
0.00000000099999999990 0.46977538942993923854 0.00000000099999999990 0.00000000099999999990 0.00000000099999999990 0.00000000099999999990 0.00000000099999999990 0.53022459657006082434 0.00000000099999999990 0.00000000099999999990 0.00000000099999999990 0.00000000099999999990 0.00000000099999999990 0.00000000099999999990 0.00000000099999999990 0.00000000099999999990 
0.00000000099999999995 0.54598261308998330410 0.00000000099999999995 0.00000000099999999995 0.00000000099999999995 0.00000000099999999995 0.00000000099999999995 0.40015935526058155070 0.00000000099999999995 0.00000354515490335998 0.00000000099999999995 0.00000000099999999995 0.00000000128330766496 0.00000000099999999995 0.04570056142770391461 0.00815391378352045386 
0.00000000099999999995 0.47574493892976232878 0.04348203700875030026 0.00000000099999999995 0.00000000099999999995 0.00000000099999999995 0.00000000099999999995 0.45671971837223912516 0.00000000099999999995 0.01926828762995634256 0.00000000099999999995 0.00000000099999999995 0.00000000099999999995 0.00000000099999999995 0.00000000099999999995 0.00478500705929200878 
0.00000000099999999989 0.46867250152477984981 0.00000000099999999989 0.00000000099999999989 0.00000000099999999989 0.00000000099999999989 0.00000000099999999989 0.53132748447522004653 0.00000000099999999989 0.00000000099999999989 0.00000000099999999989 0.00000000099999999989 0.00000000099999999989 0.00000000099999999989 0.00000000099999999989 0.00000000099999999989 
0.00000000099999999995 0.42092969569089816462 0.02659469130249916130 0.00000000099999999995 0.00000000099999999995 0.00000000099999999995 0.00000000099999999995 0.53458200721453374982 0.00000000099999999995 0.00871957723610325940 0.00000000099999999995 0.00000000099999999995 0.00917401755596585280 0.00000000099999999995 0.00000000099999999995 0.00000000099999999995 
0.00000000099999999991 0.77604767166926846844 0.00000000099999999991 0.00000000099999999991 0.00000000099999999991 0.00000000099999999991 0.00000000099999999991 0.22395231433073189975 0.00000000099999999991 0.00000000099999999991 0.00000000099999999991 0.00000000099999999991 0.00000000099999999991 0.00000000099999999991 0.00000000099999999991 0.00000000099999999991 
0.00000000099999999993 0.55231189608994901707 0.00000000099999999993 0.00000000099999999993 0.00000000099999999993 0.00000000099999999993 0.00000000099999999993 0.44369310575679227204 0.00000000099999999993 0.00000000099999999993 0.00000000099999999993 0.00000000099999999993 0.00399498515325897967 0.00000000099999999993 0.00000000099999999993 0.00000000099999999993 
0.00000000099999999998 0.06389829949473245507 0.00000000099999999998 0.03371680465640968655 0.00000000099999999998 0.11491157753281130982 0.03900492816201726193 0.00006589788751980771 0.00619831618893862055 0.01838172086732737381 0.01691774208928928727 0.62685959748092123789 0.01598765068292192296 0.00000000099999999998 0.01897931220611874525 0.04507814875099240559 
0.00000000099999999996 0.00000000099999999996 0.00000000099999999996 0.08039341214461795393 0.00000000099999999996 0.04830535310386121356 0.00000000099999999996 0.09385815099099173442 0.00252473284501860025 0.00000000099999999996 0.00000000099999999996 0.77491833991551051231 0.00000000099999999996 0.00000000099999999996 0.00000000099999999996 0.00000000099999999996 
0.15045361174310722951 0.03226631969996530958 0.01325988634217881677 0.08164571685971797055 0.00000000099999999999 0.15527563580992764791 0.05534901408348100182 0.02356591806289097535 0.03881488263387770227 0.00353134138344183245 0.00000000099999999999 0.39216959714213689425 0.02716581043919102587 0.00000000099999999999 0.00000000099999999999 0.02650226180008359231 
0.01579609725451576116 0.01468110335371667144 0.00001296254789381822 0.06995079166178214125 0.00000000099999999999 0.10642757737860460143 0.00000000099999999999 0.00000000099999999999 0.00005758173418164666 0.00000000099999999999 0.06517893031835228501 0.68201645094632556976 0.00000000099999999999 0.01805098432468771330 0.00000000099999999999 0.02782751447993987715 
0.06679647966450188989 0.18053151380543577820 0.07979356611407902033 0.00000000099999999997 0.00000000099999999997 0.05164607911130831425 0.02321079550203105149 0.22875955848823489869 0.00000000099999999997 0.00000000099999999997 0.00254780967414236677 0.00000000099999999997 0.03521318361933112318 0.00000000099999999997 0.00000000099999999997 0.33150100702093560079 
0.04019541620351779060 0.23956152330550017915 0.09908399677607479528 0.00000263402554863470 0.00000000099999999997 0.06305515543861066330 0.01307847830437972036 0.24158774835339269504 0.00000000099999999997 0.00000000099999999997 0.01606403067044609792 0.00000000099999999997 0.00000000099999999997 0.00000000099999999997 0.00000000099999999997 0.28737100992252967435 
0.04601015987378542782 0.27942929512479369736 0.12606707474785444623 0.04365596753846314598 0.00000000099999999996 0.07789781268098940059 0.00000000099999999996 0.16257489051940973712 0.00000000099999999996 0.00000000099999999996 0.01436912290943393594 0.00000000099999999996 0.00000000099999999996 0.00000000099999999996 0.00000000099999999996 0.24999566860527025480 
0.12364775088038315598 0.31391800562590954637 0.03051946446638629726 0.00000000099999999998 0.00000000099999999998 0.05596835950001359528 0.02515363875694284074 0.11446343317106107140 0.00223690049697021455 0.00000000099999999998 0.05198996099961217254 0.00000000099999999998 0.00000000099999999998 0.00000000099999999998 0.00915627711721654289 0.27294620298550453796 
0.07686393988194334392 0.28489488385968897433 0.07099574507958371361 0.00000000099999999996 0.00000000099999999996 0.06020875902294750559 0.00000000099999999996 0.09714925152525134833 0.00000000099999999996 0.00000000099999999996 0.04611434189594337124 0.00000000099999999996 0.00168966303354788636 0.00000000099999999996 0.00002109862312675318 0.36206231007796713106 
0.09249136865288305753 0.24441440563808289332 0.08985593814558479053 0.05655685339775693571 0.00000000099999999997 0.00000371346241531933 0.04578628074613910748 0.19328793895860887919 0.00000000099999999997 0.00000000099999999997 0.04030682141527673623 0.00000000099999999997 0.00000000099999999997 0.00000000099999999997 0.00000000099999999997 0.23729667258325246038 
0.00000000099999999974 0.00000000099999999974 0.00000000099999999974 0.00000000099999999974 0.00000000099999999974 0.00000000099999999974 0.00000000099999999974 0.00000000099999999974 0.00000000099999999974 0.00000000099999999974 0.99999998499999998014 0.00000000099999999974 0.00000000099999999974 0.00000000099999999974 0.00000000099999999974 0.00000000099999999974 
0.35819781406641559851 0.26908191433606792886 0.00690240788682028490 0.07218990313153339500 0.00000000099999999998 0.12504866090460228789 0.00000000099999999998 0.13188835167445425722 0.03645921318177178239 0.00000000099999999998 0.00000000099999999998 0.00000000099999999998 0.00023172681833478708 0.00000000099999999998 0.00000000099999999998 0.00000000099999999998 
0.33764970303505487115 0.15625182119071123754 0.06072968478854427060 0.03780523905931332251 0.00000000099999999997 0.14971556150456855061 0.00000000099999999997 0.12215858600091704378 0.00000000099999999997 0.00000000099999999997 0.00000000099999999997 0.10950756697957311769 0.00000000099999999997 0.00000000099999999997 0.02618182944131758338 0.00000000099999999997 
0.38396060375779428320 0.19060822998637422243 0.11197892287415475709 0.08337652031079634263 0.00000000099999999998 0.11526266529478686185 0.02259610086187511385 0.05394448754711877320 0.01369458329050106220 0.00000000099999999998 0.02457787907659860285 0.00000000099999999998 0.00000000099999999998 0.00000000099999999998 0.00000000099999999998 0.00000000099999999998 
0.22768656017824279170 0.15752024816207541025 0.14440189378029302802 0.18980262696078023521 0.00000000099999999998 0.10025795903490461458 0.00098215245500819087 0.07277248057748339494 0.00000000099999999998 0.04251401000218209270 0.04721482683377498796 0.00000000099999999998 0.00000000099999999998 0.00318932180550409415 0.01365791520975130971 0.00000000099999999998 
0.30749212495679001389 0.07495008929153833266 0.02805747793813372082 0.13063330837576622723 0.00000000099999999998 0.16070280150006474584 0.00000000099999999998 0.06559998219106868977 0.00000000099999999998 0.00000000099999999998 0.01651094462211647254 0.11742015117358653442 0.00000000099999999998 0.00773328544628289552 0.01098517816434795014 0.07991465134030475981 
0.46892204297850936801 0.10361266850546148321 0.09788066774648557233 0.10769616034329740351 0.00000000099999999998 0.04323300196161204006 0.00000000099999999998 0.09102380645195910780 0.00000000099999999998 0.00280681427020499849 0.01383005357316605816 0.00000000099999999998 0.00000000099999999998 0.00410833554092850453 0.00000000099999999998 0.06688644262837542542 
0.36949570897012196102 0.13404889621008150846 0.04794947105857336189 0.10879905665298335304 0.00000000099999999998 0.10887364891703883718 0.00000000099999999998 0.10918721157476801720 0.00000000099999999998 0.00000000099999999998 0.00076631465971684423 0.02491662524782020313 0.00000000099999999998 0.02138184439351303173 0.00001603643512670603 0.07456518088025618218 
0.37376858747812297112 0.10821204734541937931 0.04709859351010525774 0.06026133596860978880 0.00000000099999999998 0.08774153554035160618 0.04625259741561633942 0.06427092718781916847 0.00000000099999999998 0.00000000099999999998 0.01995946319681493955 0.07262859032191497366 0.00000869523377324159 0.00000000099999999998 0.03099596100483935010 0.08880166179661308501 
0.37183451587701521479 0.14277385416251206496 0.09738869780962275402 0.06089232605488405226 0.00000000099999999998 0.05821249589816770986 0.05003939982414879611 0.15043396498408243001 0.00000000099999999998 0.00000002334660878202 0.00000000099999999998 0.05924874493847157725 0.00000000099999999998 0.00000000099999999998 0.00915208390860740122 0.00002388819587918802 
0.43386728575559918575 0.20965514002194168830 0.00000000099999999998 0.08270154140735298809 0.00000000099999999998 0.12307987224917538160 0.00000000099999999998 0.10977353497789052450 0.00000000099999999998 0.00000000099999999998 0.00000000099999999998 0.00000000766785202799 0.00000000099999999998 0.00316851275312796327 0.00000000099999999998 0.03775409716706042140 
0.28279069490283709198 0.06993572049164240023 0.12499417169629141455 0.08166999896474792797 0.00000000099999999999 0.12748225573417740208 0.02414453662820006952 0.13478599572978272603 0.01160900085049531259 0.00877903031194645148 0.00000000099999999999 0.02905510391807706455 0.00000000099999999999 0.01182055659513310888 0.04203920556112082652 0.05089372561554823815 
0.36328263321868287106 0.14668713811963499105 0.09236163139374153896 0.10882312974614466450 0.00000000099999999999 0.08350132122787445876 0.00000002056264726977 0.06106342220841180779 0.00000000099999999999 0.00000000099999999999 0.03458913834817899796 0.01547127016956279660 0.02141751567728954891 0.00394088513445217930 0.03456784610794014223 0.03429404508543901914 
0.40016784439253411110 0.20643024240442747752 0.09499219387878099496 0.06685581314716124157 0.00000000099999999998 0.06433210607129651037 0.02800552962567358709 0.05902127704020164456 0.00000000099999999998 0.00000000099999999998 0.02098658405720057671 0.00000000099999999998 0.03355888678814158282 0.00000000099999999998 0.01114211798577951357 0.01450739960880279011 
0.27491873535555999553 0.00000000099999999996 0.00000000099999999996 0.30431533416430656125 0.00000000099999999996 0.14197921526503012868 0.01706291501485237422 0.00000000099999999996 0.00000000099999999996 0.00000000099999999996 0.03900642122120281940 0.13144428127255775030 0.00000000099999999996 0.00000000099999999996 0.00000000099999999996 0.09127308870649047945 
0.27424495225189238212 0.30362228354030779132 0.07629308381243003756 0.08290118968074969286 0.00000000099999999999 0.04751558149066853476 0.02955969506063465049 0.05403790943584044215 0.00000000099999999999 0.00000000099999999999 0.02651860825878106162 0.05301093453261344901 0.00000237462750092616 0.00000000099999999999 0.00606172831745134186 0.04623165499112997373 
0.00000000099999999993 0.52988310606883382015 0.05592235021173715820 0.00000000099999999993 0.00000000099999999993 0.00000000099999999993 0.00000000099999999993 0.00000000099999999993 0.04505376885120476738 0.01032198172791134495 0.00000000099999999993 0.00000000099999999993 0.31871995919472739800 0.00000000099999999993 0.00079462701687903323 0.03930419792870679802 
0.00000000099999999964 0.00000000099999999964 0.00000000099999999964 0.00000000099999999964 0.00000000099999999964 0.00000000099999999964 0.00000000099999999964 0.00000000099999999964 0.00000000099999999964 0.00000000099999999964 0.00000000099999999964 0.00000000099999999964 0.99999998500000009116 0.00000000099999999964 0.00000000099999999964 0.00000000099999999964 
0.00000000099999999959 0.00000000099999999959 0.00000000099999999959 0.00000000099999999959 0.00000000099999999959 0.00000000099999999959 0.00000000099999999959 0.00000000099999999959 0.00000000099999999959 0.00000000099999999959 0.00000000099999999959 0.00000000099999999959 0.99999998499999998014 0.00000000099999999959 0.00000000099999999959 0.00000000099999999959 
0.00000000099999999978 0.00000000099999999978 0.00000000099999999978 0.00000000099999999978 0.00000000099999999978 0.00000000099999999978 0.00000000099999999978 0.00000000099999999978 0.00000000099999999978 0.00000000099999999978 0.00000000099999999978 0.00000000099999999978 0.99999998499999998014 0.00000000099999999978 0.00000000099999999978 0.00000000099999999978 
0.00000000099999999963 0.00000000099999999963 0.00000000099999999963 0.00000000099999999963 0.00000000099999999963 0.00000000099999999963 0.00000000099999999963 0.00000000099999999963 0.00000000099999999963 0.00000000099999999963 0.00000000099999999963 0.00000000099999999963 0.99999998500000009116 0.00000000099999999963 0.00000000099999999963 0.00000000099999999963 
0.00000000099999999962 0.00000000099999999962 0.00000000099999999962 0.00000000099999999962 0.00000000099999999962 0.00000000099999999962 0.00000000099999999962 0.00000000099999999962 0.00000000099999999962 0.00000000099999999962 0.00000000099999999962 0.00000000099999999962 0.99999998500000009116 0.00000000099999999962 0.00000000099999999962 0.00000000099999999962 
0.00000000099999999981 0.00000000099999999981 0.00000000099999999981 0.00000000099999999981 0.00000000099999999981 0.00000000099999999981 0.00000000099999999981 0.00000000099999999981 0.00000000099999999981 0.00000000099999999981 0.00000000099999999981 0.00000000099999999981 0.99999998500000009116 0.00000000099999999981 0.00000000099999999981 0.00000000099999999981 
0.00000000099999999963 0.00000000099999999963 0.00000000099999999963 0.00000000099999999963 0.00000000099999999963 0.00000000099999999963 0.00000000099999999963 0.00000000099999999963 0.00000000099999999963 0.00000000099999999963 0.00000000099999999963 0.00000000099999999963 0.99999998500000009116 0.00000000099999999963 0.00000000099999999963 0.00000000099999999963 
0.00000000099999999990 0.15882702867021541993 0.01678717239989877680 0.00000000099999999990 0.00000000099999999990 0.00000000099999999990 0.00000000099999999990 0.00000000099999999990 0.01893711235968801795 0.00000000099999999990 0.00000000099999999990 0.00000000099999999990 0.80544867457019775348 0.00000000099999999990 0.00000000099999999990 0.00000000099999999990 
0.00000000099999999975 0.00000000099999999975 0.00000000099999999975 0.00000000099999999975 0.00000000099999999975 0.00000000099999999975 0.00000000099999999975 0.00000000099999999975 0.00000000099999999975 0.00000000099999999975 0.00000000099999999975 0.00000000099999999975 0.99999998500000009116 0.00000000099999999975 0.00000000099999999975 0.00000000099999999975 
0.00000000099999999998 0.34771934113256913745 0.02547107944221062292 0.03857359714429211411 0.00000000099999999998 0.00000000099999999998 0.00000000099999999998 0.54963489315528757384 0.00000000099999999998 0.00904711997824593842 0.00000000099999999998 0.00000000099999999998 0.00000000099999999998 0.01662155065480543439 0.00182325016817113500 0.01110916032441806693 
0.00000000099999999993 0.31639966357729554236 0.00000000099999999993 0.01352398090642937395 0.00000000099999999993 0.00000000099999999993 0.00000000099999999993 0.64409609142189050424 0.00000000099999999993 0.00000000099999999993 0.00000000099999999993 0.00000000099999999993 0.00000000099999999993 0.00463772201713554683 0.01623284759109559772 0.00510968448615342890 
0.00000000099999999996 0.79517148742876919698 0.00000000099999999996 0.08363557243010939779 0.00000000099999999996 0.00000000099999999996 0.00000000099999999996 0.00000000099999999996 0.00000000099999999996 0.00000000099999999996 0.00000000099999999996 0.00000000099999999996 0.05900872145273990121 0.00000000099999999996 0.00000000099999999996 0.06218420668838173238 
0.00000000099999999991 0.90049766741818937366 0.00000000099999999991 0.00000000099999999991 0.00000000099999999991 0.00000000099999999991 0.00000000099999999991 0.00000000099999999991 0.00000000099999999991 0.00000000099999999991 0.00000000099999999991 0.00000000099999999991 0.09848919683151455273 0.00000000099999999991 0.00000000099999999991 0.00101312275029635150 
0.02209090798113370890 0.81778299841236423706 0.00000000099999999997 0.00398209810632624978 0.00000000099999999997 0.00000000099999999997 0.00000000099999999997 0.00000000099999999997 0.00516870968413477017 0.03042534078932254693 0.00000000099999999997 0.00000000099999999997 0.08273739966883737751 0.00000000099999999997 0.03490522963187098898 0.00290730772601028014 
