0.00000000099999999994 0.00000000099999999994 0.00000000099999999994 0.00000000099999999994 0.00000000099999999994 0.00000000099999999994 0.00000000099999999994 0.00000000099999999994 0.00000000099999999994 0.00000000099999999994 0.99999998600000006288 0.00000000099999999994 0.00000000099999999994 0.00000000099999999994 0.00000000099999999994 
0.00000000099999999987 0.00000000099999999987 0.00000000099999999987 0.00000000099999999987 0.00000000099999999987 0.00000000099999999987 0.00000000099999999987 0.00000000099999999987 0.00000000099999999987 0.00000000099999999987 0.99999998600000006288 0.00000000099999999987 0.00000000099999999987 0.00000000099999999987 0.00000000099999999987 
0.00000000099999999992 0.00000000099999999992 0.00000000099999999992 0.00000000099999999992 0.00000000099999999992 0.00000000099999999992 0.00000000099999999992 0.00000000099999999992 0.00000000099999999992 0.00000000099999999992 0.99999998600000006288 0.00000000099999999992 0.00000000099999999992 0.00000000099999999992 0.00000000099999999992 
0.00000000099999999986 0.00000000099999999986 0.00000000099999999986 0.00000000099999999986 0.00000000099999999986 0.00000000099999999986 0.00000000099999999986 0.00000000099999999986 0.00000000099999999986 0.00000000099999999986 0.99999998600000006288 0.00000000099999999986 0.00000000099999999986 0.00000000099999999986 0.00000000099999999986 
0.00000000099999999991 0.00000000099999999991 0.00000000099999999991 0.00000000099999999991 0.00000000099999999991 0.00000000099999999991 0.00000000099999999991 0.00000000099999999991 0.00000000099999999991 0.00000000099999999991 0.99999998600000006288 0.00000000099999999991 0.00000000099999999991 0.00000000099999999991 0.00000000099999999991 
0.00000000099999999997 0.00000000099999999997 0.00000000099999999997 0.00000000099999999997 0.00365783195394054446 0.00000000099999999997 0.00000000099999999997 0.00000000099999999997 0.02891683601372049481 0.00000000099999999997 0.96742532003233894233 0.00000000099999999997 0.00000000099999999997 0.00000000099999999997 0.00000000099999999997 
0.00000000099999999994 0.00000000099999999994 0.00000000099999999994 0.00000000099999999994 0.00000000099999999994 0.00000000099999999994 0.00000000099999999994 0.00000000099999999994 0.00000000099999999994 0.00000000099999999994 0.99999998599999995186 0.00000000099999999994 0.00000000099999999994 0.00000000099999999994 0.00000000099999999994 
0.02651733758135262076 0.00000000099999999997 0.00000000099999999997 0.00000000099999999997 0.00000000099999999997 0.00000000099999999997 0.00000000099999999997 0.00000000099999999997 0.01650550845778615133 0.00000000099999999997 0.86910192175632072775 0.05793996111938168325 0.02993526108515877360 0.00000000099999999997 0.00000000099999999997 
0.00000000099999999992 0.00000000099999999992 0.00000000099999999992 0.00000000099999999992 0.00000000099999999992 0.00000000099999999992 0.00000000099999999992 0.00000000099999999992 0.00000000099999999992 0.00000000099999999992 0.99999998600000006288 0.00000000099999999992 0.00000000099999999992 0.00000000099999999992 0.00000000099999999992 
0.01505884587204723950 0.00000000099999999997 0.00000000099999999997 0.00000000099999999997 0.00000000099999999997 0.00000000099999999997 0.00000000099999999997 0.00000000099999999997 0.02529228202479138349 0.00000000099999999997 0.91362464829991574256 0.04602421280324578423 0.00000000099999999997 0.00000000099999999997 0.00000000099999999997 
0.00000000099999999989 0.00000000099999999989 0.00000000099999999989 0.00000000099999999989 0.00000000099999999989 0.00000000099999999989 0.00000000099999999989 0.00000000099999999989 0.00000000099999999989 0.00000000099999999989 0.99999998599999995186 0.00000000099999999989 0.00000000099999999989 0.00000000099999999989 0.00000000099999999989 
0.00000000099999999991 0.00000000099999999991 0.00000000099999999991 0.00000000099999999991 0.00000000099999999991 0.00000000099999999991 0.00000000099999999991 0.00000000099999999991 0.00000000099999999991 0.00000000099999999991 0.99999998599999995186 0.00000000099999999991 0.00000000099999999991 0.00000000099999999991 0.00000000099999999991 
0.00187622176377344333 0.00000000099999999995 0.00000000099999999995 0.00000000099999999995 0.00000000099999999995 0.01140957941724707325 0.00000000099999999995 0.00000000099999999995 0.00000000099999999995 0.00000000099999999995 0.98671418681897959946 0.00000000099999999995 0.00000000099999999995 0.00000000099999999995 0.00000000099999999995 
0.00000000099999999986 0.99999998600000028492 0.00000000099999999986 0.00000000099999999986 0.00000000099999999986 0.00000000099999999986 0.00000000099999999986 0.00000000099999999986 0.00000000099999999986 0.00000000099999999986 0.00000000099999999986 0.00000000099999999986 0.00000000099999999986 0.00000000099999999986 0.00000000099999999986 
0.00000000099999999992 0.99999998600000039595 0.00000000099999999992 0.00000000099999999992 0.00000000099999999992 0.00000000099999999992 0.00000000099999999992 0.00000000099999999992 0.00000000099999999992 0.00000000099999999992 0.00000000099999999992 0.00000000099999999992 0.00000000099999999992 0.00000000099999999992 0.00000000099999999992 
0.00207384318731729895 0.98309000690610104378 0.00000000099999999994 0.01483613790658198581 0.00000000099999999994 0.00000000099999999994 0.00000000099999999994 0.00000000099999999994 0.00000000099999999994 0.00000000099999999994 0.00000000099999999994 0.00000000099999999994 0.00000000099999999994 0.00000000099999999994 0.00000000099999999994 
0.00000000099999999993 0.99999998600000028492 0.00000000099999999993 0.00000000099999999993 0.00000000099999999993 0.00000000099999999993 0.00000000099999999993 0.00000000099999999993 0.00000000099999999993 0.00000000099999999993 0.00000000099999999993 0.00000000099999999993 0.00000000099999999993 0.00000000099999999993 0.00000000099999999993 
0.00000000099999999992 0.99999998600000039595 0.00000000099999999992 0.00000000099999999992 0.00000000099999999992 0.00000000099999999992 0.00000000099999999992 0.00000000099999999992 0.00000000099999999992 0.00000000099999999992 0.00000000099999999992 0.00000000099999999992 0.00000000099999999992 0.00000000099999999992 0.00000000099999999992 
0.00000000099999999992 0.99999998600000028492 0.00000000099999999992 0.00000000099999999992 0.00000000099999999992 0.00000000099999999992 0.00000000099999999992 0.00000000099999999992 0.00000000099999999992 0.00000000099999999992 0.00000000099999999992 0.00000000099999999992 0.00000000099999999992 0.00000000099999999992 0.00000000099999999992 
0.00000000099999999989 0.99999998600000028492 0.00000000099999999989 0.00000000099999999989 0.00000000099999999989 0.00000000099999999989 0.00000000099999999989 0.00000000099999999989 0.00000000099999999989 0.00000000099999999989 0.00000000099999999989 0.00000000099999999989 0.00000000099999999989 0.00000000099999999989 0.00000000099999999989 
0.00029924320934127336 0.98131757627093663121 0.00000000099999999994 0.00000000099999999994 0.00000000099999999994 0.00000000099999999994 0.01838316851972256888 0.00000000099999999994 0.00000000099999999994 0.00000000099999999994 0.00000000099999999994 0.00000000099999999994 0.00000000099999999994 0.00000000099999999994 0.00000000099999999994 
0.00000000099999999992 0.89189928155946418542 0.00000000099999999992 0.00000000099999999992 0.00000000099999999992 0.00000000099999999992 0.00000000099999999992 0.00000000099999999992 0.00000000099999999992 0.10810070544053607122 0.00000000099999999992 0.00000000099999999992 0.00000000099999999992 0.00000000099999999992 0.00000000099999999992 
0.00000000099999999988 0.99999998600000039595 0.00000000099999999988 0.00000000099999999988 0.00000000099999999988 0.00000000099999999988 0.00000000099999999988 0.00000000099999999988 0.00000000099999999988 0.00000000099999999988 0.00000000099999999988 0.00000000099999999988 0.00000000099999999988 0.00000000099999999988 0.00000000099999999988 
0.00073937551130874525 0.91680247672399273196 0.00000000099999999996 0.00000000099999999996 0.00000000099999999996 0.00000000099999999996 0.00000000099999999996 0.00041452817273460375 0.01096549404193075845 0.07107811555003332171 0.00000000099999999996 0.00000000099999999996 0.00000000099999999996 0.00000000099999999996 0.00000000099999999996 
0.00000000099999999996 0.85967417693373970877 0.00000000099999999996 0.00365933242122972423 0.00000000099999999996 0.00000000099999999996 0.00000000099999999996 0.00000000099999999996 0.00000000099999999996 0.13666647864503089771 0.00000000099999999996 0.00000000099999999996 0.00000000099999999996 0.00000000099999999996 0.00000000099999999996 
0.00000000099999999993 0.99999998600000028492 0.00000000099999999993 0.00000000099999999993 0.00000000099999999993 0.00000000099999999993 0.00000000099999999993 0.00000000099999999993 0.00000000099999999993 0.00000000099999999993 0.00000000099999999993 0.00000000099999999993 0.00000000099999999993 0.00000000099999999993 0.00000000099999999993 
0.01641291529625316797 0.80711704394540084717 0.01382174126649655770 0.03237835384542753214 0.00000000099999999997 0.00000000099999999997 0.00000000099999999997 0.00000000099999999997 0.00000000099999999997 0.13026993564642200263 0.00000000099999999997 0.00000000099999999997 0.00000000099999999997 0.00000000099999999997 0.00000000099999999997 
0.00000000099999999993 0.98795930907030826695 0.00000000099999999993 0.00000000099999999993 0.00000000099999999993 0.00000000099999999993 0.00000000099999999993 0.00000000099999999993 0.00000000099999999993 0.01204067792969200010 0.00000000099999999993 0.00000000099999999993 0.00000000099999999993 0.00000000099999999993 0.00000000099999999993 
0.00000000099999999990 0.99999998600000039595 0.00000000099999999990 0.00000000099999999990 0.00000000099999999990 0.00000000099999999990 0.00000000099999999990 0.00000000099999999990 0.00000000099999999990 0.00000000099999999990 0.00000000099999999990 0.00000000099999999990 0.00000000099999999990 0.00000000099999999990 0.00000000099999999990 
0.00000000099999999994 0.00000000099999999994 0.00000000099999999994 0.00000000099999999994 0.00000000099999999994 0.00000000099999999994 0.00000000099999999994 0.00000000099999999994 0.00000000099999999994 0.02982595517996061707 0.00000000099999999994 0.00000000099999999994 0.00000000099999999994 0.97017403182003936202 0.00000000099999999994 
0.00000000099999999978 0.00000000099999999978 0.00000000099999999978 0.00000000099999999978 0.00000000099999999978 0.00000000099999999978 0.00000000099999999978 0.00000000099999999978 0.00000000099999999978 0.00000000099999999978 0.00000000099999999978 0.00000000099999999978 0.00000000099999999978 0.99999998599999995186 0.00000000099999999978 
0.00000000099999999992 0.00000000099999999992 0.00000000099999999992 0.00000000099999999992 0.00000000099999999992 0.00000000099999999992 0.00000000099999999992 0.00000000099999999992 0.00000000099999999992 0.00000000099999999992 0.00000000099999999992 0.00000000099999999992 0.00000000099999999992 0.99999998599999995186 0.00000000099999999992 
0.00000000099999999995 0.00000000099999999995 0.00000000099999999995 0.00000000099999999995 0.00000000099999999995 0.00000000099999999995 0.00000000099999999995 0.00000000099999999995 0.00000000099999999995 0.06159817193409259511 0.00000000099999999995 0.00000000099999999995 0.00000000099999999995 0.93840181506590736316 0.00000000099999999995 
0.00000000099999999992 0.00000000099999999992 0.00000000099999999992 0.00000000099999999992 0.00000000099999999992 0.00000000099999999992 0.00000000099999999992 0.00000000099999999992 0.01908070152836013195 0.00000000099999999992 0.00000000099999999992 0.00000000099999999992 0.00000000099999999992 0.98091928547163986796 0.00000000099999999992 
0.00000000099999999994 0.00000000099999999994 0.00000000099999999994 0.00000000099999999994 0.00000000099999999994 0.00000000099999999994 0.00000000099999999994 0.00000000099999999994 0.00000000099999999994 0.00000000099999999994 0.00000000099999999994 0.00000000099999999994 0.00000000099999999994 0.99999998599999995186 0.00000000099999999994 
0.00000000099999999978 0.00000000099999999978 0.00000000099999999978 0.00000000099999999978 0.00000000099999999978 0.00000000099999999978 0.00000000099999999978 0.00000000099999999978 0.00000000099999999978 0.00000000099999999978 0.00000000099999999978 0.00000000099999999978 0.00000000099999999978 0.99999998600000006288 0.00000000099999999978 
0.00000000099999999995 0.00000000099999999995 0.00000000099999999995 0.09755091494171118371 0.00000000099999999995 0.00000000099999999995 0.00000000099999999995 0.00000000099999999995 0.00000000099999999995 0.00000000099999999995 0.00000000099999999995 0.00000000099999999995 0.00000000099999999995 0.90244907205828872598 0.00000000099999999995 
0.00000000099999999994 0.00860984346157317275 0.00000000099999999994 0.04010126108302852765 0.00000000099999999994 0.00000000099999999994 0.00000000099999999994 0.00000000099999999994 0.00000000099999999994 0.25658593480478092408 0.00000000099999999994 0.00000000099999999994 0.00000000099999999994 0.61085149685305395462 0.08385145379756324402 
0.00000000099999999994 0.00000000099999999994 0.00000000099999999994 0.00000000099999999994 0.00000000099999999994 0.00000000099999999994 0.00000000099999999994 0.00000000099999999994 0.00000000099999999994 0.00000000099999999994 0.00000000099999999994 0.00000000099999999994 0.00000000099999999994 0.99999998599999995186 0.00000000099999999994 
0.00000000099999999983 0.00000000099999999983 0.00000000099999999983 0.00000000099999999983 0.00000000099999999983 0.00000000099999999983 0.00000000099999999983 0.00000000099999999983 0.00000000099999999983 0.99999998600000006288 0.00000000099999999983 0.00000000099999999983 0.00000000099999999983 0.00000000099999999983 0.00000000099999999983 
0.00000000099999999996 0.07422767267130794822 0.00000000099999999996 0.06443890864923622341 0.00000000099999999996 0.00000000099999999996 0.00000000099999999996 0.00000000099999999996 0.01548661621791316660 0.01197355545443088386 0.00000000099999999996 0.00000000099999999996 0.00000000099999999996 0.82980306297801986748 0.00407017502909201231 
0.00000000099999999989 0.00000000099999999989 0.00000000099999999989 0.00000000099999999989 0.00000000099999999989 0.00000000099999999989 0.00000000099999999989 0.00000000099999999989 0.00000000099999999989 0.00000000099999999989 0.00000000099999999989 0.00000000099999999989 0.00000000099999999989 0.99999998600000006288 0.00000000099999999989 
0.00000000099999999993 0.00000000099999999993 0.00000000099999999993 0.00000000099999999993 0.00000000099999999993 0.00000000099999999993 0.00000000099999999993 0.00000000099999999993 0.00000000099999999993 0.00000000099999999993 0.00000000099999999993 0.00000000099999999993 0.00000000099999999993 0.99999998600000006288 0.00000000099999999993 
0.00000000099999999993 0.00000000099999999993 0.00000000099999999993 0.00000000099999999993 0.00000000099999999993 0.00000000099999999993 0.00000000099999999993 0.00000000099999999993 0.00000000099999999993 0.00000000099999999993 0.00000000099999999993 0.00000000099999999993 0.00000000099999999993 0.99999998600000006288 0.00000000099999999993 
0.00000000099999999992 0.00000000099999999992 0.00000000099999999992 0.00000000099999999992 0.00000000099999999992 0.00000000099999999992 0.00000000099999999992 0.00000000099999999992 0.00000000099999999992 0.00000000099999999992 0.00000000099999999992 0.00000000099999999992 0.00000000099999999992 0.99999998599999995186 0.00000000099999999992 
0.00000000099999999993 0.00000000099999999993 0.00000000099999999993 0.00000013460901260580 0.00000000099999999993 0.00000000099999999993 0.00000000099999999993 0.00000000099999999993 0.00000000099999999993 0.03050648725125056082 0.00000000099999999993 0.00000000099999999993 0.00000000099999999993 0.96949336613973668975 0.00000000099999999993 
0.00000000099999999997 0.00000000099999999997 0.00000000099999999997 0.10371961319554146019 0.00000000099999999997 0.00912269845563640561 0.00000000099999999997 0.00000000099999999997 0.00000000099999999997 0.72271309476719558518 0.03973616925941277078 0.00000000099999999997 0.08863107925749004468 0.00529257854847557923 0.03078475851624808829 
0.00000000099999999999 0.00000018591514876031 0.06573012056450236451 0.04755285036466781051 0.09050196915981520429 0.00000000099999999999 0.00000000099999999999 0.00628646636806200372 0.32966365037648609482 0.03122687585555187356 0.09010210613760348541 0.31806705544857888368 0.00000000099999999999 0.00000000099999999999 0.02086871480958355299 
0.00000000099999999997 0.00000000099999999997 0.09049692631043534941 0.04579676115105252993 0.09360890096240118141 0.00000000099999999997 0.00000000099999999997 0.00000000099999999997 0.34035378614459105284 0.09257664986124977680 0.00000000099999999997 0.33716696657027006578 0.00000000099999999997 0.00000000099999999997 0.00000000099999999997 
0.00000000099999999997 0.00000000099999999997 0.09655159311280492318 0.07291768401274512090 0.10021611105295297195 0.00000000099999999997 0.00000000099999999997 0.01272891941209144603 0.35236282797921103516 0.00000000328977716435 0.00000000099999999997 0.36522285314041724735 0.00000000099999999997 0.00000000099999999997 0.00000000099999999997 
0.00000000099999999998 0.02029465177756538743 0.12038812545725434411 0.00000000099999999998 0.10055629691230139056 0.02621911839471554456 0.00000000099999999998 0.06687124476671375828 0.33383611520102363102 0.01092005563881942760 0.00000000099999999998 0.32091438485160667105 0.00000000099999999998 0.00000000099999999998 0.00000000099999999998 
0.00000000099999999997 0.04118051844155374425 0.12621113597419048036 0.07660461480576846727 0.09926692013853057051 0.00000000099999999997 0.00000000099999999997 0.00000000099999999997 0.29608682842556816039 0.00000000099999999997 0.00000000099999999997 0.36064997321438863054 0.00000000099999999997 0.00000000099999999997 0.00000000099999999997 
0.00000000099999999999 0.00000000099999999999 0.15788976109319891039 0.04211118406595638214 0.12397573326866498378 0.00492724946000869506 0.00000000099999999999 0.00000000099999999999 0.33468370019483234534 0.00000002680300390739 0.00000000099999999999 0.32441357981875729166 0.00000000099999999999 0.00000000099999999999 0.01199875829557737507 
0.00592861778236191544 0.00000001443600758546 0.07250679140852202276 0.08002382504599783730 0.08094521120242219314 0.02158287131353546842 0.00000000099999999997 0.00000001414811846304 0.34058753899306870583 0.01111557754910496611 0.08014149008228468873 0.30716804403857617123 0.00000000099999999997 0.00000000099999999997 0.00000000099999999997 
0.00735330356470800719 0.00000000099999999999 0.12570174761122360207 0.06053077444487505593 0.13719347446640176025 0.00000000099999999999 0.00000000099999999999 0.04774084656775768459 0.32719924998310428998 0.00001573586280527948 0.00000000099999999999 0.26900576641122703192 0.00000000099999999999 0.00000000099999999999 0.02525909508789730626 
0.00000000099999999998 0.06265386186819893455 0.12735747123709148521 0.00000000099999999998 0.11954947847841539132 0.00000000099999999998 0.00000000099999999998 0.05226596528804478003 0.32150895578505939154 0.00704656674436518124 0.00000000099999999998 0.30961769259882493399 0.00000000099999999998 0.00000000099999999998 0.00000000099999999998 
0.01990853078318380667 0.00000000099999999999 0.08320215648427108091 0.07552130174412866048 0.09693428585226059047 0.00000000099999999999 0.00000000099999999999 0.00000000099999999999 0.34812117813067300354 0.00000000168963222048 0.01256800644488887536 0.36374453187096172924 0.00000000099999999999 0.00000000099999999999 0.00000000099999999999 
0.00000000099999999994 0.00000000099999999994 0.00000000099999999994 0.00000000099999999994 0.00000000099999999994 0.00000000099999999994 0.00000000099999999994 0.00000000099999999994 0.00000000099999999994 0.39685301087646551732 0.00000000099999999994 0.00000000099999999994 0.01197794611897294928 0.59116903100456130726 0.00000000099999999994 
0.00000000099999999994 0.00000000099999999994 0.00000000099999999994 0.00018806270833482928 0.00747183530884886621 0.00000000099999999994 0.00000000099999999994 0.01459319372908740239 0.00000000099999999994 0.54887608615518612698 0.00000000099999999994 0.00000000099999999994 0.00000000099999999994 0.42887081209854283070 0.00000000099999999994 
0.00000000099999999990 0.00000000099999999990 0.00000000099999999990 0.00000000099999999990 0.00000000099999999990 0.00000000099999999990 0.00000000099999999990 0.00000000099999999990 0.00000000099999999990 0.48122350589986723213 0.00000000099999999990 0.00000000099999999990 0.00000000099999999990 0.51877648110013252492 0.00000000099999999990 
0.00000000099999999991 0.00000000099999999991 0.00000000099999999991 0.00000000099999999991 0.00000000099999999991 0.00000000099999999991 0.00000000099999999991 0.00000000099999999991 0.00000000099999999991 0.46156110906052810750 0.00000000099999999991 0.00000000099999999991 0.00000000099999999991 0.53843887793947176057 0.00000000099999999991 
0.00000000099999999996 0.00000000099999999996 0.00000000099999999996 0.00000000099999999996 0.00000018870324673267 0.04552285803338876335 0.00000000099999999996 0.02290131555862045393 0.00000000099999999996 0.55081402778214116900 0.00000000099999999996 0.00000000099999999996 0.00000000099999999996 0.38076159992260305565 0.00000000099999999996 
0.00000000099999999995 0.00000000099999999995 0.00000000099999999995 0.03957799238038773454 0.01578957736649679380 0.00000000099999999995 0.00000000099999999995 0.00196070563830647721 0.00000000099999999995 0.46039651755542382316 0.00000000099999999995 0.00000000099999999995 0.00000000099999999995 0.48227519705938531880 0.00000000099999999995 
0.00000000099999999990 0.00000000099999999990 0.00000000099999999990 0.00000000099999999990 0.00000000099999999990 0.00000000099999999990 0.00000000099999999990 0.00000000099999999990 0.00000000099999999990 0.45757884468218323892 0.00000000099999999990 0.00000000099999999990 0.00000000099999999990 0.54242114231781668465 0.00000000099999999990 
0.00000000099999999995 0.00000000099999999995 0.00000000099999999995 0.00000000099999999995 0.01132573997477605461 0.00000000099999999995 0.00000000099999999995 0.00000000099999999995 0.01446258418479511726 0.42961860056778217176 0.00000000099999999995 0.00000000099999999995 0.00000000099999999995 0.54459306427264653205 0.00000000099999999995 
0.00000000099999999992 0.00000000099999999992 0.00000000099999999992 0.00000000099999999992 0.00000000099999999992 0.00000000099999999992 0.00000000099999999992 0.00000000099999999992 0.00000000099999999992 0.80123799981963506056 0.00000000099999999992 0.00000000099999999992 0.00000000099999999992 0.19876198718036508506 0.00000000099999999992 
0.00000000099999999993 0.00000000099999999993 0.00000000099999999993 0.00000000099999999993 0.00000000099999999993 0.00000000099999999993 0.00000000099999999993 0.00000000099999999993 0.00124821214492662350 0.54039563558130576659 0.00000000099999999993 0.00000000099999999993 0.00000000099999999993 0.45835614027376758717 0.00000000099999999993 
0.00257047923804573294 0.00000009427893131433 0.05193042037365071251 0.00000037318949746706 0.02262234729503061897 0.02018709213536857769 0.00000000099999999998 0.05881933680200777254 0.01502734974855148356 0.06511314944670561211 0.61439936066889000443 0.00000000099999999998 0.01767682132113278237 0.00032984098945773355 0.13132333251273012320 
0.00396936902971684828 0.07045176830113324129 0.00000000099999999996 0.00000000099999999996 0.00000000099999999996 0.00000000099999999996 0.00000000099999999996 0.00000000099999999996 0.00000000099999999996 0.00000000099999999996 0.76023301482282912289 0.00000000099999999996 0.00000000099999999996 0.10061425042046444334 0.06473158742585639891 
0.03943104431908569379 0.23543621871634509701 0.05834062098348270081 0.01464475187342309526 0.00844781821334890728 0.00000000099999999999 0.00000000099999999999 0.02488777095298429914 0.02566804915238610207 0.01237779925820616661 0.38997034285729015313 0.00000000099999999999 0.00000000099999999999 0.04503519099857580116 0.14576038867487195461 
0.00000000099999999999 0.11845342191835471490 0.00000000099999999999 0.00547871589542169718 0.00000000099999999999 0.00000000099999999999 0.01692504212787429227 0.01164349492829229275 0.00000000099999999999 0.00000407936015750512 0.66818705150759050149 0.00000000099999999999 0.06481792742249141426 0.00000000099999999999 0.11449025983981768462 
0.00000000099999999997 0.00000000648101228901 0.01630644889612274662 0.09465404129650994980 0.00000000099999999997 0.00000000099999999997 0.00000000099999999997 0.33896046468050422540 0.04446290366245156389 0.19132089079654956976 0.00000000099999999997 0.00000000099999999997 0.00000000169863695241 0.23360922830552088847 0.08068600818269190678 
0.00000000099999999998 0.00478166817743316992 0.00150001013667251139 0.11609942113767519889 0.00000000099999999998 0.00000000099999999998 0.00000000099999999998 0.28549634885122615602 0.00000000099999999998 0.25156308563997031857 0.00000000099999999998 0.00000000099999999998 0.02228737609600371650 0.25379888721821819431 0.06447319574280083176 
0.00000000099999999997 0.04215604496185733352 0.00000000099999999997 0.12981842973952914533 0.00000000099999999997 0.00000000099999999997 0.00000000099999999997 0.25473244167530062487 0.00000000099999999997 0.30653992745441283052 0.00000000099999999997 0.00000000099999999997 0.01358709125964508227 0.15919106747884037567 0.09397498943041475428 
0.00012246048428016384 0.06340943434720167082 0.02413881895449763310 0.05727728628128361810 0.00000000099999999998 0.00966908798229544272 0.00000000099999999998 0.28968958743262840372 0.00000000099999999998 0.31598703326403770886 0.00000000099999999998 0.00000000099999999998 0.04959386752912270380 0.11408867749562930094 0.07602374122902345877 
0.00000000099999999997 0.00011869721171766730 0.00000000099999999997 0.08266386442931454581 0.00000000099999999997 0.00038728627783249310 0.00000000099999999997 0.38121864396864280078 0.00000087875785992708 0.29133953917685728729 0.00000000099999999997 0.00000000099999999997 0.04532445215545454625 0.12717125224723935251 0.07177537977508141598 
0.00000000099999999997 0.10643798224137653030 0.04168674225933197836 0.07048829351834708101 0.00000000099999999997 0.00000000099999999997 0.00000000099999999997 0.24977651100380168780 0.00000000099999999997 0.28209105324167577100 0.00000000099999999997 0.00000000099999999997 0.04559214424407713462 0.19451952479062470380 0.00940774170076514801 
0.00000000099999999976 0.00000000099999999976 0.00000000099999999976 0.00000000099999999976 0.00000000099999999976 0.00000000099999999976 0.00000000099999999976 0.00000000099999999976 0.00000000099999999976 0.00000000099999999976 0.00000000099999999976 0.00000000099999999976 0.99999998600000006288 0.00000000099999999976 0.00000000099999999976 
0.02678430935004179336 0.38884504674857356399 0.00000000099999999998 0.02224998546359128679 0.00000000099999999998 0.00000000099999999998 0.00000000099999999998 0.00000000099999999998 0.00837901557369038867 0.26557409558665717730 0.00000000099999999998 0.00000000099999999998 0.00000000099999999998 0.14537690765331165443 0.14279063162413405119 
0.00000000099999999998 0.34722144852603165077 0.00000000099999999998 0.06023708426028788476 0.00000000099999999998 0.03119115749580574776 0.00000000099999999998 0.00000056298558676727 0.00000000099999999998 0.16790435176873491629 0.10037617335235417271 0.00000000099999999998 0.00265357773497279081 0.12983130495438582885 0.16058433292184026708 
0.01149834313810349160 0.41138127209501768045 0.01455014172259180838 0.11698204670954591433 0.00000000099999999998 0.02417361045037894410 0.00000000099999999998 0.00000000099999999998 0.00000000099999999998 0.20378074354171701876 0.00000000099999999998 0.00000000099999999998 0.03345396222394179248 0.05436265211949556364 0.12981722199920811556 
0.00000000099999999998 0.39576852105725124353 0.00000000217609848701 0.14894408579984150243 0.03545469869295767018 0.00853343169216934025 0.00234612799516851957 0.00000000099999999998 0.00000000099999999998 0.18942316508717629842 0.00000000099999999998 0.00000000099999999998 0.04435598449028012313 0.05875079847092418844 0.11642317953813273446 
0.00000000099999999998 0.44162068080505290091 0.00000000099999999998 0.03583249750720612914 0.00000000099999999998 0.01068218555069541144 0.00770916318955747106 0.07856021294703245672 0.00000000099999999998 0.07952709220049024308 0.09906807568951328524 0.00000000099999999998 0.01531730011265616635 0.05845267393983606674 0.17323011305795987802 
0.00635176836773370876 0.52811983031475950856 0.00000000099999999999 0.10320222846097437674 0.00702028246712921907 0.00000000099999999999 0.00464063595249189758 0.07169623428868143744 0.00000000099999999999 0.09128993778856607511 0.00000000099999999999 0.00000000099999999999 0.02240398797479247264 0.12961691026147381667 0.03565817912339776935 
0.00000000099999999998 0.46105763447774611441 0.00000000099999999998 0.07024090660999410263 0.00000000099999999998 0.00262553594220623970 0.02043338730703933223 0.07173640894400515333 0.00000000099999999998 0.12005355071812383316 0.02026141035071844787 0.00000000099999999998 0.00923253082466833977 0.12477353986145130194 0.09958508996404727420 
0.00000000099999999998 0.39655440162808125448 0.04930951232897424347 0.04891735106003434336 0.00000000099999999998 0.03463178074250944372 0.00000000099999999998 0.07802501940686971948 0.01977941186069443261 0.11140643188624856086 0.06003546770406217870 0.00000000099999999998 0.02005178452913853118 0.07665726000813263830 0.10463157484525467678 
0.00000000099999999998 0.36886554591278586379 0.06621379635026244936 0.10583798124929007234 0.00000000099999999998 0.01124302999820510351 0.00000000099999999998 0.01546270234650956588 0.00000000099999999998 0.15249765019429417645 0.04138712471671555926 0.00000000099999999998 0.00448535275641165701 0.15419922778464717483 0.07980758369087830040 
0.00000000099999999998 0.46607446067220448249 0.00000000099999999998 0.00000000099999999998 0.00000000099999999998 0.00000000099999999998 0.00373703656573505343 0.06607369311726460359 0.00000000099999999998 0.21236235441573911298 0.00891568216919662489 0.00000000099999999998 0.00023418098306243924 0.11020583152349612555 0.13239675355330157713 
0.01133319666963478710 0.33347068784921995999 0.01924311556499160372 0.14238422498436500985 0.00543646807407690072 0.04988764777021299085 0.00952095836950069864 0.04373790289692050526 0.00000000099999999999 0.07423624506715428839 0.03446606891431285707 0.00000000099999999999 0.00000000099999999999 0.13782116542673839010 0.13846231541287226663 
0.00000000099999999999 0.44263482317342117689 0.00000003128026401652 0.08408573190358813176 0.00000000099999999999 0.03434586516254542476 0.00360671767074747076 0.04357005935790818352 0.02073695555487251388 0.15448343956727800252 0.01311315423058381086 0.00000000099999999999 0.03492213823942201534 0.07765769937813450652 0.09084338148123484447 
0.00000000099999999998 0.40152783115614260057 0.02315919703413974948 0.07873315628883929829 0.00000000099999999998 0.02184849780673317476 0.00000000099999999998 0.03278899590276418419 0.02821271740144508725 0.24454191674662165146 0.00000000099999999998 0.00000000099999999998 0.03060897975523699938 0.06183018754592084498 0.07674851536215657188 
0.00000000099999999996 0.57216036512923873492 0.03338173768495825144 0.00000000099999999996 0.00000000099999999996 0.00000000099999999996 0.00000000099999999996 0.08402013079160099152 0.00000000099999999996 0.00000000099999999996 0.09938447175066182637 0.00000000099999999996 0.03692651970484504137 0.00000000099999999996 0.17412676593869533259 
0.00000000099999999998 0.33870644914121228464 0.03361117381295624512 0.07633433357021482402 0.00000000099999999998 0.00907485823182628722 0.00000000099999999998 0.04611322373375698752 0.00000000099999999998 0.29566947180056890598 0.04342766674033821800 0.00000000099999999998 0.02635347921761665643 0.08082203055497054478 0.04988730819653910964 
0.04698173394980737633 0.00000000099999999994 0.00000000099999999994 0.03106749954459214064 0.00995842433083765285 0.00047942581112933488 0.00000000099999999994 0.02910761740887959220 0.31862658058667231442 0.56377871036808169247 0.00000000099999999994 0.00000000099999999994 0.00000000099999999994 0.00000000099999999994 0.00000000099999999994 
0.00000000099999999968 0.00000000099999999968 0.00000000099999999968 0.00000000099999999968 0.00000000099999999968 0.00000000099999999968 0.00000000099999999968 0.00000000099999999968 0.99999998600000006288 0.00000000099999999968 0.00000000099999999968 0.00000000099999999968 0.00000000099999999968 0.00000000099999999968 0.00000000099999999968 
0.00000000099999999964 0.00000000099999999964 0.00000000099999999964 0.00000000099999999964 0.00000000099999999964 0.00000000099999999964 0.00000000099999999964 0.00000000099999999964 0.99999998600000017390 0.00000000099999999964 0.00000000099999999964 0.00000000099999999964 0.00000000099999999964 0.00000000099999999964 0.00000000099999999964 
0.00000000099999999981 0.00000000099999999981 0.00000000099999999981 0.00000000099999999981 0.00000000099999999981 0.00000000099999999981 0.00000000099999999981 0.00000000099999999981 0.99999998600000017390 0.00000000099999999981 0.00000000099999999981 0.00000000099999999981 0.00000000099999999981 0.00000000099999999981 0.00000000099999999981 
0.00000000099999999968 0.00000000099999999968 0.00000000099999999968 0.00000000099999999968 0.00000000099999999968 0.00000000099999999968 0.00000000099999999968 0.00000000099999999968 0.99999998600000006288 0.00000000099999999968 0.00000000099999999968 0.00000000099999999968 0.00000000099999999968 0.00000000099999999968 0.00000000099999999968 
0.00000000099999999966 0.00000000099999999966 0.00000000099999999966 0.00000000099999999966 0.00000000099999999966 0.00000000099999999966 0.00000000099999999966 0.00000000099999999966 0.99999998600000006288 0.00000000099999999966 0.00000000099999999966 0.00000000099999999966 0.00000000099999999966 0.00000000099999999966 0.00000000099999999966 
0.00000000099999999982 0.00000000099999999982 0.00000000099999999982 0.00000000099999999982 0.00000000099999999982 0.00000000099999999982 0.00000000099999999982 0.00000000099999999982 0.99999998600000006288 0.00000000099999999982 0.00000000099999999982 0.00000000099999999982 0.00000000099999999982 0.00000000099999999982 0.00000000099999999982 
0.00000000099999999969 0.00000000099999999969 0.00000000099999999969 0.00000000099999999969 0.00000000099999999969 0.00000000099999999969 0.00000000099999999969 0.00000000099999999969 0.99999998600000006288 0.00000000099999999969 0.00000000099999999969 0.00000000099999999969 0.00000000099999999969 0.00000000099999999969 0.00000000099999999969 
0.02297591707871185496 0.00000000099999999991 0.00000000099999999991 0.00000000099999999991 0.00000000099999999991 0.00000000099999999991 0.00000000099999999991 0.00000000099999999991 0.80305392778614770322 0.17397014313514053141 0.00000000099999999991 0.00000000099999999991 0.00000000099999999991 0.00000000099999999991 0.00000000099999999991 
0.00000000099999999978 0.00000000099999999978 0.00000000099999999978 0.00000000099999999978 0.00000000099999999978 0.00000000099999999978 0.00000000099999999978 0.00000000099999999978 0.99999998600000017390 0.00000000099999999978 0.00000000099999999978 0.00000000099999999978 0.00000000099999999978 0.00000000099999999978 0.00000000099999999978 
0.00000000099999999998 0.00000000099999999998 0.00000000099999999998 0.04635034265116410451 0.01285350293715912043 0.00831154549469906995 0.01604480444203362083 0.01549130441482352537 0.00000000099999999998 0.34197464174490471711 0.00000000099999999998 0.00000000099999999998 0.00000000099999999998 0.55897385031521562571 0.00000000099999999998 
0.00000000099999999993 0.00000000099999999993 0.00000000099999999993 0.00000000099999999993 0.00000000099999999993 0.01592289867640724402 0.00433683593310211883 0.01194152837568805865 0.00000000099999999993 0.32506682997662444956 0.00000000099999999993 0.00000000099999999993 0.00000000099999999993 0.64273189703817790175 0.00000000099999999993 
0.00000000099999999998 0.06727052093317115178 0.00000000099999999998 0.00000000099999999998 0.00012915137337713093 0.00000000099999999998 0.00132242760571244411 0.07990199212813214880 0.06701936490741235153 0.78435653405219485368 0.00000000099999999998 0.00000000099999999998 0.00000000099999999998 0.00000000099999999998 0.00000000099999999998 
0.00000000099999999992 0.00000000099999999992 0.00000000099999999992 0.00000000099999999992 0.00000000099999999992 0.00000000099999999992 0.00000000099999999992 0.01632387527262403257 0.10570385124952626221 0.87797226147784990236 0.00000000099999999992 0.00000000099999999992 0.00000000099999999992 0.00000000099999999992 0.00000000099999999992 
0.00229549969937534225 0.01878949010431810174 0.00000000099999999997 0.00000000099999999997 0.03985345924884198254 0.03263280299968084747 0.00000000099999999997 0.01825917269755104877 0.08854045213292617567 0.79962911511730638825 0.00000000099999999997 0.00000000099999999997 0.00000000099999999997 0.00000000099999999997 0.00000000099999999997 
0.00000000099999999993 0.00000000099999999993 0.00000000099999999993 0.00000000099999999993 0.02345060452557335903 0.00000000099999999993 0.00000000099999999993 0.02914524897593083475 0.09103562620650604287 0.85636850929198993221 0.00000000099999999993 0.00000000099999999993 0.00000000099999999993 0.00000000099999999993 0.00000000099999999993 
0.00000000099999999991 0.00000000099999999991 0.00000000099999999991 0.00000000099999999991 0.00000000099999999991 0.00000000099999999991 0.00000000099999999991 0.01853494910253512123 0.00000000099999999991 0.98146503789746486479 0.00000000099999999991 0.00000000099999999991 0.00000000099999999991 0.00000000099999999991 0.00000000099999999991 
0.00000000099999999990 0.00000000099999999990 0.00000000099999999990 0.00000000099999999990 0.01303992429421252375 0.00000000099999999990 0.00000000099999999990 0.03811653587105539448 0.06898241809557133231 0.87986111073916084546 0.00000000099999999990 0.00000000099999999990 0.00000000099999999990 0.00000000099999999990 0.00000000099999999990 
0.00000000099999999994 0.00000000099999999994 0.00000000099999999994 0.00000000099999999994 0.00000000099999999994 0.00000000099999999994 0.00000000099999999994 0.03994399278436663869 0.00000000099999999994 0.96005599421563347917 0.00000000099999999994 0.00000000099999999994 0.00000000099999999994 0.00000000099999999994 0.00000000099999999994 
0.00000000099999999991 0.00000000099999999991 0.00000000099999999991 0.00000000099999999991 0.00000000099999999991 0.00000000099999999991 0.00000000099999999991 0.04276006302622748639 0.02585476490226673585 0.93138516007150584652 0.00000000099999999991 0.00000000099999999991 0.00000000099999999991 0.00000000099999999991 0.00000000099999999991 
0.00000000099999999989 0.00000000099999999989 0.00000000099999999989 0.00000000099999999989 0.01895608580046888661 0.00000000099999999989 0.00000000099999999989 0.00000000099999999989 0.06281934348148164593 0.91822455871804953276 0.00000000099999999989 0.00000000099999999989 0.00000000099999999989 0.00000000099999999989 0.00000000099999999989 
0.00000000099999999989 0.00000000099999999989 0.00000000099999999989 0.00000000099999999989 0.00000000099999999989 0.00000000099999999989 0.00000000099999999989 0.00000000099999999989 0.05075894400689022479 0.94924104299310996247 0.00000000099999999989 0.00000000099999999989 0.00000000099999999989 0.00000000099999999989 0.00000000099999999989 
