0.00000000099999999999 0.02376835094727818704 0.02011476741341938768 0.00000000099999999999 0.00000000099999999999 0.00000000099999999999 0.00856199755912443079 0.00000000099999999999 0.01436328759108303557 0.93319159148909502921 
0.00000000099999999996 0.00000000099999999996 0.00000000099999999996 0.00000000099999999996 0.00000000099999999996 0.00000000099999999996 0.00000000099999999996 0.00000000099999999996 0.00000000099999999996 0.99999999099999992147 
0.00000000099999999999 0.00000000099999999999 0.03428979038930973777 0.00000000099999999999 0.00000000099999999999 0.00000000099999999999 0.00678242880785889964 0.00000000099999999999 0.01074317743569571174 0.94818459736713567310 
0.00000000099999999995 0.00000000099999999995 0.00000000099999999995 0.00000000099999999995 0.00000000099999999995 0.00000000099999999995 0.00000000099999999995 0.00000000099999999995 0.00000000099999999995 0.99999999099999992147 
0.00000000099999999998 0.00000000099999999998 0.03869279711074192357 0.00000000099999999998 0.00000000099999999998 0.00000000099999999998 0.00000000099999999998 0.00000000099999999998 0.02510598959261406068 0.93620120629664405065 
0.00000000099999999999 0.00643010569007325394 0.05669724441274906490 0.00000000099999999999 0.00000000099999999999 0.00000000099999999999 0.00672537562090808321 0.08066890886073534161 0.05981650204591608400 0.78966185936961807990 
0.00000000099999999999 0.02803302093199533385 0.07721716598687823618 0.00000000099999999999 0.00000000099999999999 0.00702576990550661269 0.00000000099999999999 0.00000000099999999999 0.00000000099999999999 0.88772403717561987335 
0.00000000099999999999 0.05875625969436842899 0.11097414266519955994 0.00000000099999999999 0.00000000099999999999 0.00000000099999999999 0.00000000099999999999 0.00000000099999999999 0.05285474481655145357 0.77741484682388062311 
0.00000000099999999998 0.00000000099999999998 0.00000000099999999998 0.00000000099999999998 0.00000000099999999998 0.00000000099999999998 0.00000000099999999998 0.00000000099999999998 0.00000000099999999998 0.99999999100000003249 
0.00000000099999999999 0.00000000099999999999 0.09561662112442122219 0.00650486228929440802 0.00000000099999999999 0.00000000099999999999 0.00000000099999999999 0.01295145847382371887 0.06582915630536886886 0.81909789680709177428 
0.00000000099999999997 0.00000000099999999997 0.00000000099999999997 0.00000000099999999997 0.00000000099999999997 0.00000000099999999997 0.00000000099999999997 0.00000000099999999997 0.02684638271659025785 0.97315360928340977065 
0.00000000099999999998 0.00000000099999999998 0.04308067196356601264 0.00000000099999999998 0.00000000099999999998 0.00000000099999999998 0.02771773605270022936 0.00000000099999999998 0.01919397739725379678 0.91000760858647999907 
0.04681763442487390375 0.00000000099999999998 0.00650893792919931841 0.00000000099999999998 0.00000000099999999998 0.00000000099999999998 0.00000000099999999998 0.00000000099999999998 0.00703656552991994283 0.93963685611600678005 
0.00094811432115993123 0.00000000099999999997 0.00000000099999999997 0.27255370940674611413 0.00000000099999999997 0.08864894891239809283 0.00000000099999999997 0.61597832740618985170 0.02187089495350582821 0.00000000099999999997 
0.00000000099999999998 0.00000000099999999998 0.00000000099999999998 0.28445787345448442229 0.00000000099999999998 0.13057697808754140101 0.05613955050641579458 0.52882559195155842691 0.00000000099999999998 0.00000000099999999998 
0.00579190482127459917 0.00000000099999999998 0.00000000099999999998 0.35568182071840326319 0.00303086803383740373 0.12408554797526631652 0.00000000099999999998 0.51139364892176797373 0.00001620552945021212 0.00000000099999999998 
0.03186574178843155219 0.00000000099999999999 0.00000000099999999999 0.28301060145895612363 0.01107179000647964470 0.21507144368147398938 0.00306078555224816983 0.40084749544501863117 0.00954817097164682542 0.04552396909574478456 
0.00000000099999999997 0.00000000099999999997 0.00000000099999999997 0.31745588030424726211 0.00000000099999999997 0.11558500314117214902 0.00761290287058173469 0.55934589357556629974 0.00000031510843240353 0.00000000099999999997 
0.00000000099999999999 0.00000000099999999999 0.00000000099999999999 0.31672130312041801847 0.00000000099999999999 0.11175756351306016800 0.02129479502937918489 0.54219230160052089840 0.00803403173662172593 0.00000000099999999999 
0.06598593485518937374 0.00000000099999999998 0.00000000099999999998 0.29760426977471843291 0.00000000099999999998 0.12528239174177696613 0.00000000099999999998 0.51112739762831527202 0.00000000099999999998 0.00000000099999999998 
0.00000000099999999998 0.00000000099999999998 0.00000000099999999998 0.31347432769389155238 0.04713915928462471261 0.10887065264361196759 0.00000000099999999998 0.48516338947561576944 0.00435924662723853780 0.04099322027501742932 
0.00820849504402858948 0.00000000099999999998 0.00000000099999999998 0.43709761750068759634 0.00086847565528227165 0.07786879687738910982 0.00000000099999999998 0.45200437185928266093 0.00000000099999999998 0.02395223906332964378 
0.02243437303540081126 0.00000000099999999997 0.00000000099999999997 0.32756076402935269121 0.00000000099999999997 0.09512139886663054100 0.01348318278771552803 0.51122102313240935789 0.03017925414849107965 0.00000000099999999997 
0.00831824833323952829 0.00000000099999999999 0.00000000099999999999 0.32152945562598717055 0.00000000099999999999 0.15042812659018447996 0.01196136072995075510 0.44613980396504149262 0.04297418597003606344 0.01864881578556036590 
0.06404136400737371615 0.00001870298472533244 0.00000000099999999999 0.39771420117387551452 0.00589953742882926273 0.05701386200472960408 0.00000000099999999999 0.47531232840046661048 0.00000000099999999999 0.00000000099999999999 
0.03941460654563875426 0.00000000099999999998 0.00000000099999999998 0.32165233745036897473 0.00000000099999999998 0.10133754639992952062 0.04111651005466229053 0.47253481014996101539 0.02394418539943938759 0.00000000099999999998 
0.02427295758071947029 0.00000000099999999998 0.00000000099999999998 0.41590586336810236867 0.02376939758343180747 0.05742410232532162845 0.01624347394368949246 0.36849809807050659671 0.01920110942330186324 0.07468499570492674600 
0.04765439809140472466 0.00000000099999999998 0.00000000099999999998 0.32431093948931871696 0.00000000099999999998 0.15703124696083978207 0.02832702248943596082 0.44267638796900082854 0.00000000099999999998 0.00000000099999999998 
0.02218454738891753597 0.00000000099999999997 0.00000000099999999997 0.27461755841448487470 0.00000000099999999997 0.13621310951018961166 0.00000000099999999997 0.55624149540267031622 0.01074328428373766235 0.00000000099999999997 
0.00000000099999999996 0.00000000099999999996 0.00000000099999999996 0.56391809559436834043 0.00000000099999999996 0.00000000099999999996 0.01083210638570478862 0.42524979101992704811 0.00000000099999999996 0.00000000099999999996 
0.00000000099999999994 0.00000000099999999994 0.00000000099999999994 0.46644765606654253753 0.00000000099999999994 0.00000000099999999994 0.00000000099999999994 0.53355233593345741117 0.00000000099999999994 0.00000000099999999994 
0.04245131398930382383 0.00000000099999999997 0.00000000099999999997 0.45897610680680622774 0.00000000099999999997 0.00000000099999999997 0.00000000099999999997 0.49857257220389017416 0.00000000099999999997 0.00000000099999999997 
0.00862744298563646907 0.00000000099999999997 0.00000000099999999997 0.54641232285367791199 0.00000000099999999997 0.01371541550212856606 0.02074293056425714071 0.41050188309430002409 0.00000000099999999997 0.00000000099999999997 
0.02296346032471062795 0.00000000099999999996 0.00000000099999999996 0.52201942635335218945 0.00000000099999999996 0.00000000099999999996 0.00000000099999999996 0.43131150842473087170 0.02370559889720648405 0.00000000099999999996 
0.01195872038674338639 0.01520677101850582275 0.00000000099999999998 0.52488843969261467226 0.01075036585835772301 0.00672035100938022864 0.00000000099999999998 0.43047534803439813089 0.00000000099999999998 0.00000000099999999998 
0.00000000099999999994 0.00000000099999999994 0.00000000099999999994 0.46728380009480197099 0.00000000099999999994 0.00000000099999999994 0.00000000099999999994 0.53271619190519781117 0.00000000099999999994 0.00000000099999999994 
0.03071460204552274240 0.00000000099999999998 0.00000000099999999998 0.53952353381950535205 0.00000000099999999998 0.00000000099999999998 0.00000000099999999998 0.42976185713497211394 0.00000000099999999998 0.00000000099999999998 
0.00000000099999999996 0.00000000099999999996 0.00000000099999999996 0.62582306168349399744 0.00000000099999999996 0.00310250030048451033 0.00000000099999999996 0.37107443101602149982 0.00000000099999999996 0.00000000099999999996 
0.01729746059575726358 0.00000000099999999997 0.00000000099999999997 0.46061210569364696710 0.00000000099999999997 0.00000035214749564264 0.00518988079454529763 0.51690019576855472661 0.00000000099999999997 0.00000000099999999997 
0.00000000099999999986 0.00000000099999999986 0.00000000099999999986 0.99999999100000003249 0.00000000099999999986 0.00000000099999999986 0.00000000099999999986 0.00000000099999999986 0.00000000099999999986 0.00000000099999999986 
0.04279834050745608826 0.00000000099999999997 0.00000000099999999997 0.48392518360201242089 0.00000000099999999997 0.00000000099999999997 0.00000000099999999997 0.45792994866181807589 0.01534652122871338169 0.00000000099999999997 
0.00000000099999999995 0.00000000099999999995 0.00000000099999999995 0.53413237698503712725 0.00000000099999999995 0.00000000099999999995 0.00000000099999999995 0.46586761501496298798 0.00000000099999999995 0.00000000099999999995 
0.01283970500272372389 0.00000000099999999997 0.00000000099999999997 0.49066361125779822672 0.00000000099999999997 0.00000000099999999997 0.00000000099999999997 0.49649667673947828206 0.00000000099999999997 0.00000000099999999997 
0.03098111208309827294 0.00000000099999999997 0.00000000099999999997 0.48412436331725589023 0.01652023574525407837 0.01472167316906777823 0.00000000099999999997 0.45365261068532386490 0.00000000099999999997 0.00000000099999999997 
0.00000000099999999997 0.00000000099999999997 0.00000000099999999997 0.53730123499487669747 0.00000000099999999997 0.00716908671175301403 0.00000000099999999997 0.45552967129337035290 0.00000000099999999997 0.00000000099999999997 
0.01200498217442173311 0.00000000099999999997 0.00000000099999999997 0.58303466129054293265 0.00000000099999999997 0.00000000099999999997 0.00000000099999999997 0.40496034953503551312 0.00000000099999999997 0.00000000099999999997 
0.02641674222996670887 0.09503578063337972393 0.00000000099999999998 0.81585056406696621067 0.00000000099999999998 0.00000000099999999998 0.00000000099999999998 0.00070717216584881477 0.00000000099999999998 0.06198973590383867471 
0.00000000099999999999 0.00000000099999999999 0.32294357394169714848 0.06822362763823518195 0.00000000099999999999 0.02045126270153261802 0.09770322532054698250 0.00976918437066130740 0.33191943770831189298 0.14898968531901504719 
0.00947133398165572911 0.00000000099999999999 0.35855121456198096874 0.15596387843279610474 0.00000000099999999999 0.00754144178553015597 0.11283743048565775258 0.00000000099999999999 0.33304556523818057423 0.02258913251419882029 
0.02119519786532866185 0.00000000099999999999 0.39357678142563728985 0.06296042323467414270 0.00000000099999999999 0.05304159588808183418 0.12151112566166952234 0.00000000099999999999 0.34499445581573950914 0.00272041710886902722 
0.03436611974257941515 0.00000000099999999999 0.33874959615702210369 0.03964360794747235489 0.00000000099999999999 0.08325511581986400067 0.12349071373676295815 0.00000000099999999999 0.31823792629956937361 0.06225691729672970520 
0.00000000099999999999 0.00000000099999999999 0.37563992063904710905 0.07863008442606493620 0.00898600183766508354 0.04659903879836452961 0.12056926953187009632 0.00000000099999999999 0.28557395358706672006 0.08400172817992158925 
0.01640337163759491429 0.00000000100000000000 0.32783521488981964831 0.03528636294345204039 0.03540232346452928253 0.00000000100000000000 0.13530715461078779427 0.00002954528125766593 0.32840406254192133773 0.12133196263063730780 
0.03608955002532589912 0.00000000099999999998 0.30491173229792994936 0.06706793769780182435 0.00000000099999999998 0.01566758115264870951 0.08968394743616701914 0.00000000099999999998 0.33777821916317146700 0.14880102922695520595 
0.00000000100000000000 0.00882780332780100374 0.26052376551497535839 0.07374921745967261133 0.00918788700394676874 0.05530245055201792742 0.14801531048242427824 0.00000000100000000000 0.31004524056749926952 0.13434832309166283570 
0.00000000100000000000 0.00000000100000000000 0.31575532533568329008 0.04365677797057638393 0.01792768036669415560 0.07128363701064990843 0.13125913677930342582 0.00000000100000000000 0.31435351544953560321 0.10576392408755720675 
0.00000000099999999999 0.00000000099999999999 0.36412051797841465950 0.07160178402082593985 0.01879555955374502541 0.00000000099999999999 0.10282890416541672074 0.00000000099999999999 0.35319148152070323210 0.08946174876089429961 
0.00000000099999999997 0.02831735149799006340 0.00000000099999999997 0.77864835842862156756 0.00000000099999999997 0.00709418590769369129 0.00292669692012865025 0.18301340224556597591 0.00000000099999999997 0.00000000099999999997 
0.01693595479379593829 0.05450463023648691174 0.00000000099999999997 0.85345517502771284235 0.00000000099999999997 0.03766036779185227140 0.03448598194332314071 0.00295788620682906848 0.00000000099999999997 0.00000000099999999997 
0.00002519510660577143 0.00000000099999999996 0.00000000099999999996 0.85829737439178577230 0.00000000099999999996 0.03304845060963253200 0.00000000099999999996 0.10862897389197596898 0.00000000099999999996 0.00000000099999999996 
0.00000000099999999997 0.00000000099999999997 0.00000000099999999997 0.86555766823343693872 0.00000000099999999997 0.05435854435376501204 0.00000000099999999997 0.08008378041279823334 0.00000000099999999997 0.00000000099999999997 
0.07201795999308750751 0.01900037581721073301 0.00000000099999999999 0.80008884978936312127 0.00000000099999999999 0.06931368447629095153 0.00340957759076835395 0.03505965412089478983 0.00110989521238466071 0.00000000099999999999 
0.00000000099999999998 0.00000000099999999998 0.00000000099999999998 0.79239095676525406198 0.00000000099999999998 0.05401620429510158028 0.02119822342922186506 0.13239460951042256176 0.00000000099999999998 0.00000000099999999998 
0.00000000099999999996 0.01336153728196437691 0.00000000099999999996 0.88821869434039713020 0.00000000099999999996 0.00000000099999999996 0.00000000099999999996 0.09841976137763849830 0.00000000099999999996 0.00000000099999999996 
0.02050082268409328390 0.00000000099999999998 0.00000000099999999998 0.79800960906084539292 0.00000000099999999998 0.00922161961363933760 0.02643552668794915336 0.14270407595950129753 0.00312834199397149558 0.00000000099999999998 
0.00286482618785460731 0.00000000099999999996 0.00000000099999999996 0.97177706510431316467 0.00000000099999999996 0.02535810170783228332 0.00000000099999999996 0.00000000099999999996 0.00000000099999999996 0.00000000099999999996 
0.00000000099999999997 0.00000000099999999997 0.00000000099999999997 0.83744950049532540515 0.00000000099999999997 0.04548726695025883532 0.00000000099999999997 0.10049994237165570110 0.01656328418276012751 0.00000000099999999997 
0.02191949241139139193 0.04106078331785476682 0.00000000099999999999 0.02425727222987283938 0.00000000099999999999 0.06258349676874419565 0.01057217665352245400 0.20421400751401394547 0.06246963651647748778 0.57292313258812299637 
0.00000000099999999998 0.00000000099999999998 0.00000000099999999998 0.00000000099999999998 0.00000000099999999998 0.00000000099999999998 0.00000000099999999998 0.32470787851111748701 0.03622171504007865722 0.63907039944880383864 
0.02794069901824282678 0.00000000099999999999 0.00000000099999999999 0.10035344266125030555 0.02289936736957129404 0.05665623323975238490 0.00955101553326655368 0.29841273657007305609 0.05280770106368355005 0.43137880254415994496 
0.00000000100000000000 0.08200991606297974856 0.00000000100000000000 0.03000826401912680755 0.01417617422014507550 0.03054318635568053705 0.00000000100000000000 0.21845938761507058268 0.01736673230524445749 0.60743633642175287601 
0.00000000099999999998 0.00726678131220824790 0.00000000099999999998 0.38430062413842541735 0.00000000099999999998 0.37079191732944838389 0.00000000099999999998 0.20132973407614446204 0.03631093814377333445 0.00000000099999999998 
0.00000000099999999998 0.03079123888213722987 0.00000000099999999998 0.46099185932090874784 0.00000000099999999998 0.32947289408616026174 0.00000000099999999998 0.17874400171079371513 0.00000000099999999998 0.00000000099999999998 
0.00000000099999999998 0.03176506851531168268 0.00000000099999999998 0.48691642578816884956 0.00000000099999999998 0.29729492694131176567 0.00000000099999999998 0.18402357275520761504 0.00000000099999999998 0.00000000099999999998 
0.02224822873958857278 0.05423296882905995903 0.00000000099999999999 0.44208643741148107020 0.00000000099999999999 0.31276508224181509554 0.00000000099999999999 0.16866727777805537447 0.00000000099999999999 0.00000000099999999999 
0.00472227853925612142 0.05264598787082253040 0.00000000099999999998 0.41505668543220169964 0.00000000099999999998 0.40053532722844903402 0.00000000099999999998 0.12703971592927074119 0.00000000099999999998 0.00000000099999999998 
0.00000000099999999999 0.04788987798115326711 0.00000000099999999999 0.47938270693770435038 0.00000000099999999999 0.29307448075660513798 0.00004355984221847485 0.17960936948231895349 0.00000000099999999999 0.00000000099999999999 
0.00000000099999999985 0.99999999100000014352 0.00000000099999999985 0.00000000099999999985 0.00000000099999999985 0.00000000099999999985 0.00000000099999999985 0.00000000099999999985 0.00000000099999999985 0.00000000099999999985 
0.00776305656664922836 0.00000254153731242746 0.00000000099999999999 0.48332176000440341124 0.02863555762840117036 0.03772944629932475924 0.00576380594064207236 0.41860514203686044477 0.01817868798640654912 0.00000000099999999999 
0.07377919377571955095 0.01433165664907220214 0.00000000099999999999 0.36363202687267798252 0.00000000099999999999 0.04130303673049158519 0.00000000099999999999 0.42107360181786668285 0.00000000099999999999 0.08588048015417203140 
0.06549781397968403029 0.03773928859519586759 0.00000000099999999999 0.43279220180828587017 0.00000005004192323043 0.05272974013420975853 0.00000000099999999999 0.38719502188070281656 0.00000032525031926191 0.02404555630967918078 
0.05823585528296045671 0.05058256151520115762 0.00000000099999999999 0.46860248957605910025 0.00405850259275843464 0.00571100773765172674 0.04934402779874998146 0.36346555249661927078 0.00000000099999999999 0.00000000099999999999 
0.03865705066745451363 0.02141527282128224616 0.00000000099999999999 0.23458406973093279269 0.00499337876461618518 0.12971524237191092710 0.00000000099999999999 0.46425312924250000668 0.01337823370242990223 0.09300362069887335714 
0.02018443929790110156 0.02097756391896921785 0.00000000100000000000 0.38132173937807012365 0.01366684071927419704 0.16085553433480895280 0.01346515774241097661 0.35871397179574437963 0.00052760799409139918 0.03028714381872977396 
0.04493022815828746214 0.01234880765313720909 0.00000000099999999999 0.34925633138172773595 0.01623306991878626857 0.13570979650416575835 0.00000000099999999999 0.40157475537827558298 0.00000000099999999999 0.03994700800561992726 
0.06407869686117323438 0.01781665502309507862 0.00000000099999999999 0.27119262956736100989 0.00000596137379124090 0.12898288558091189349 0.00000000099999999999 0.36199619311442854386 0.04096704315119990142 0.11495993332803913778 
0.04979778218820742758 0.00735745446720808931 0.00000000099999999999 0.40969280657050777261 0.00000000099999999999 0.07691129030567282754 0.00624361693511526344 0.33183055024283242274 0.00000000099999999999 0.11816649629045626602 
0.00329868853553919343 0.00355762916135246706 0.00000000099999999999 0.40196092686004597505 0.00007752332863468825 0.12703261734191123589 0.00000000099999999999 0.41957536786713600652 0.00000000099999999999 0.04449724390538049162 
0.09769043782768911666 0.00000000099999999999 0.00000000099999999999 0.33345297836139831116 0.02356675367543317745 0.09450033867249840736 0.01205348798396937288 0.36565996827344227071 0.00000000099999999999 0.07307603220556956047 
0.07371258643939739008 0.02866278208108726314 0.00000000099999999999 0.36155625277046277155 0.00011831079559859422 0.10095202551852180961 0.00000000099999999999 0.37218081639828343166 0.02541769681181444210 0.03739952718483417760 
0.05506525670038527748 0.03545960918202349654 0.00000000099999999999 0.44480835451826494786 0.00910969490127205676 0.08905012962673759802 0.00000000099999999999 0.32906160001346485000 0.03744535205785169685 0.00000000099999999999 
0.00450208915646511509 0.04011095431959758179 0.00000000099999999999 0.07777849315060081370 0.00000000099999999999 0.20186457823676381973 0.00000000099999999999 0.49180897870064410604 0.01646099725482894419 0.16747390618109961324 
0.03821280587530465761 0.02148895887828314311 0.00000000099999999999 0.48744672271027456034 0.00000000099999999999 0.08566738897173367673 0.00000000099999999999 0.27599139989809950979 0.00411680409244651914 0.08707591657385807538 
0.00000069346538476215 0.00000000099999999995 0.00000000099999999995 0.60025143756190735278 0.02980257774594930950 0.02678187326099338780 0.01732514492714472970 0.00000000099999999995 0.32583826903862045388 0.00000000099999999995 
0.00000000099999999979 0.00000000099999999979 0.00000000099999999979 0.00000000099999999979 0.00000000099999999979 0.00000000099999999979 0.00000000099999999979 0.00000000099999999979 0.99999999099999992147 0.00000000099999999979 
0.00000000099999999977 0.00000000099999999977 0.00000000099999999977 0.00000000099999999977 0.00000000099999999977 0.00000000099999999977 0.00000000099999999977 0.00000000099999999977 0.99999999099999992147 0.00000000099999999977 
0.00000000099999999988 0.00000000099999999988 0.00000000099999999988 0.00000000099999999988 0.00000000099999999988 0.00000000099999999988 0.00000000099999999988 0.00000000099999999988 0.99999999099999992147 0.00000000099999999988 
0.00000000099999999979 0.00000000099999999979 0.00000000099999999979 0.00000000099999999979 0.00000000099999999979 0.00000000099999999979 0.00000000099999999979 0.00000000099999999979 0.99999999099999992147 0.00000000099999999979 
0.00000000099999999978 0.00000000099999999978 0.00000000099999999978 0.00000000099999999978 0.00000000099999999978 0.00000000099999999978 0.00000000099999999978 0.00000000099999999978 0.99999999100000003249 0.00000000099999999978 
0.00000000099999999988 0.00000000099999999988 0.00000000099999999988 0.00000000099999999988 0.00000000099999999988 0.00000000099999999988 0.00000000099999999988 0.00000000099999999988 0.99999999099999992147 0.00000000099999999988 
0.00000000099999999979 0.00000000099999999979 0.00000000099999999979 0.00000000099999999979 0.00000000099999999979 0.00000000099999999979 0.00000000099999999979 0.00000000099999999979 0.99999999099999992147 0.00000000099999999979 
0.00000000099999999993 0.00000000099999999993 0.00000000099999999993 0.18926874198885657030 0.00266527534299209820 0.00000000099999999993 0.00000000099999999993 0.00000000099999999993 0.80806597566815130396 0.00000000099999999993 
0.00000000099999999985 0.00000000099999999985 0.00000000099999999985 0.00000000099999999985 0.00000000099999999985 0.00000000099999999985 0.00000000099999999985 0.00000000099999999985 0.99999999099999992147 0.00000000099999999985 
0.03705674016675989529 0.00044618811082928350 0.00000000099999999998 0.65704518010587464882 0.01805539997434594396 0.04133206149830454673 0.01860443419257179834 0.22745999295131402729 0.00000000099999999998 0.00000000099999999998 
0.03887931883322257032 0.00000000099999999996 0.00000000099999999996 0.67987494601748399425 0.00000000099999999996 0.06163080030590249725 0.00000000099999999996 0.21961492884339084419 0.00000000099999999996 0.00000000099999999996 
0.00000000099999999999 0.00000000099999999999 0.00000000099999999999 0.80577093949370726111 0.00000000099999999999 0.08257951158736523412 0.00000000099999999999 0.00000000099999999999 0.08259374937220943791 0.02905579354671813247 
0.00000000099999999996 0.00000000099999999996 0.00000000099999999996 0.83122379296586679231 0.00000000099999999996 0.02245044932968324677 0.00000000099999999996 0.00000000099999999996 0.14632575070444994725 0.00000000099999999996 
0.02189939968149533581 0.00000000099999999998 0.00000000099999999998 0.79315945124817710532 0.00000000099999999998 0.02451100488556513454 0.04266489138751961702 0.00000000099999999998 0.11776524779724276137 0.00000000099999999998 
0.00000000099999999996 0.00000000099999999996 0.00000000099999999996 0.82048304736166355333 0.00000000099999999996 0.03471655883546050092 0.03008562818632194366 0.00000000099999999996 0.11471475961655405729 0.00000000099999999996 
0.00000000099999999994 0.00000000099999999994 0.00000000099999999994 0.93043948187925529236 0.00000000099999999994 0.02798943009925008996 0.02017726880719120097 0.00000000099999999994 0.02139381321430342681 0.00000000099999999994 
0.00000000099999999995 0.00000000099999999995 0.00000000099999999995 0.82986157852961905945 0.00000000099999999995 0.03929429986838955252 0.02692281856238020257 0.00000000099999999995 0.10392129703961122678 0.00000000099999999995 
0.00000000099999999998 0.00000000099999999998 0.00000000099999999998 0.93384908291776347333 0.00000000099999999998 0.05117476923247758075 0.00552802670448962474 0.00000000099999999998 0.00944811514526933821 0.00000000099999999998 
0.00000000099999999995 0.00000000099999999995 0.00000000099999999995 0.89153804017167870288 0.00000000099999999995 0.04690480108983090951 0.00000000099999999995 0.00000000099999999995 0.06155715173849038435 0.00000000099999999995 
0.00000000099999999993 0.00000000099999999993 0.00000000099999999993 0.87490060992298079867 0.00000000099999999993 0.00000000099999999993 0.02861634198546382166 0.00000000099999999993 0.09648304109155540764 0.00000000099999999993 
0.00000000099999999994 0.00000000099999999994 0.00000000099999999994 0.90628060425488154994 0.00000000099999999994 0.00000000099999999994 0.00000000099999999994 0.00000000099999999994 0.09371938774511841264 0.00000000099999999994 
0.00000000099999999994 0.00000000099999999994 0.00000000099999999994 0.92413212836493130453 0.00000000099999999994 0.00000000099999999994 0.04018730485365026167 0.00000000099999999994 0.03568055978141862483 0.00000000099999999994 
0.01037247775312780118 0.00000000099999999996 0.00000000099999999996 0.86592522153434337007 0.00000000099999999996 0.04138759745548202529 0.03129956894388721822 0.00000000099999999996 0.05101512931315957400 0.00000000099999999996 
0.00000000099999999995 0.00000000099999999995 0.00000000099999999995 0.91165032150058200600 0.00000000099999999995 0.00000000099999999995 0.00000000099999999995 0.00000000099999999995 0.08834967049941797046 0.00000000099999999995 
0.01914524173886906697 0.00000000099999999997 0.00000000099999999997 0.82908467152356124519 0.00000000099999999997 0.02445070908337550891 0.03657398110870945657 0.00000000099999999997 0.09074539154548461051 0.00000000099999999997 
0.00000000099999999995 0.00000000099999999995 0.00000000099999999995 0.88026280258019484748 0.00000000099999999995 0.04794266268206089088 0.01401198445634347159 0.00000000099999999995 0.05778254428140073423 0.00000000099999999995 
0.00000000099999999995 0.00000000099999999995 0.00000000099999999995 0.95503192991453156324 0.00000000099999999995 0.00000000099999999995 0.00000000099999999995 0.00000000099999999995 0.04496806208546859362 0.00000000099999999995 
0.00874949736324120639 0.00000000099999999997 0.00000000099999999997 0.93516671797433204016 0.00000000099999999997 0.00000000099999999997 0.00000000099999999997 0.00000000099999999997 0.05608377766242679530 0.00000000099999999997 
0.00000000099999999993 0.00000000099999999993 0.00000000099999999993 0.96622064430153209447 0.00000000099999999993 0.00000000099999999993 0.00000000099999999993 0.00000000099999999993 0.03377934769846811791 0.00000000099999999993 
0.00000000099999999995 0.00000000099999999995 0.00000000099999999995 0.84794668652107574314 0.00000000099999999995 0.00000257666687339509 0.00725505256222727050 0.00000000099999999995 0.14479567824982372826 0.00000000099999999995 
0.00000000099999999994 0.00000000099999999994 0.00000000099999999994 0.97144608035428670068 0.00000000099999999994 0.00000000099999999994 0.00000000099999999994 0.00000000099999999994 0.02855391164571333476 0.00000000099999999994 
0.00000000099999999996 0.00000000099999999996 0.00000000099999999996 0.95920898132569110128 0.00000000099999999996 0.00000000099999999996 0.00000000099999999996 0.00000000099999999996 0.04079101067430897232 0.00000000099999999996 
0.00000000099999999998 0.00000000099999999998 0.00000000099999999998 0.89792643672293270818 0.00000000099999999998 0.00007822413517656456 0.04321952506741034289 0.00000000099999999998 0.05877580807448049005 0.00000000099999999998 
0.00000000099999999988 0.99999999100000025454 0.00000000099999999988 0.00000000099999999988 0.00000000099999999988 0.00000000099999999988 0.00000000099999999988 0.00000000099999999988 0.00000000099999999988 0.00000000099999999988 
0.00000000099999999987 0.99999999100000014352 0.00000000099999999987 0.00000000099999999987 0.00000000099999999987 0.00000000099999999987 0.00000000099999999987 0.00000000099999999987 0.00000000099999999987 0.00000000099999999987 
0.00000000099999999994 0.00000000099999999994 0.00000000099999999994 0.00000000099999999994 0.00000000099999999994 0.00000000099999999994 0.00000000099999999994 0.00000000099999999994 0.62123440586772327165 0.37876558613227667704 
0.00000000099999999995 0.00000000099999999995 0.00000000099999999995 0.00000000099999999995 0.00000000099999999995 0.00000000099999999995 0.00000000099999999995 0.00000000099999999995 0.71800239351138461785 0.28199759848861538636 
0.00000000099999999995 0.00000000099999999995 0.00000000099999999995 0.00000000099999999995 0.00000000099999999995 0.00000000099999999995 0.00000000099999999995 0.00000000099999999995 0.65105700265098787050 0.34894298934901224474 
0.00337796256035169948 0.00000000099999999998 0.00000000099999999998 0.27926761887245449278 0.00000000099999999998 0.00000000099999999998 0.00000000099999999998 0.00000000099999999998 0.71735441156719370603 0.00000000099999999998 
0.00000000099999999995 0.00000000099999999995 0.00000000099999999995 0.00000000099999999995 0.00000000099999999995 0.00000000099999999995 0.00000000099999999995 0.00000000099999999995 0.74058647242862696292 0.25941351957137309681 
0.00000000099999999995 0.00000000099999999995 0.00000000099999999995 0.00000000099999999995 0.00000000099999999995 0.00000000099999999995 0.00000000099999999995 0.00000000099999999995 0.71066754112524410658 0.28933245087475600865 
0.00000000099999999996 0.00000000099999999996 0.00000000099999999996 0.00000000099999999996 0.00000000099999999996 0.00000000099999999996 0.00000000099999999996 0.00000000099999999996 0.69740373506227126832 0.30259625693772890243 
0.00000000099999999998 0.01644807094270301154 0.00000000099999999998 0.00000000099999999998 0.00000000099999999998 0.00281664602280337498 0.00000000099999999998 0.00000000099999999998 0.51522042761208108885 0.46551484942241250220 
0.00000000099999999995 0.00000000099999999995 0.00000000099999999995 0.00000000099999999995 0.00000000099999999995 0.00000000099999999995 0.00000000099999999995 0.00000000099999999995 0.68490295159523029156 0.31509704040476965714 
0.00000000099999999994 0.00000000099999999994 0.00000000099999999994 0.00000000099999999994 0.00000000099999999994 0.00000000099999999994 0.00000000099999999994 0.00000000099999999994 0.74729438337016718119 0.25270560862983282302 
0.00000000099999999997 0.00000000099999999997 0.00000000099999999997 0.00000000099999999997 0.00000000099999999997 0.00000000099999999997 0.00000000099999999997 0.00000000099999999997 0.62636810930996134061 0.37363188269003860809 
0.00000000099999999995 0.00000000099999999995 0.00000000099999999995 0.00000000099999999995 0.00000000099999999995 0.00000000099999999995 0.00000000099999999995 0.00000000099999999995 0.65196810800287974264 0.34803188399712015055 
0.00000000100000000000 0.00805342314124785075 0.01399065166935432696 0.07909698181515201210 0.02303058213032126503 0.02418507011366868853 0.00000000100000000000 0.09567937403603224422 0.13770960038169691164 0.61825431471252656479 
0.04451690921639153697 0.00000000099999999997 0.00000000099999999997 0.38575756080287465499 0.00000000099999999997 0.09824494291043939231 0.02696325200654014001 0.41621440250731706056 0.02830292855643725888 0.00000000099999999997 
0.08620181736736812206 0.01040024342839693944 0.00000000099999999998 0.28312470594403976731 0.00000000099999999998 0.14969589778332778596 0.03786472642916326181 0.43234647983108542846 0.00036612621661863474 0.00000000099999999998 
0.08372059643493606762 0.00000000099999999998 0.00000000099999999998 0.30260436723106270973 0.00000000099999999998 0.10428721515357576577 0.00000000099999999998 0.46394569797288265356 0.04544211820754276432 0.00000000099999999998 
0.07421306495064186604 0.00000000099999999997 0.00000000099999999997 0.22873970214766167763 0.00000000099999999997 0.14103599030530108993 0.03473854604967362841 0.51529888837130177759 0.00597380417541996771 0.00000000099999999997 
0.10206460664666586191 0.00000000099999999998 0.00000000099999999998 0.26077059985334577474 0.00000000099999999998 0.09086404541002469915 0.02841156164654692895 0.51759740155230760106 0.00029178089110918704 0.00000000099999999998 
0.07237871845694900108 0.00000000099999999998 0.00000000099999999998 0.27269371065687919575 0.00000000099999999998 0.12813222601801263489 0.00000000099999999998 0.52679533886815910204 0.00000000099999999998 0.00000000099999999998 
0.04461362254175500058 0.00000000099999999997 0.00000000099999999997 0.30823046274013676804 0.00000000099999999997 0.08866899816349153862 0.00000000099999999997 0.54018709118982866091 0.01829982036478785060 0.00000000099999999997 
0.09829358549113478838 0.00000000099999999998 0.00000000099999999998 0.19873992832929043839 0.00000000099999999998 0.10802231151630468931 0.00000000099999999998 0.55289424673439768743 0.04204992292887249627 0.00000000099999999998 
0.08163647957442259073 0.00000000099999999997 0.00000000099999999997 0.20363209839021448322 0.00000000099999999997 0.11872429937509462738 0.00000000099999999997 0.56847000564431093839 0.02753711201595740107 0.00000000099999999997 
0.05923854851295535379 0.00000000099999999998 0.00000000099999999998 0.27304532438149292650 0.00000000099999999998 0.12041240057385779738 0.00000000099999999998 0.51772805967843971153 0.02957566185325399832 0.00000000099999999998 
0.04368593698997795538 0.00000000099999999998 0.00000000099999999998 0.27332297108268771568 0.00000000099999999998 0.12724007947201765312 0.06182380871161823055 0.49154913825566792784 0.00237806148803040374 0.00000000099999999998 
0.05446245800846178514 0.02166900709738169353 0.00000000099999999999 0.22717625629720653024 0.00000000099999999999 0.19940917791133727643 0.02005134479855062712 0.45505475899613156976 0.02089911382929588585 0.00127788106163456163 
0.06004690266741194438 0.00000000099999999998 0.00000000099999999998 0.24089754249539158115 0.01687531915009820097 0.09200816515632248560 0.00000000099999999998 0.55980675149315262118 0.03036531503762309250 0.00000000099999999998 
0.05756902395356412044 0.00000000099999999997 0.00000000099999999997 0.26446080076766009803 0.00000000099999999997 0.14106939358924666661 0.00000000099999999997 0.50317558362140613060 0.03372519306812288287 0.00000000099999999997 
0.05515036502158419951 0.00000000099999999998 0.00000000099999999998 0.22494105779580367277 0.00000000099999999998 0.13123405215656125389 0.00000000099999999998 0.58619401401300030852 0.00248050601305045996 0.00000000099999999998 
0.05319329539370816484 0.00000000099999999999 0.00000000099999999999 0.32117578234161386908 0.00000000099999999999 0.14875043594897796595 0.00000000099999999999 0.47677531610676299190 0.00010516520893706280 0.00000000099999999999 
0.03273044877147734261 0.00000000099999999998 0.00000000099999999998 0.27303535520570310080 0.00000000099999999998 0.11847370903120781060 0.00000000099999999998 0.53460151387497745201 0.04115896811663430355 0.00000000099999999998 
0.07584200081466883903 0.00868116786895700189 0.00000000099999999999 0.19959585345900479614 0.00000000099999999999 0.07827491341990640283 0.00006465099916549023 0.56943232177008917816 0.06810908866820809815 0.00000000099999999999 
0.05214328400270252378 0.00000000099999999997 0.00000000099999999997 0.23256507154389710612 0.02874547112958697470 0.09576814230081713564 0.00000000099999999997 0.59077802602299622770 0.00000000099999999997 0.00000000099999999997 
0.09026295779725924950 0.00000000099999999997 0.00000000099999999997 0.24356719219117536901 0.00000000099999999997 0.10725291748664210478 0.02442605216262845949 0.53449087536229489270 0.00000000099999999997 0.00000000099999999997 
0.00000000099999999989 0.99999999100000014352 0.00000000099999999989 0.00000000099999999989 0.00000000099999999989 0.00000000099999999989 0.00000000099999999989 0.00000000099999999989 0.00000000099999999989 0.00000000099999999989 
0.00000000099999999997 0.03289131343917663097 0.00000000099999999997 0.95188835621184075819 0.00000000099999999997 0.00000000099999999997 0.01522032334898267697 0.00000000099999999997 0.00000000099999999997 0.00000000099999999997 
0.00000000099999999997 0.07350100054531764904 0.00000000099999999997 0.91328364175023946103 0.00000000099999999997 0.00000000099999999997 0.01321535070444282249 0.00000000099999999997 0.00000000099999999997 0.00000000099999999997 
0.00000000099999999997 0.01695184347911864869 0.00000000099999999997 0.96639918528257584551 0.00000000099999999997 0.00000000099999999997 0.00000000099999999997 0.01664896423830544356 0.00000000099999999997 0.00000000099999999997 
0.00000000099999999997 0.05606329830928007824 0.00000000099999999997 0.93259412072177827469 0.00000000099999999997 0.00000000099999999997 0.00000000099999999997 0.00000000099999999997 0.01134257396894173577 0.00000000099999999997 
0.00000000099999999990 0.00000000099999999990 0.00000000099999999990 0.99999999100000003249 0.00000000099999999990 0.00000000099999999990 0.00000000099999999990 0.00000000099999999990 0.00000000099999999990 0.00000000099999999990 
0.02523996192813756506 0.02521868073741203101 0.00000000099999999997 0.94249303961368213756 0.00000000099999999997 0.00000000099999999997 0.00200700018949063379 0.00000000099999999997 0.00504131253127771631 0.00000000099999999997 
0.00000000099999999983 0.00000000099999999983 0.00000000099999999983 0.99999999100000003249 0.00000000099999999983 0.00000000099999999983 0.00000000099999999983 0.00000000099999999983 0.00000000099999999983 0.00000000099999999983 
0.00000000099999999992 0.02144791133873815911 0.00000000099999999992 0.97855208066126186939 0.00000000099999999992 0.00000000099999999992 0.00000000099999999992 0.00000000099999999992 0.00000000099999999992 0.00000000099999999992 
0.00000000099999999995 0.01996344146361049218 0.00000000099999999995 0.98003655053638960570 0.00000000099999999995 0.00000000099999999995 0.00000000099999999995 0.00000000099999999995 0.00000000099999999995 0.00000000099999999995 
0.00000000099999999997 0.06026788263281396274 0.00000000099999999997 0.92909410493530730779 0.01063800543187896040 0.00000000099999999997 0.00000000099999999997 0.00000000099999999997 0.00000000099999999997 0.00000000099999999997 
