0.00000000100000000000 0.06078725535202200714 0.12687896513402982523 0.00000000100000000000 0.51596165843176411414 0.29637211908218402678 
0.00000000100000000000 0.06204232075757282194 0.13243702734805240517 0.02631488292145572547 0.48183819239114933364 0.29736757558176962757 
0.00000000099999999999 0.08548545870536009006 0.11271478643124117902 0.00000000099999999999 0.51760896861535155011 0.28419078424804722349 
0.00000000100000000000 0.04128069329937728710 0.14229909080646724329 0.00507139467439783262 0.50195884532719858839 0.30938997489255920526 
0.00000000099999999999 0.08939250120112919584 0.13365383369226399579 0.00000000099999999999 0.53912601643726398848 0.23782764666934283482 
0.00000000100000000000 0.13189889431673293418 0.12982160579428789204 0.00000000100000000000 0.50373931521567072433 0.23454018267330836722 
0.00000000100000000000 0.05045048268701260441 0.15654898725527818804 0.00227604712860696775 0.49534729405449468009 0.29537718787460770509 
0.00000000099999999999 0.09311970550985292083 0.17888679057121878446 0.00000000099999999999 0.49476267640989946006 0.23323082550902887733 
0.00000000100000000000 0.06011012480491649546 0.13432464979294941876 0.03097287509279562576 0.50229971214116397871 0.27229263716817453389 
0.00000000100000000000 0.11643601891026604533 0.17019045505034866017 0.00000000100000000000 0.40362295394609143395 0.30975057009329370894 
0.00000000099999999999 0.11392033090823219799 0.12929210449067310429 0.00000000099999999999 0.52371039137754182846 0.23307717122355292583 
0.00000000099999999999 0.13256878776320293878 0.16015489268432667180 0.00016909780455680353 0.47114268708115941697 0.23596453366675421148 
0.00000000100000000000 0.07722532675111964950 0.12056413135253997437 0.00000000100000000000 0.51611409503285621270 0.28609644486348406733 
0.37036283908604250570 0.03353057613587570596 0.00363636073007349509 0.24613449342080512272 0.32689965983627089496 0.01943607079093224305 
0.36522307203773990425 0.04784330315925955368 0.00000000099999999999 0.24205638347509808583 0.31757818268556486929 0.02729905764233772625 
0.46397352739699726509 0.00000227652900280134 0.00000000099999999999 0.23966608231578062638 0.26984331173924364089 0.02651480101897574215 
0.35897194834081103121 0.01344493825586590662 0.00000000099999999999 0.33246820937230492365 0.26243011711113317652 0.03268478591988476650 
0.41886935331626401480 0.03098648300693643276 0.00000000099999999999 0.22090302864400127025 0.32084129523217369551 0.00839983880062457160 
0.37318755978178452803 0.03629008262969788540 0.00000000100000000000 0.24304621508941087749 0.33469534049073723647 0.01278080100836930660 
0.37850839439541578146 0.00000000099999999999 0.00000000099999999999 0.29031294858853368135 0.33031912098440069370 0.00085953403164981364 
0.43084695771905856532 0.00091774320037003876 0.00000000099999999999 0.18983637788742901975 0.29269296940714573108 0.08570595078599659022 
0.50817110759372574602 0.00007937597201886009 0.00000000099999999999 0.16245327058207773008 0.28385272211214440663 0.04544352274003335412 
0.42346273782389759477 0.05267361047844388439 0.00000000099999999999 0.23053810106732333662 0.26951869135491496321 0.02380685827542011745 
0.38924018892763873056 0.05284381438199551445 0.00000000099999999999 0.25536720657960443326 0.28373219874786353989 0.01881659036289785869 
0.45783637298375079450 0.00000000099999999999 0.00000000099999999999 0.21890217488313817862 0.29340842569260705552 0.02985302444050391690 
0.40052218896289154548 0.06520678466587809252 0.00000000099999999999 0.22801586400314174941 0.28805645954832215239 0.01819870181976634624 
0.48453067156484291855 0.04611666834578018875 0.00000000099999999999 0.14742242142488878875 0.24138494932128581882 0.08054528834320240360 
0.39952752633337490495 0.01716280725585945383 0.00000000099999999999 0.30725640999807063425 0.24317787996763104430 0.03287537544506397014 
0.37002105297440074372 0.02115665553431391246 0.00000000099999999999 0.27123544616004724439 0.32719184357603248170 0.01039500075520565815 
0.71862900259709205919 0.00000000099999999998 0.00000000099999999998 0.03453213083711732106 0.24683886356579068377 0.00000000099999999998 
0.71755534143786114942 0.00000000099999999997 0.00000000099999999997 0.00000000099999999997 0.28244465456213879717 0.00000000099999999997 
0.60714866714341730880 0.00000000099999999999 0.00000000099999999999 0.10023317385589605721 0.26519813319884744107 0.02742002380183939519 
0.66816850815604422742 0.00002269350752816842 0.00000000099999999999 0.11215467533241882392 0.21965412100400885653 0.00000000099999999999 
0.67965734169950853261 0.01425756080183264093 0.00000000099999999998 0.06232965859020269533 0.24375543690845613565 0.00000000099999999998 
0.66023078639527721378 0.00000000099999999999 0.00000000099999999999 0.07801670541897352817 0.24745811438938822291 0.01429439179636106047 
0.71818485209085058951 0.00000000099999999997 0.00000000099999999997 0.00000000099999999997 0.28181514390914952362 0.00000000099999999997 
0.64481956591977274140 0.00000000099999999999 0.00000000099999999999 0.08825355708174154046 0.24681462644780097215 0.02011224855068488235 
0.74047208879173487261 0.00000000099999999998 0.00000000099999999998 0.07306247885772544637 0.18646542935053966872 0.00000000099999999998 
0.62875390561991439942 0.00000000099999999999 0.00000000099999999999 0.11340061101698666046 0.25784548036309895558 0.00000000099999999999 
0.99999999500000003039 0.00000000099999999992 0.00000000099999999992 0.00000000099999999992 0.00000000099999999992 0.00000000099999999992 
0.63009350458472934697 0.00000008013951710882 0.00000000099999999999 0.12207042812505775053 0.24783598515069563128 0.00000000099999999999 
0.69948944962126424763 0.00000000099999999998 0.00000000099999999998 0.04961289933285525922 0.25089764804588049474 0.00000000099999999998 
0.64999217648951623794 0.00000000099999999998 0.00000000099999999998 0.07463896910344731961 0.27536885140703637465 0.00000000099999999998 
0.62296433232662484780 0.00000000099999999999 0.00000000099999999999 0.12330301827589833230 0.22427936244048540804 0.02945328495699144761 
0.67554936546487953652 0.00000000099999999999 0.00000000099999999999 0.07076331694975206144 0.25368731458536841750 0.00000000099999999999 
0.73022291954884954723 0.00000000099999999998 0.00000000099999999998 0.06359573617831380810 0.20618134127283677115 0.00000000099999999998 
0.84306886773607569996 0.00000032302892914123 0.00000000099999999999 0.00000399763986537033 0.15692680959512991801 0.00000000099999999999 
0.09422988454220335153 0.44881983769066691181 0.35294457142804092076 0.01776703818760633560 0.05130187797015233614 0.03493679018133023784 
0.16856755149025656748 0.45639295245347855090 0.36803536904428996168 0.00700412501197489410 0.00000000099999999999 0.00000000099999999999 
0.06706106598184687073 0.47543736573492700881 0.39593193791236813706 0.05299573463097679432 0.00000000100000000000 0.00857389473988123992 
0.04673215854990604018 0.44950180009660783975 0.35746809193539091920 0.11888290859794820031 0.00000000100000000000 0.02741503982014711210 
0.09335456434251847291 0.42137075564876363964 0.39339500479372729869 0.03772668841055332872 0.00000000100000000000 0.05415298580443721893 
0.06053619476158851598 0.48032488355854374706 0.35131515328864160175 0.00424041229028368927 0.00935620052744126976 0.09422715557350119786 
0.09217175046642517300 0.44250175393771606913 0.35925982307176751451 0.07247552210623486868 0.00321794785993520559 0.03037320255792108972 
0.09620402985869981605 0.48090559443743263746 0.28378177658766123859 0.03090369333957720260 0.04228261150948538216 0.06592229426714371621 
0.04910558190166462722 0.46790241986453912082 0.33949419836964150887 0.07752764359034476638 0.00622245503726335386 0.05974770123654675469 
0.09419067233707410780 0.47171516168908278477 0.38572949197380834718 0.00000000506874460346 0.00000000100000000000 0.04836466793129007985 
0.83481290943743213795 0.00000000099999999998 0.00000000099999999998 0.02612191572415694177 0.13906517183841099472 0.00000000099999999998 
0.88753179913271296186 0.00011034992789238883 0.00000000099999999998 0.05545586183775614436 0.05690198710163836548 0.00000000099999999998 
0.91826568186573997998 0.00000000099999999997 0.00000000099999999997 0.04042416251597666377 0.04131015261828331619 0.00000000099999999997 
0.94134991386330979513 0.00000000099999999998 0.00000000099999999998 0.04756495146775606420 0.01108513166893427063 0.00000000099999999998 
0.83875418581407090723 0.00000855362731792657 0.00000000099999999999 0.13024999306107323815 0.03098726549753809054 0.00000000099999999999 
0.87080967802317921223 0.01559436730910613959 0.00000000099999999999 0.06926314049515275295 0.04433281217256205414 0.00000000099999999999 
0.95089541929563015099 0.00000000099999999997 0.00000000099999999997 0.00000000099999999997 0.04910457670436986499 0.00000000099999999997 
0.84483794653400368091 0.03103672399187642345 0.00000000099999999998 0.05068200218262364221 0.07344332529149616429 0.00000000099999999998 
0.99416384850707029130 0.00000000099999999997 0.00000000099999999997 0.00583614749292981228 0.00000000099999999997 0.00000000099999999997 
0.89998601028202918073 0.00000000099999999998 0.00000000099999999998 0.05358525770218375284 0.04642872901578706107 0.00000000099999999998 
0.00131672903984272872 0.13149186725432052136 0.00000000100000000000 0.13401312349704053162 0.52869157412302947296 0.20448670508576674565 
0.00000019439632199745 0.07757727224901572738 0.01379508400938412281 0.06884455072001610665 0.60832289602946398865 0.23146000259579804781 
0.10970651051061404424 0.10859148735022577936 0.00001734065079999225 0.14435772752451972445 0.44162822289236952633 0.19569871107147096545 
0.01150653891701827573 0.05214111651748355725 0.04821717771395234164 0.07633570654386004350 0.60426098169604924859 0.20753847861163654542 
0.47638802549047953860 0.02761054257639880202 0.00000000099999999999 0.38126652012969475258 0.11473490980342690437 0.00000000099999999999 
0.53729659723036349295 0.00000000099999999999 0.00000000099999999999 0.33666447569395591133 0.12603892407568065281 0.00000000099999999999 
0.57318558535286134870 0.00000000099999999999 0.00000000099999999999 0.29099718143133590509 0.13581723021580269228 0.00000000099999999999 
0.50192575639405301313 0.00000000099999999999 0.00000000099999999999 0.33792581065667498530 0.16014842994927197539 0.00000000099999999999 
0.47571856551325697460 0.00000000099999999998 0.00000000099999999998 0.38691578554138472690 0.13736564594535832784 0.00000000099999999998 
0.56967527232256010006 0.00000001304499957503 0.00000000099999999999 0.27417318167594068035 0.15012751595807038996 0.00602401599842933635 
0.00000000099999999994 0.00000000099999999994 0.00000000099999999994 0.00000000099999999994 0.99999999499999991937 0.00000000099999999994 
0.55729961438028030596 0.01750763957125767156 0.00000000100000000000 0.13408401334366168434 0.25984156072765496326 0.03126717097714541704 
0.41879845424514278163 0.00000000099999999999 0.00000000099999999999 0.20272318499216890331 0.34439519993463835190 0.03408315882805002667 
0.49545271453751543733 0.00000000099999999999 0.00000000099999999999 0.18579379298529541398 0.30064870233659701793 0.01810478814059207284 
0.51739570666544598687 0.02575693140348564100 0.00000000099999999999 0.14418999597068846152 0.28451045086427351194 0.02814691409610665593 
0.29154883392661490316 0.00000187325739780338 0.00000000099999999999 0.27198318528168580199 0.38281030326985421297 0.05365580326444732706 
0.44635192751238772502 0.01740588318643163795 0.00005985154065820969 0.25799642799607025445 0.24693688267201688302 0.03124902709243531848 
0.42257551571531354329 0.00000000099999999999 0.00000000099999999999 0.25630453117070978175 0.28402999784357996216 0.03708995327039674855 
0.33704708371245195586 0.03384523735271742495 0.00000000100000000000 0.26267420893878346000 0.31062817507821122165 0.05580529391783590337 
0.45942956507226911933 0.00357156534652098212 0.00000000100000000000 0.20720821651389503826 0.26703272212925083240 0.06275792993806399156 
0.46273548287423993397 0.00000000099999999999 0.00000000099999999999 0.21838854863170981124 0.28313705843243985871 0.03573890806161018202 
0.40733376567711193639 0.00000000099999999999 0.00000000099999999999 0.26381577643402859268 0.25909878722489954050 0.06975166866395976495 
0.42066906923376240490 0.01173617148266168329 0.00000000099999999999 0.25121167357275736576 0.28337857309215874757 0.03300451161865981115 
0.50930160068271324025 0.02081994733355899824 0.00000000099999999999 0.21281703034830387611 0.24076993063893592506 0.01629148999648787413 
0.14730310170843752271 0.02695685340539471370 0.00000000099999999999 0.30600688604739362253 0.45484367699489902659 0.06488948084387501092 
0.54113375542622899061 0.00000000099999999999 0.00000000099999999999 0.17719345960025889575 0.24995991815467982766 0.03171286481883233560 
0.62746462840994321475 0.35376546006460501959 0.00000000099999999996 0.01876990852545172908 0.00000000099999999996 0.00000000099999999996 
0.00000000099999999990 0.99999999500000003039 0.00000000099999999990 0.00000000099999999990 0.00000000099999999990 0.00000000099999999990 
0.00000000099999999989 0.99999999500000014141 0.00000000099999999989 0.00000000099999999989 0.00000000099999999989 0.00000000099999999989 
0.00000000099999999993 0.99999999500000003039 0.00000000099999999993 0.00000000099999999993 0.00000000099999999993 0.00000000099999999993 
0.00000000099999999990 0.99999999500000014141 0.00000000099999999990 0.00000000099999999990 0.00000000099999999990 0.00000000099999999990 
0.00000000099999999989 0.99999999500000003039 0.00000000099999999989 0.00000000099999999989 0.00000000099999999989 0.00000000099999999989 
0.00000000099999999993 0.99999999500000003039 0.00000000099999999993 0.00000000099999999993 0.00000000099999999993 0.00000000099999999993 
0.00000000099999999990 0.99999999500000014141 0.00000000099999999990 0.00000000099999999990 0.00000000099999999990 0.00000000099999999990 
0.18231067418667964986 0.81768932181332054654 0.00000000099999999996 0.00000000099999999996 0.00000000099999999996 0.00000000099999999996 
0.00000000099999999993 0.99999999500000003039 0.00000000099999999993 0.00000000099999999993 0.00000000099999999993 0.00000000099999999993 
0.72222897310934719428 0.00775275733957764019 0.00000000099999999999 0.12095883518536072743 0.13058016059404312093 0.01847927277167142265 
0.75073753734226955636 0.00000000099999999997 0.00000000099999999997 0.14733001469617024171 0.10193244496156024514 0.00000000099999999997 
0.82257054697321219106 0.09044686467889655190 0.00000000100000000000 0.07230333953396003710 0.00000000100000000000 0.01467924681393139100 
0.84323414905293780919 0.15633736465127345827 0.00000000099999999997 0.00042848329578871146 0.00000000099999999997 0.00000000099999999997 
0.80749635183469936628 0.15827595655649590034 0.00000000099999999998 0.03422768860880485986 0.00000000099999999998 0.00000000099999999998 
0.82771726302447246049 0.17195558074162889395 0.00000000099999999998 0.00032715323389870043 0.00000000099999999998 0.00000000099999999998 
0.95537557852305976525 0.04462441747694022298 0.00000000099999999996 0.00000000099999999996 0.00000000099999999996 0.00000000099999999996 
0.83965880918745527950 0.13957616720415147449 0.00000000099999999997 0.02076502060839341066 0.00000000099999999997 0.00000000099999999997 
0.93212425574412560714 0.03814888785508519647 0.00000000099999999998 0.02972685340078919797 0.00000000099999999998 0.00000000099999999998 
0.90752326065518551523 0.07284332621446622247 0.00000000099999999997 0.01963341013034828123 0.00000000099999999997 0.00000000099999999997 
0.87287363637199033573 0.12712635962800972189 0.00000000099999999995 0.00000000099999999995 0.00000000099999999995 0.00000000099999999995 
0.88933474337827644884 0.11066525262172358102 0.00000000099999999996 0.00000000099999999996 0.00000000099999999996 0.00000000099999999996 
0.92456053497539203434 0.07543946102460809267 0.00000000099999999996 0.00000000099999999996 0.00000000099999999996 0.00000000099999999996 
0.87122973718913121477 0.08634042096372240849 0.00000000099999999997 0.04242983884714643383 0.00000000099999999997 0.00000000099999999997 
0.90029651276617106426 0.09970348323382902112 0.00000000099999999997 0.00000000099999999997 0.00000000099999999997 0.00000000099999999997 
0.83704647648419405748 0.13432492342544671837 0.00000000099999999998 0.02862859709035938879 0.00000000099999999998 0.00000000099999999998 
0.90330078641096944736 0.09669920958903055475 0.00000000099999999997 0.00000000099999999997 0.00000000099999999997 0.00000000099999999997 
0.96429833845171752937 0.03570165754828255600 0.00000000099999999997 0.00000000099999999997 0.00000000099999999997 0.00000000099999999997 
0.96287903025572696425 0.03712096574427323215 0.00000000099999999998 0.00000000099999999998 0.00000000099999999998 0.00000000099999999998 
0.96284407110306202693 0.03715592489693800987 0.00000000099999999996 0.00000000099999999996 0.00000000099999999996 0.00000000099999999996 
0.85457568866433730737 0.14542430733566277801 0.00000000099999999997 0.00000000099999999997 0.00000000099999999997 0.00000000099999999997 
0.99965913232551684153 0.00034086367448323972 0.00000000099999999997 0.00000000099999999997 0.00000000099999999997 0.00000000099999999997 
0.95673879687288931883 0.04326119912711063470 0.00000000099999999998 0.00000000099999999998 0.00000000099999999998 0.00000000099999999998 
0.89692908424342865370 0.10281980162482153018 0.00000000099999999999 0.00000002767162516662 0.00000000099999999999 0.00025108446012448652 
0.00000000099999999994 0.00000000099999999994 0.00000000099999999994 0.00000000099999999994 0.99999999499999991937 0.00000000099999999994 
0.00000000099999999993 0.00000000099999999993 0.00000000099999999993 0.00000000099999999993 0.99999999500000003039 0.00000000099999999993 
0.00000000099999999999 0.70326125312894061103 0.00163884815139201919 0.00000000099999999999 0.20404346842127452089 0.09105642829839281915 
0.00000000099999999998 0.78536829140742137056 0.00000000099999999998 0.00000000099999999998 0.20787093604062209518 0.00676076955195657660 
0.00000000099999999999 0.69279111285229477701 0.02525892748335606744 0.00000000099999999999 0.22056403228302415287 0.06138592538132513904 
0.25872298667240073433 0.74127700932759943431 0.00000000099999999999 0.00000000099999999999 0.00000000099999999999 0.00000000099999999999 
0.00000000100000000000 0.78425582346945243994 0.00402252733884779935 0.00000000100000000000 0.16127180895835582786 0.05044983823334404927 
0.00000000099999999999 0.76534601191252127350 0.00000000099999999999 0.00000000099999999999 0.17315858317301488500 0.06149540191446394716 
0.00000000099999999999 0.75483640119439110450 0.00862756343718085530 0.00000000099999999999 0.18210519478732528631 0.05443083858110273759 
0.00000000100000000000 0.55981033791299528168 0.03160767430549153711 0.00000449276314239799 0.28032761635964875691 0.12824987765872206125 
0.00000000099999999999 0.74794500745826120180 0.00000000099999999999 0.00000000099999999999 0.17065954103456149049 0.08139544850717744806 
0.00000000099999999999 0.80645303063165885149 0.00000000099999999999 0.00000000099999999999 0.18207474717003524489 0.01147221919830600408 
0.00000000099999999999 0.70246005716086623583 0.00000000099999999999 0.00000000099999999999 0.21742740978298999432 0.08011253005614384082 
0.00000000099999999999 0.71298986907781514155 0.02831470364582758248 0.00000000099999999999 0.23118099546458384386 0.02751442981177340194 
0.06358075830810430706 0.18622944208515240794 0.06806976293980346315 0.05624189892149705772 0.37972716458578986698 0.24615097315965281388 
0.46947498781723168149 0.06416833907782737434 0.00000000099999999999 0.22571260752060873234 0.24034800306347309240 0.00029606152085922801 
0.35125693481948183639 0.04046989438356734387 0.00000000099999999999 0.32783222912315407305 0.28044093967379657428 0.00000000099999999999 
0.37291235050471210899 0.04819173301685959754 0.00000000099999999999 0.28332132793944986293 0.29447207180739820576 0.00110251573158018541 
0.29907019700440440335 0.04731592131794266215 0.00000000099999999999 0.33616049389115360002 0.31745338578649923145 0.00000000099999999999 
0.33957985503433779639 0.02380010252491505593 0.00000000099999999999 0.30849014213338765700 0.32812989830735950214 0.00000000099999999999 
0.35650759547639032654 0.00095205439088626089 0.00000000099999999999 0.30096113279873809576 0.34157921533398510894 0.00000000099999999999 
0.39108863453171466285 0.01061107574093946015 0.00000000099999999999 0.26233337355427732707 0.33596691417306850935 0.00000000099999999999 
0.30703372246779403465 0.03206592397515491133 0.00000000099999999999 0.30812235578997793084 0.32540335516539825589 0.02737464160167475333 
0.29432482355732486612 0.03218282423171059392 0.00000000099999999999 0.31507802277495133847 0.35841432743601303601 0.00000000099999999999 
0.37214536756182525767 0.01451860638998126417 0.00000000099999999999 0.28526188189615558910 0.32807390648885903506 0.00000023666317879408 
0.34156264934602420524 0.07636915876962908911 0.00000000099999999999 0.27649215255817027881 0.30556897255272058578 0.00000706577345581742 
0.29906592272374082908 0.03010549799716089048 0.00000000099999999999 0.35621384078001994133 0.30585166648984146720 0.00876307100923681172 
0.33421138627890101258 0.02628891531695139519 0.00000000099999999999 0.27418254769027533557 0.33961780894224791183 0.02569934077162447372 
0.35686066864674148569 0.02567631509810076179 0.00000000099999999999 0.30740289042210205972 0.31006012383305564528 0.00000000099999999999 
0.31354295785814845221 0.00000000099999999999 0.00000000099999999999 0.31758911596142502809 0.35158760596032295753 0.01728031822010340363 
0.38640673260513280773 0.00000000190919478090 0.00000000099999999999 0.29453772789110960195 0.31798251542705779915 0.00107302116750487885 
0.36431554682026068281 0.02074953099856985395 0.00000000099999999999 0.26924091698957636209 0.34569400319159293566 0.00000000099999999999 
0.28290381271582826228 0.06662467188218891556 0.00000000099999999999 0.27182668372382906563 0.37864482967815371595 0.00000000099999999999 
0.31992914948114276052 0.00000000099999999999 0.00000000099999999999 0.29204637867119787042 0.36214378292719090480 0.02588068692046837163 
0.32143239908161896912 0.00983645660439656094 0.00000000099999999999 0.31218086805859834865 0.35655027425538615704 0.00000000099999999999 
0.00000000099999999995 0.00000000099999999995 0.00000000099999999995 0.00000000099999999995 0.99999999499999991937 0.00000000099999999995 
0.96646304793843074155 0.01616217761203906852 0.00000000099999999998 0.00000000099999999998 0.01737477144953027131 0.00000000099999999998 
0.92600885245687181158 0.00000000099999999998 0.00000000099999999998 0.00000000099999999998 0.07399114354312830155 0.00000000099999999998 
0.96809895749185215230 0.00000000099999999998 0.00000000099999999998 0.00000000099999999998 0.03190103850814801634 0.00000000099999999998 
0.94316197828842207596 0.00000000099999999998 0.00000000099999999998 0.00000000099999999998 0.05683801771157810656 0.00000000099999999998 
0.99999999500000003039 0.00000000099999999994 0.00000000099999999994 0.00000000099999999994 0.00000000099999999994 0.00000000099999999994 
0.95669379570468848772 0.03248681377253198610 0.00000000099999999998 0.00000000099999999998 0.01081938752277961623 0.00000000099999999998 
0.99999999500000003039 0.00000000099999999990 0.00000000099999999990 0.00000000099999999990 0.00000000099999999990 0.00000000099999999990 
0.99999999500000003039 0.00000000099999999995 0.00000000099999999995 0.00000000099999999995 0.00000000099999999995 0.00000000099999999995 
0.99999999500000014141 0.00000000099999999997 0.00000000099999999997 0.00000000099999999997 0.00000000099999999997 0.00000000099999999997 
0.92753848681081196847 0.00000000099999999998 0.00000000099999999998 0.00000000099999999998 0.07246150918918810302 0.00000000099999999998 
0.99999999500000014141 0.00000000099999999994 0.00000000099999999994 0.00000000099999999994 0.00000000099999999994 0.00000000099999999994 
0.95601096181729916523 0.00000000099999999997 0.00000000099999999997 0.00000000099999999997 0.04398903418270082993 0.00000000099999999997 
0.99999999500000003039 0.00000000099999999996 0.00000000099999999996 0.00000000099999999996 0.00000000099999999996 0.00000000099999999996 
0.23046102254663652920 0.01343275467546070981 0.00000000099999999998 0.75610621977790271053 0.00000000099999999998 0.00000000099999999998 
0.99999999500000014141 0.00000000099999999992 0.00000000099999999992 0.00000000099999999992 0.00000000099999999992 0.00000000099999999992 
0.20162255237607865088 0.00000011199916818643 0.00000000099999999997 0.79837733262475329976 0.00000000099999999997 0.00000000099999999997 
0.13790566158015546416 0.00000000099999999997 0.00000000099999999997 0.86209433441984451019 0.00000000099999999997 0.00000000099999999997 
0.28417712260508892763 0.01613206211906088178 0.00000000099999999997 0.69969081227585028238 0.00000000099999999997 0.00000000099999999997 
0.16308899485719127731 0.00000000099999999997 0.00000000099999999997 0.83691100114280869704 0.00000000099999999997 0.00000000099999999997 
0.07277198077891540440 0.04736048823700247240 0.00000000099999999998 0.87986752798408218723 0.00000000099999999998 0.00000000099999999998 
0.11253392925249060263 0.05325997962166607869 0.00000000099999999999 0.72686237290021615820 0.10734371622562705051 0.00000000099999999999 
0.25657425121819688041 0.01911832048573799264 0.00000000099999999997 0.72430742529606506608 0.00000000099999999997 0.00000000099999999997 
0.19152629733556320035 0.00000000099999999997 0.00000000099999999997 0.80847369866443674624 0.00000000099999999997 0.00000000099999999997 
0.24757143102151657477 0.00000086219518079808 0.00000000099999999997 0.75242770378330259273 0.00000000099999999997 0.00000000099999999997 
0.15621462825652498996 0.01052778677944366838 0.00000000099999999998 0.83325758196403132416 0.00000000099999999998 0.00000000099999999998 
0.00000000099999999994 0.00000000099999999994 0.00000000099999999994 0.99999999499999991937 0.00000000099999999994 0.00000000099999999994 
0.00000000099999999993 0.00000000099999999993 0.00000000099999999993 0.99999999500000003039 0.00000000099999999993 0.00000000099999999993 
0.04280297274030777505 0.00000000099999999998 0.00000000099999999998 0.95719702325969224788 0.00000000099999999998 0.00000000099999999998 
0.00000000099999999995 0.00000000099999999995 0.00000000099999999995 0.99999999499999991937 0.00000000099999999995 0.00000000099999999995 
0.00000000099999999997 0.00000016408733369612 0.00000000099999999997 0.99999983191266639260 0.00000000099999999997 0.00000000099999999997 
0.02782194537050345848 0.00000000099999999998 0.00000000099999999998 0.97217805062949658179 0.00000000099999999998 0.00000000099999999998 
0.00000000099999999996 0.00000000099999999996 0.00000000099999999996 0.99999999500000003039 0.00000000099999999996 0.00000000099999999996 
0.00000000099999999995 0.00000000099999999995 0.00000000099999999995 0.99999999499999991937 0.00000000099999999995 0.00000000099999999995 
0.00000000099999999995 0.00000000099999999995 0.00000000099999999995 0.99999999500000003039 0.00000000099999999995 0.00000000099999999995 
0.00000000099999999997 0.00000000099999999997 0.00000000099999999997 0.99999999499999991937 0.00000000099999999997 0.00000000099999999997 
0.00000000099999999998 0.00000000099999999998 0.00000000099999999998 0.99999999499999991937 0.00000000099999999998 0.00000000099999999998 
0.04923017840407317020 0.00000000099999999997 0.00000000099999999997 0.95076981759592671395 0.00000000099999999997 0.00000000099999999997 
0.00000000099999999996 0.00000000099999999996 0.00000000099999999996 0.99999999500000003039 0.00000000099999999996 0.00000000099999999996 
0.02825395203976895434 0.00000000099999999996 0.00000000099999999996 0.97174604396023112063 0.00000000099999999996 0.00000000099999999996 
0.05785954800618774152 0.02327956921655139136 0.00000000099999999999 0.91886087977726094156 0.00000000099999999999 0.00000000099999999999 
0.02808730024817935461 0.97191269575182082097 0.00000000099999999997 0.00000000099999999997 0.00000000099999999997 0.00000000099999999997 
0.00000000099999999996 0.99999999500000003039 0.00000000099999999996 0.00000000099999999996 0.00000000099999999996 0.00000000099999999996 
0.00000000099999999996 0.99999999500000003039 0.00000000099999999996 0.00000000099999999996 0.00000000099999999996 0.00000000099999999996 
0.00000000099999999996 0.99999905797986576861 0.00000000099999999996 0.00000093802013429681 0.00000000099999999996 0.00000000099999999996 
0.00000000099999999998 0.99999999500000014141 0.00000000099999999998 0.00000000099999999998 0.00000000099999999998 0.00000000099999999998 
0.00000000099999999996 0.99999999500000003039 0.00000000099999999996 0.00000000099999999996 0.00000000099999999996 0.00000000099999999996 
0.00000000099999999996 0.99999999500000003039 0.00000000099999999996 0.00000000099999999996 0.00000000099999999996 0.00000000099999999996 
0.00000000099999999995 0.99999999500000014141 0.00000000099999999995 0.00000000099999999995 0.00000000099999999995 0.00000000099999999995 
0.05354273967725100419 0.90834633417719523596 0.00000000099999999999 0.03101111376241656725 0.00709981038313698808 0.00000000099999999999 
0.00000000099999999995 0.99999999500000014141 0.00000000099999999995 0.00000000099999999995 0.00000000099999999995 0.00000000099999999995 
0.00000000099999999996 0.99999999500000003039 0.00000000099999999996 0.00000000099999999996 0.00000000099999999996 0.00000000099999999996 
0.00000000099999999995 0.99999999500000003039 0.00000000099999999995 0.00000000099999999995 0.00000000099999999995 0.00000000099999999995 
0.00000000099999999996 0.99999999500000014141 0.00000000099999999996 0.00000000099999999996 0.00000000099999999996 0.00000000099999999996 
0.00000000099999999996 0.99999999500000003039 0.00000000099999999996 0.00000000099999999996 0.00000000099999999996 0.00000000099999999996 
0.00000000099999999996 0.99999999500000014141 0.00000000099999999996 0.00000000099999999996 0.00000000099999999996 0.00000000099999999996 
0.00000000099999999994 0.99999999500000014141 0.00000000099999999994 0.00000000099999999994 0.00000000099999999994 0.00000000099999999994 
0.00000000099999999995 0.99999999500000014141 0.00000000099999999995 0.00000000099999999995 0.00000000099999999995 0.00000000099999999995 
0.00000000099999999994 0.99999999500000003039 0.00000000099999999994 0.00000000099999999994 0.00000000099999999994 0.00000000099999999994 
0.00000000099999999996 0.99999999500000003039 0.00000000099999999996 0.00000000099999999996 0.00000000099999999996 0.00000000099999999996 
0.00000000099999999996 0.99999999500000014141 0.00000000099999999996 0.00000000099999999996 0.00000000099999999996 0.00000000099999999996 
0.00000000099999999997 0.99999999500000003039 0.00000000099999999997 0.00000000099999999997 0.00000000099999999997 0.00000000099999999997 
0.00000000099999999994 0.00000000099999999994 0.00000000099999999994 0.00000000099999999994 0.99999999500000003039 0.00000000099999999994 
0.00000000100000000000 0.53949478313982957012 0.04912772980749588458 0.04093369378137650533 0.24817953916012402971 0.12226425311117401773 
0.15215834945007405965 0.84784164654992599797 0.00000000099999999994 0.00000000099999999994 0.00000000099999999994 0.00000000099999999994 
0.82121215373344214061 0.17878784226655788925 0.00000000099999999998 0.00000000099999999998 0.00000000099999999998 0.00000000099999999998 
0.21837401184992477621 0.78162598415007533692 0.00000000099999999995 0.00000000099999999995 0.00000000099999999995 0.00000000099999999995 
0.29397811677224960913 0.70602187922775050399 0.00000000099999999996 0.00000000099999999996 0.00000000099999999996 0.00000000099999999996 
0.00000000099999999988 0.99999999500000003039 0.00000000099999999988 0.00000000099999999988 0.00000000099999999988 0.00000000099999999988 
0.00000000099999999991 0.99999999500000003039 0.00000000099999999991 0.00000000099999999991 0.00000000099999999991 0.00000000099999999991 
0.99999999500000014141 0.00000000099999999993 0.00000000099999999993 0.00000000099999999993 0.00000000099999999993 0.00000000099999999993 
0.99473912337926906346 0.00526087262073089094 0.00000000099999999995 0.00000000099999999995 0.00000000099999999995 0.00000000099999999995 
0.99999999500000003039 0.00000000099999999994 0.00000000099999999994 0.00000000099999999994 0.00000000099999999994 0.00000000099999999994 
0.99999999500000003039 0.00000000099999999995 0.00000000099999999995 0.00000000099999999995 0.00000000099999999995 0.00000000099999999995 
0.99999999500000014141 0.00000000099999999993 0.00000000099999999993 0.00000000099999999993 0.00000000099999999993 0.00000000099999999993 
0.99999999500000014141 0.00000000099999999993 0.00000000099999999993 0.00000000099999999993 0.00000000099999999993 0.00000000099999999993 
0.99999999500000003039 0.00000000099999999994 0.00000000099999999994 0.00000000099999999994 0.00000000099999999994 0.00000000099999999994 
0.99999997270368212732 0.00000002329631795504 0.00000000099999999995 0.00000000099999999995 0.00000000099999999995 0.00000000099999999995 
0.00000000099999999994 0.00000000099999999994 0.99999999500000003039 0.00000000099999999994 0.00000000099999999994 0.00000000099999999994 
0.00000000099999999987 0.00000000099999999987 0.99999999500000003039 0.00000000099999999987 0.00000000099999999987 0.00000000099999999987 
0.00000000099999999993 0.00000000099999999993 0.99999999499999991937 0.00000000099999999993 0.00000000099999999993 0.00000000099999999993 
0.00000000099999999995 0.00000000099999999995 0.99999999499999991937 0.00000000099999999995 0.00000000099999999995 0.00000000099999999995 
0.00000000099999999988 0.00000000099999999988 0.99999999500000003039 0.00000000099999999988 0.00000000099999999988 0.00000000099999999988 
0.00000000099999999995 0.00000000099999999995 0.99999999500000003039 0.00000000099999999995 0.00000000099999999995 0.00000000099999999995 
0.00000000099999999991 0.00000000099999999991 0.99999999499999991937 0.00000000099999999991 0.00000000099999999991 0.00000000099999999991 
0.00000000099999999992 0.00000000099999999992 0.99999999500000003039 0.00000000099999999992 0.00000000099999999992 0.00000000099999999992 
0.00000000099999999992 0.00000000099999999992 0.99999999500000003039 0.00000000099999999992 0.00000000099999999992 0.00000000099999999992 
0.00000000099999999990 0.00000000099999999990 0.99999999500000003039 0.00000000099999999990 0.00000000099999999990 0.00000000099999999990 
0.70863091280641044012 0.00000000099999999998 0.00000000099999999998 0.12606092762907358806 0.16530815656451602891 0.00000000099999999998 
0.66652871620160536459 0.00000000099999999998 0.00000000099999999998 0.15081934940584876270 0.18265193139254595756 0.00000000099999999998 
0.68437727440137641199 0.00000000099999999998 0.00000000099999999998 0.16808777597063367937 0.14753494662798982695 0.00000000099999999998 
0.70712676498650262058 0.00000000099999999999 0.00000000099999999999 0.11406559630349073775 0.17787466938145848894 0.00093296732854814012 
0.65292593066622761633 0.00000000099999999998 0.00000000099999999998 0.17419701266734408107 0.17287705366642827642 0.00000000099999999998 
0.67304971993640561045 0.00000000099999999998 0.00000000099999999998 0.13238649342592750946 0.19456378363766702044 0.00000000099999999998 
0.60101229221160246130 0.00000000099999999998 0.00000000099999999998 0.18432442305372268021 0.21466328173467488782 0.00000000099999999998 
0.63315246520864032487 0.00000000099999999998 0.00000000099999999998 0.17607551291462633647 0.19077201887673317371 0.00000000099999999998 
0.68109410109080592566 0.00000000099999999998 0.00000000099999999998 0.15655829232050411104 0.16234760358869013142 0.00000000099999999998 
0.67009476971846060334 0.00000000099999999998 0.00000000099999999998 0.17925992421844183511 0.15064530306309759089 0.00000000099999999998 
0.64031989304399805629 0.00000000099999999998 0.00000000099999999998 0.17537794042271992456 0.18430216353328193746 0.00000000099999999998 
0.63302542006296447230 0.00000000099999999998 0.00000000099999999998 0.12452550162634903885 0.24244907531068646267 0.00000000099999999998 
0.63462914060165809271 0.00000000099999999998 0.00000000099999999998 0.16137460146892831925 0.20399625492941375615 0.00000000099999999998 
0.71616095989817463163 0.00002042881155823505 0.00000000099999999998 0.13753346748748632167 0.14628514180278090473 0.00000000099999999998 
0.67584771242122387847 0.00000000099999999998 0.00000000099999999998 0.13856810661363683224 0.18558417796513940190 0.00000000099999999998 
0.68868369955309161057 0.00000000099999999998 0.00000000099999999998 0.17903846026498460020 0.13227783718192373530 0.00000000099999999998 
0.91520671211215787189 0.00005909800783898145 0.00000000099999999997 0.08473418688000325383 0.00000000099999999997 0.00000000099999999997 
0.85565943721816550838 0.00000000099999999998 0.00000000099999999998 0.14434055878183449373 0.00000000099999999998 0.00000000099999999998 
0.88611821197865414668 0.00000000099999999998 0.00000000099999999998 0.11388178402134595257 0.00000000099999999998 0.00000000099999999998 
0.92867356878872953097 0.00000073644779068369 0.00000000099999999998 0.07132569176347974826 0.00000000099999999998 0.00000000099999999998 
0.87469052204236341641 0.03676851644099191768 0.00000000099999999999 0.08849682751292825555 0.00004413200371634420 0.00000000099999999999 
0.83345433753800834964 0.04939125380891430661 0.00000000099999999998 0.11715440565307745635 0.00000000099999999998 0.00000000099999999998 
0.82858769054766023832 0.02650726178522811588 0.00000000099999999998 0.12906502599311517332 0.01584001967399650823 0.00000000099999999998 
0.83752031194712761586 0.04328598733703892254 0.00000000099999999996 0.11919369771583354645 0.00000000099999999996 0.00000000099999999996 
0.86339774331884033831 0.00000000099999999997 0.00000000099999999997 0.13660225268115969155 0.00000000099999999997 0.00000000099999999997 
0.85195500838081317241 0.09136455732333111091 0.00000000099999999997 0.05668043129585569051 0.00000000099999999997 0.00000000099999999997 
0.92487897908692595639 0.00068855841037956933 0.00000000099999999998 0.07443245950269457289 0.00000000099999999998 0.00000000099999999998 
0.81674700455165527568 0.03117217231308983677 0.00000000099999999999 0.13247661280214390045 0.00596643954161313415 0.01363776979149786475 
0.98353466909517006656 0.00000000099999999997 0.00000000099999999997 0.01646532690482989392 0.00000000099999999997 0.00000000099999999997 
0.87139842599524774958 0.00000000099999999998 0.00000000099999999998 0.09661427385127113743 0.03198729715348119090 0.00000000099999999998 
0.84567923333842964784 0.02002448732082041591 0.00000000099999999999 0.10561521953109283267 0.02868105780965722260 0.00000000099999999999 
0.86485241116860633870 0.00000000099999999996 0.00000000099999999996 0.13514758483139366341 0.00000000099999999996 0.00000000099999999996 
0.87210325020778467486 0.00000000099999999997 0.00000000099999999997 0.12789674579221554929 0.00000000099999999997 0.00000000099999999997 
0.83458592737077785806 0.00000000099999999997 0.00000000099999999997 0.16541406862922211629 0.00000000099999999997 0.00000000099999999997 
0.82890358073038161724 0.00000000099999999998 0.00000000099999999998 0.17109641526961849589 0.00000000099999999998 0.00000000099999999998 
0.76777868923178071991 0.00000000099999999998 0.00000000099999999998 0.23218364650459813459 0.00003766126362127141 0.00000000099999999998 
0.86774940091089003413 0.00000000099999999997 0.00000000099999999997 0.13225059508911007899 0.00000000099999999997 0.00000000099999999997 
