0.03344885129041329230 0.08623783301634509180 0.00000000099999999999 0.00000000099999999999 0.00000000099999999999 0.83411825395697958285 0.00000000099999999999 0.04619505773626193801 
0.02707333242536240012 0.07209455271108586305 0.00000000099999999998 0.00000000099999999998 0.00000000099999999998 0.90083210986355177763 0.00000000099999999998 0.00000000099999999998 
0.03767160732802637274 0.07460346460598671348 0.00000000099999999998 0.00000000099999999998 0.00000000099999999998 0.83115390113584119991 0.00000000099999999998 0.05657102293014560496 
0.00244030583432303843 0.08847411633027585376 0.00000000099999999998 0.00000000099999999998 0.00000000099999999998 0.89490275221237014502 0.00000000099999999998 0.01418282162303097574 
0.05047403472745735920 0.08632873406314231501 0.00000000099999999998 0.00000000099999999998 0.00000000099999999998 0.85619880134314718667 0.00000000099999999998 0.00699842586625304842 
0.09175730538730442198 0.09326732051962578762 0.00000000099999999999 0.00000000099999999999 0.00000000099999999999 0.78633567749963850790 0.00000000099999999999 0.02863969259343138174 
0.01991257175904198595 0.12044115929679445609 0.00000000100000000000 0.00000000100000000000 0.00000000100000000000 0.81849632399483984724 0.00000000100000000000 0.04114994094932381691 
0.06822508784472712529 0.14511773866922686449 0.00000000099999999999 0.00000000099999999999 0.00000000099999999999 0.68046313073668518445 0.04143996805292542163 0.06475407169643535021 
0.02588417646710005141 0.08326481061458877730 0.00000000099999999999 0.00000000099999999999 0.00000000099999999999 0.88654856844067286836 0.00000000099999999999 0.00430244047763844728 
0.07399570560418344822 0.13080786750230971593 0.00000000099999999998 0.00000000099999999998 0.00000000099999999998 0.71667866139562463879 0.00000000099999999998 0.07851776149788222692 
0.06547451024066307246 0.08173229841486533143 0.00000000099999999998 0.00000000099999999998 0.00000000099999999998 0.85279318634447154324 0.00000000099999999998 0.00000000099999999998 
0.08109347534544592007 0.12076015836500746115 0.00000000099999999999 0.00000000099999999999 0.00000000099999999999 0.77177971955000157500 0.00000000099999999999 0.02636664273954496610 
0.02461419292075707130 0.06914794195130669063 0.00000000099999999999 0.00000000099999999999 0.01004150748396357221 0.83285818382798204595 0.00000000099999999999 0.06333817081599070475 
0.00000000099999999999 0.00000000099999999999 0.39383259058067293656 0.17021756133260282362 0.02359387921983447864 0.41235596486688996798 0.00000000099999999999 0.00000000099999999999 
0.01479267440423266168 0.00000000099999999998 0.37858629427921547395 0.18068439297574337421 0.01873843395510933763 0.40719820138569923218 0.00000000099999999998 0.00000000099999999998 
0.00000000099999999998 0.00000000099999999998 0.44772249550168607968 0.17581753477249772999 0.01771332601604574952 0.35874663970977044292 0.00000000099999999998 0.00000000099999999998 
0.00000000144900597298 0.00000000099999999999 0.36352584993605335795 0.26060192018649808166 0.03215803228827689847 0.34371419314016576907 0.00000000099999999999 0.00000000099999999999 
0.00000000099999999998 0.00000000099999999998 0.39420362632018185467 0.17061640266429703439 0.02256373425643186728 0.40527399733095870182 0.00734223642813051740 0.00000000099999999998 
0.00263486327465287671 0.00000000099999999998 0.37972039593165957116 0.16103452900718048801 0.03436596023762011898 0.42224424854888709113 0.00000000099999999998 0.00000000099999999998 
0.00000000099999999998 0.00000000099999999998 0.37754877431687855482 0.16937793135294199054 0.07223382932651131738 0.38033470669914565265 0.00050475530452224614 0.00000000099999999998 
0.00000000099999999998 0.00000000099999999998 0.42208633936756556615 0.16349445300567380657 0.00000000099999999998 0.37721015923936096481 0.00000000099999999998 0.03720904438739986581 
0.00000000099999999998 0.00000000099999999998 0.50280045165525932838 0.11097831613248951288 0.02573459413715429092 0.35106854571894646755 0.00941808935615031338 0.00000000099999999998 
0.01325301433776020915 0.00000000099999999998 0.43729301482330257267 0.16414908729557337042 0.03119985783714368521 0.35410502270622018495 0.00000000099999999998 0.00000000099999999998 
0.02115168558709096605 0.00000000099999999999 0.40784034344300962305 0.20535812517721002690 0.02252495738199919786 0.33157935949874423054 0.01154552691194582134 0.00000000099999999999 
0.00000000099999999999 0.00000000099999999999 0.45778665105458293816 0.12040597060856809974 0.06996516094954602361 0.33301624122713152643 0.01882597316017148650 0.00000000099999999999 
0.01774896035198520253 0.00000000099999999998 0.42601615002047038550 0.14559857430765402175 0.05003517697264062147 0.36060113534724980155 0.00000000099999999998 0.00000000099999999998 
0.02060772720576839467 0.00000000099999999998 0.49401226062695552388 0.09047053752247570524 0.02917001548272630390 0.34616342101079700111 0.00000000099999999998 0.01957603615127687449 
0.00000021763948254058 0.00000000099999999998 0.40065179394889327558 0.21082505873692614085 0.05110714419702659661 0.33741578247767145537 0.00000000099999999998 0.00000000099999999998 
0.00000000099999999997 0.00000000099999999997 0.37303391352612341736 0.18038979680818892359 0.04246196414485526455 0.40411432152083237579 0.00000000099999999997 0.00000000099999999997 
0.00000000099999999998 0.00000000099999999998 0.72360161373723430600 0.02052909226856367356 0.00000000099999999998 0.25075574634213215752 0.00511354365206992314 0.00000000099999999998 
0.00000000099999999997 0.00000000099999999997 0.71227544456443370180 0.00000000099999999997 0.00000000099999999997 0.24063518611724529772 0.04708936431832091291 0.00000000099999999997 
0.00000000099999999998 0.00000000099999999998 0.61172384160952586463 0.01126467304053057131 0.06974710663470543026 0.28439984022396930241 0.02227579136574426438 0.00058874512552442907 
0.00000000099999999998 0.00000000099999999998 0.66953254193545841400 0.05445330362470107710 0.03724882739301165618 0.20450409806952821179 0.03426122597730071190 0.00000000099999999998 
0.00553580420099804207 0.00000000099999999997 0.69128390660825189684 0.00001279776061129255 0.04463850250626053701 0.23987794494822659019 0.01865104197565152847 0.00000000099999999997 
0.00000000099999999999 0.00000000099999999999 0.66806382586446944050 0.03132798215192759972 0.02942721721111802441 0.21409345079435987413 0.05350339167468196044 0.00358413030344281649 
0.00000000099999999997 0.00000000099999999997 0.71304883411834452112 0.00000000099999999997 0.00000000099999999997 0.23924468600630838244 0.04770647487534709213 0.00000000099999999997 
0.00000000099999999999 0.00000000099999999999 0.66440990414277467657 0.00890077578286304835 0.04934004295421573483 0.24450431346125134358 0.03281204215988895584 0.00003291949900621959 
0.00000000099999999998 0.00000000099999999998 0.74120128881921354402 0.04949999268900075883 0.01746319881665335180 0.16101999504443470501 0.03081552163069775988 0.00000000099999999998 
0.00000000099999999998 0.00000000099999999998 0.62992680205361029078 0.04846480254442028096 0.03690643143165513868 0.28170840582827738618 0.00299355514203701037 0.00000000099999999998 
0.00000000099999999989 0.00000000099999999989 0.99999999300000008695 0.00000000099999999989 0.00000000099999999989 0.00000000099999999989 0.00000000099999999989 0.00000000099999999989 
0.00000000099999999998 0.00000000099999999998 0.62698999787180431653 0.05182257759972324490 0.05659366085600689433 0.23907539836094598984 0.02551836231151936168 0.00000000099999999998 
0.00000000099999999997 0.00000000099999999997 0.70664043547203203577 0.00000089605042508647 0.03251917290694891771 0.24136997850716687686 0.01946951406342697574 0.00000000099999999997 
0.00000000099999999998 0.00000000099999999998 0.66039479090671315831 0.01436805393566543097 0.03883931463809171120 0.23817650789685812507 0.04822132962267135919 0.00000000099999999998 
0.00000000099999999998 0.00000000099999999998 0.63258269204777040073 0.04773166892647124487 0.05326980420642591502 0.22302282170954543239 0.03160830123534545677 0.01178470987444138821 
0.00000000099999999998 0.00000000099999999998 0.67140238598636348133 0.04618917588676781094 0.00342908510614201110 0.26691314205171745577 0.01206620796900925371 0.00000000099999999998 
0.00000000099999999998 0.00000000099999999998 0.73806045679257370473 0.01136708560742811548 0.03650731176301594272 0.17810548544034193741 0.03595965739664022665 0.00000000099999999998 
0.00106132642692516170 0.00000000099999999999 0.82222336085234726255 0.00000000099999999999 0.02570392566863274539 0.06849968541364645502 0.08251169863844846908 0.00000000099999999999 
0.43786853386589463799 0.33204972658287890130 0.07150421502864315326 0.01860106766106738377 0.00000000099999999999 0.12989766695003915342 0.00000000099999999999 0.01007878791147678865 
0.45792604400183073432 0.36950285021102519112 0.15988099673054978478 0.00685311744727088758 0.00583698860932344108 0.00000000099999999999 0.00000000099999999999 0.00000000099999999999 
0.47823510317506989775 0.39868465445777506728 0.05707165586522674333 0.04997703960323387345 0.01603154389869449262 0.00000000100000000000 0.00000000100000000000 0.00000000100000000000 
0.45145812935424400880 0.36070752224006735753 0.04446232632844219351 0.08669026844779230412 0.03856169192426530529 0.01376027036997746339 0.00000000100000000000 0.00435979033521135921 
0.42079742609267850595 0.39443363909506934384 0.08273031377690834298 0.04350224969428539978 0.00000337592656180719 0.02433485991001406792 0.00000000100000000000 0.03419813450448253023 
0.47287507288848218412 0.34065544295251642959 0.03804053099361536655 0.00000000100000000000 0.01275242293336478067 0.07703301697339627607 0.00000000100000000000 0.05864351125862515141 
0.44287926351967804584 0.32704338972756868964 0.06619811889330029508 0.01976571579083465785 0.03463206762945719025 0.10948144243916121954 0.00000000099999999999 0.00000000099999999999 
0.47297625170822821250 0.27962769792698466409 0.06497406527527006814 0.05405388448461744683 0.00000000100000000000 0.08428199100748370864 0.00827555855600088652 0.03581055004141490972 
0.45696163793255401009 0.32942645686408172923 0.04566366103595293630 0.06853383553406569573 0.00000000100000000000 0.06748920206037682668 0.00000000100000000000 0.03192520457296873365 
0.46631849666687086309 0.37473248644257323159 0.07262884529788281307 0.00000000099999999999 0.00000411686730205240 0.05693857739489079778 0.00000000099999999999 0.02937747533048018153 
0.00000000099999999998 0.00000000099999999998 0.83870297297823592775 0.03022964846400885003 0.00130766881710854587 0.08263257930986064870 0.04712712743078599498 0.00000000099999999998 
0.01618860832170495104 0.00000000099999999997 0.88140969688169124030 0.04178299966999905052 0.01440391690933107670 0.00000000099999999997 0.04621477521727374027 0.00000000099999999997 
0.00000000099999999997 0.00000000099999999997 0.92735228165624772334 0.04996040972439627637 0.00377288083123065781 0.00000000099999999997 0.01891442378812519670 0.00000000099999999997 
0.00000000099999999998 0.00000000099999999998 0.93787495246474295030 0.06212504153525701123 0.00000000099999999998 0.00000000099999999998 0.00000000099999999998 0.00000000099999999998 
0.00503808993956627715 0.00000000099999999999 0.83196369656001956105 0.07010105161796062467 0.07092329579242273585 0.00000000099999999999 0.02197386309003074301 0.00000000099999999999 
0.02341993033541451760 0.00000000099999999999 0.86805338168410972610 0.08119066201728775134 0.00000000099999999999 0.00000002137426616365 0.02733600158892187867 0.00000000099999999999 
0.00000000099999999997 0.00000000099999999997 0.97486077847976637667 0.00000000099999999997 0.00272606395050896400 0.00000000099999999997 0.02241315256972461339 0.00000000099999999997 
0.03589523353865312072 0.00000000099999999999 0.85477961720479433971 0.01665521823802551191 0.02934712228630730058 0.05816554545200426640 0.00515726128021551811 0.00000000099999999999 
0.00000000099999999997 0.00000000099999999997 0.98061541105140481722 0.01938458294859515471 0.00000000099999999997 0.00000000099999999997 0.00000000099999999997 0.00000000099999999997 
0.00000000275334535912 0.00000000099999999998 0.89560345773749938658 0.07605173805679758814 0.00000000099999999998 0.01954391239397504018 0.00880088605838258604 0.00000000099999999998 
0.08955038952667264407 0.00000000099999999999 0.04490528931341779967 0.06469567064543135793 0.02068899454546541464 0.68491045491817703628 0.03613196452158931593 0.05911723552924630365 
0.02950144587188058276 0.00000000099999999999 0.04962394188431775571 0.00486872850772171288 0.00000000099999999999 0.87015687590415435881 0.00000000099999999999 0.04584900483192558274 
0.06695897940751949218 0.00000000099999999999 0.14502674200442652874 0.06921269536589352844 0.03555196172938685645 0.62593337204884236247 0.00329613186739874733 0.05402011657653246757 
0.01743367025322037009 0.01898186069752026001 0.05777416080981100793 0.03600826149919716251 0.00000000187916959736 0.75250234014482975109 0.07268665221187584069 0.04461305250437587466 
0.01146306847007661119 0.00000000099999999998 0.46205955485871663679 0.38997190111347773689 0.00000000099999999998 0.11746430560972273560 0.01904116694800617529 0.00000000099999999998 
0.00000000099999999999 0.00000000099999999999 0.51432624048275898954 0.34614782408624861221 0.00382682264474085198 0.08816077014138244683 0.04753833964486906677 0.00000000099999999999 
0.00000000099999999998 0.00000000099999999998 0.54540227446642064457 0.30700732118001605730 0.00000000099999999998 0.10349742257534953749 0.04409297777821375580 0.00000000099999999998 
0.00000000099999999999 0.00000000099999999999 0.47732771673515977939 0.33040563521860250029 0.02341458529462542640 0.10101737934099817851 0.06783468041061420373 0.00000000099999999999 
0.00000000099999999998 0.00000000099999999998 0.45304002923562086691 0.40839874577751916762 0.01066796527866301601 0.06488621546724623879 0.06300704124095068970 0.00000000099999999998 
0.00000000099999999999 0.00000000099999999999 0.53104478732462756518 0.30862323620356318932 0.00000000099999999999 0.09040048691271346248 0.06835481239323228098 0.00157667416586360445 
0.00000000099999999988 0.00000000099999999988 0.00000000099999999988 0.00000000099999999988 0.00000000099999999988 0.00000000099999999988 0.99999999299999986491 0.00000000099999999988 
0.00832725820839771112 0.00000000099999999999 0.56335867019199814543 0.08094544733328218333 0.02718767788479392947 0.28961543592448540929 0.02358325863693992372 0.00698225082010257760 
0.00000000099999999998 0.00000000099999999998 0.42859271297960149782 0.07878189928818028764 0.07966261960846392209 0.38477553593577717983 0.02818722918797714194 0.00000000099999999998 
0.00000000099999999999 0.00000000099999999999 0.49054284754451904504 0.08863241856557782516 0.07494256096344900642 0.29526534735969933720 0.05061682256675471836 0.00000000099999999999 
0.01314001924712294815 0.00000000099999999999 0.52840506253418284555 0.05913375778588501885 0.06784164486617134948 0.26240597994065367748 0.06445009446116119201 0.00462344016482288227 
0.00000000099999999998 0.00000000099999999998 0.30892414156654668389 0.16780734023806423427 0.05477278919747142344 0.43177268954938763379 0.03672303644853002619 0.00000000099999999998 
0.00000000100000000000 0.00000000100000000000 0.45383105668258061360 0.20114685468419213343 0.03582519161234391097 0.27586534249290062260 0.03171462024603759200 0.00161693228194531363 
0.00000000099999999999 0.00000000099999999999 0.42230332446470925101 0.17358247033123111458 0.05437742798516065346 0.31589225298301376599 0.02734341133682985717 0.00650111089905529901 
0.00940697015542501895 0.00000000099999999999 0.34502098271857717382 0.17394453587488975521 0.07261487396603975852 0.35974206687126308868 0.02639311698131398959 0.01287745243249130249 
0.00000000099999999999 0.00000000099999999999 0.46994661662858588924 0.10676829130856448080 0.06063032404309314644 0.34501200480139043725 0.01764276021836599234 0.00000000099999999999 
0.00000000099999999999 0.00000000099999999999 0.47307379677593430767 0.16772877430260207943 0.01647067535546905756 0.31599575783105599003 0.02673094545244812659 0.00000004828249035658 
0.00000000099999999999 0.00000000099999999999 0.40039270014887817783 0.13680549749436671236 0.11809502248467747265 0.30796747043548988731 0.02655135899530107826 0.01018794844128657548 
0.00000000099999999999 0.00000000099999999999 0.43051676511723596663 0.13724437376442066849 0.08794777973114698000 0.30721346651893399748 0.03707761186826238897 0.00000000099999999999 
0.01310755949630824924 0.00000000099999999999 0.51328916635416987901 0.12881312842386469231 0.05890330774039225642 0.23404916307582898649 0.04440063363460269863 0.00743704027483320373 
0.00000000099999999999 0.00000000099999999999 0.15986381132616334089 0.24060256818145572821 0.01782087932789450796 0.52768284603245985132 0.05402989213202662178 0.00000000099999999999 
0.00000000099999999999 0.00000000099999999999 0.54250242525463432397 0.11160425802722119537 0.04569464447734029877 0.28022886232691773811 0.01996980691388641413 0.00000000099999999999 
0.36166622421172028856 0.00000000099999999996 0.59916203793311095804 0.02218670472691682341 0.00000000099999999996 0.00000000099999999996 0.00000000099999999996 0.01698502912825176209 
0.99999999300000008695 0.00000000099999999987 0.00000000099999999987 0.00000000099999999987 0.00000000099999999987 0.00000000099999999987 0.00000000099999999987 0.00000000099999999987 
0.99999999300000008695 0.00000000099999999986 0.00000000099999999986 0.00000000099999999986 0.00000000099999999986 0.00000000099999999986 0.00000000099999999986 0.00000000099999999986 
0.99999999300000008695 0.00000000099999999990 0.00000000099999999990 0.00000000099999999990 0.00000000099999999990 0.00000000099999999990 0.00000000099999999990 0.00000000099999999990 
0.99999999300000019797 0.00000000099999999986 0.00000000099999999986 0.00000000099999999986 0.00000000099999999986 0.00000000099999999986 0.00000000099999999986 0.00000000099999999986 
0.99999999300000008695 0.00000000099999999986 0.00000000099999999986 0.00000000099999999986 0.00000000099999999986 0.00000000099999999986 0.00000000099999999986 0.00000000099999999986 
0.99999999300000019797 0.00000000099999999991 0.00000000099999999991 0.00000000099999999991 0.00000000099999999991 0.00000000099999999991 0.00000000099999999991 0.00000000099999999991 
0.99999999300000008695 0.00000000099999999987 0.00000000099999999987 0.00000000099999999987 0.00000000099999999987 0.00000000099999999987 0.00000000099999999987 0.00000000099999999987 
0.82455915041334126858 0.00000000099999999995 0.17544084358665876233 0.00000000099999999995 0.00000000099999999995 0.00000000099999999995 0.00000000099999999995 0.00000000099999999995 
0.99999999300000019797 0.00000000099999999990 0.00000000099999999990 0.00000000099999999990 0.00000000099999999990 0.00000000099999999990 0.00000000099999999990 0.00000000099999999990 
0.00776920243357244380 0.00000000099999999999 0.72726921573363045859 0.07112197866653650891 0.04197600297302712946 0.10712104177853634668 0.02744605232862983371 0.01729650508606743811 
0.00000000099999999997 0.00000000099999999997 0.76991304064899701576 0.08828869001918118742 0.04770184739196407786 0.08785886463662972989 0.00623755430322785794 0.00000000099999999997 
0.10171791551760972494 0.00000000099999999999 0.79435680114675211172 0.08452587016631056549 0.00000000099999999999 0.01939940916932755485 0.00000000099999999999 0.00000000099999999999 
0.16519146075114971017 0.00000000099999999997 0.81633499813682408597 0.01847353611202624118 0.00000000099999999997 0.00000000099999999997 0.00000000099999999997 0.00000000099999999997 
0.17769693823543317168 0.00000000099999999998 0.79226760961359876667 0.00858006486131372009 0.02145538328965435060 0.00000000099999999998 0.00000000099999999998 0.00000000099999999998 
0.17014567688069212603 0.00000000099999999996 0.79176376376798862644 0.03809055435131921546 0.00000000099999999996 0.00000000099999999996 0.00000000099999999996 0.00000000099999999996 
0.05399864945829313534 0.00000000099999999995 0.91354235206985912043 0.03245899347184784400 0.00000000099999999995 0.00000000099999999995 0.00000000099999999995 0.00000000099999999995 
0.14455653985235022985 0.00000000099999999996 0.80983863212411866250 0.04560482302353111722 0.00000000099999999996 0.00000000099999999996 0.00000000099999999996 0.00000000099999999996 
0.04949121391189088837 0.00000000099999999998 0.90540761327393748381 0.04510116781417158188 0.00000000099999999998 0.00000000099999999998 0.00000000099999999998 0.00000000099999999998 
0.08047980913243908685 0.00000000099999999996 0.87488375908357074451 0.04463642678399023372 0.00000000099999999996 0.00000000099999999996 0.00000000099999999996 0.00000000099999999996 
0.14179318231287640906 0.00000000099999999994 0.85820681168712364961 0.00000000099999999994 0.00000000099999999994 0.00000000099999999994 0.00000000099999999994 0.00000000099999999994 
0.12387463176424856615 0.00000000099999999995 0.87612536223575154803 0.00000000099999999995 0.00000000099999999995 0.00000000099999999995 0.00000000099999999995 0.00000000099999999995 
0.08610844392979487283 0.00000000099999999995 0.91389155007020528299 0.00000000099999999995 0.00000000099999999995 0.00000000099999999995 0.00000000099999999995 0.00000000099999999995 
0.09917108574040729707 0.00000000099999999996 0.85285825153020766720 0.03596916968341647841 0.01200148904596863228 0.00000000099999999996 0.00000000099999999996 0.00000000099999999996 
0.11786913548806247920 0.00000000099999999996 0.88213085851193762110 0.00000000099999999996 0.00000000099999999996 0.00000000099999999996 0.00000000099999999996 0.00000000099999999996 
0.14793721009375410125 0.00000000099999999997 0.81265301647440213451 0.02380189282436488349 0.01560787660747886899 0.00000000099999999997 0.00000000099999999997 0.00000000099999999997 
0.10156650464800051625 0.00000000099999999996 0.84843165224281069658 0.05000183810918876204 0.00000000099999999996 0.00000000099999999996 0.00000000099999999996 0.00000000099999999996 
0.04712615908095275224 0.00000000099999999996 0.95287383491904731336 0.00000000099999999996 0.00000000099999999996 0.00000000099999999996 0.00000000099999999996 0.00000000099999999996 
0.05322464814905369934 0.00000000099999999997 0.93389963212599536035 0.00000000099999999997 0.01287571472495101579 0.00000000099999999997 0.00000000099999999997 0.00000000099999999997 
0.05638499570340403666 0.00000000099999999995 0.94361499829659600813 0.00000000099999999995 0.00000000099999999995 0.00000000099999999995 0.00000000099999999995 0.00000000099999999995 
0.16354521295038892958 0.00000000099999999996 0.83644535466203684404 0.00000942738757424595 0.00000000099999999996 0.00000000099999999996 0.00000000099999999996 0.00000000099999999996 
0.01753940035058598745 0.00000000099999999995 0.98246059364941418224 0.00000000099999999995 0.00000000099999999995 0.00000000099999999995 0.00000000099999999995 0.00000000099999999995 
0.05432049918825374718 0.00000000099999999997 0.94567949481174629067 0.00000000099999999997 0.00000000099999999997 0.00000000099999999997 0.00000000099999999997 0.00000000099999999997 
0.11220686190873216392 0.00000000099999999998 0.87673169328604894091 0.00006243989180890193 0.00000000099999999998 0.00000000099999999998 0.00000000099999999998 0.01099900091341001612 
0.00000000099999999990 0.00000000099999999990 0.00000000099999999990 0.00000000099999999990 0.00000000099999999990 0.00000000099999999990 0.99999999299999997593 0.00000000099999999990 
0.00000000099999999989 0.00000000099999999989 0.00000000099999999989 0.00000000099999999989 0.00000000099999999989 0.00000000099999999989 0.99999999299999986491 0.00000000099999999989 
0.61304623664756707768 0.00000000099999999996 0.00000000099999999996 0.00000000099999999996 0.00000000099999999996 0.38695375735243314752 0.00000000099999999996 0.00000000099999999996 
0.69162863257591955524 0.00000000099999999996 0.00000000099999999996 0.00000000099999999996 0.00000000099999999996 0.30837136142408050343 0.00000000099999999996 0.00000000099999999996 
0.61900911967683402981 0.00000000099999999997 0.00000000099999999997 0.00000000099999999997 0.00000000099999999997 0.38099087432316619539 0.00000000099999999997 0.00000000099999999997 
0.72985153621985321415 0.00000000099999999999 0.25141380252860384692 0.00000000099999999999 0.00000000099999999999 0.01873465625154294850 0.00000000099999999999 0.00000000099999999999 
0.71659862932870488361 0.00000000099999999997 0.00000000099999999997 0.00000000099999999997 0.00000000099999999997 0.28340136467129511955 0.00000000099999999997 0.00000000099999999997 
0.69941010364159261758 0.00000000099999999997 0.00000000099999999997 0.00000000099999999997 0.00000000099999999997 0.30058989035840760762 0.00000000099999999997 0.00000000099999999997 
0.68614521072405776358 0.00000000099999999998 0.00000000099999999998 0.00000000099999999998 0.00000000099999999998 0.31385478327594229508 0.00000000099999999998 0.00000000099999999998 
0.51517593380604909115 0.01532734165509700743 0.00000000099999999999 0.00010646600396835102 0.00000000099999999999 0.45252094188611979853 0.00000000099999999999 0.01686931364876568737 
0.68083906920583436850 0.00000000099999999996 0.00000000099999999996 0.00000000099999999996 0.00000000099999999996 0.31916092479416580119 0.00000000099999999996 0.00000000099999999996 
0.71301801595902880582 0.00000000099999999996 0.00000000099999999996 0.00000000099999999996 0.00000000099999999996 0.28698197804097130836 0.00000000099999999996 0.00000000099999999996 
0.62771843958086559478 0.00000000099999999997 0.00000000099999999997 0.00000000099999999997 0.00000000099999999997 0.37228155441913457491 0.00000000099999999997 0.00000000099999999997 
0.62001407685387099900 0.00000000099999999997 0.00000000099999999997 0.00000000099999999997 0.00000000099999999997 0.37998591714612917070 0.00000000099999999997 0.00000000099999999997 
0.15824363984113276604 0.04049559152109295790 0.08039134595959152030 0.01704840832949751014 0.00000004499638303381 0.62336695790833207553 0.00000004875765643402 0.08045396268631373193 
0.04060989776656374201 0.00000000099999999998 0.47757331542698505666 0.14632514465972254469 0.05012540264479197621 0.28536623650193659874 0.00000000099999999998 0.00000000099999999998 
0.01058312599862879823 0.00000000099999999998 0.36072099499452769944 0.19881549755863833773 0.11145859660233536914 0.29260753249952431432 0.02581425034634554638 0.00000000099999999998 
0.00775743331274329588 0.00000000099999999998 0.38904503770149995168 0.15738855230601445090 0.08546825978365164833 0.34775396772000094492 0.01258674717608974578 0.00000000099999999998 
0.01858497099451828297 0.00000000099999999998 0.32332632825428159196 0.19797294808972468183 0.10120808447279298903 0.35890766518868250090 0.00000000099999999998 0.00000000099999999998 
0.00000000099999999998 0.00000000099999999998 0.36772522111895344921 0.14404814718270664287 0.12218327157394881510 0.34711575772236341608 0.01892759940202765750 0.00000000099999999998 
0.00000000099999999998 0.00000000099999999998 0.35249871115173342373 0.16893575709046892985 0.09443108147406524544 0.34679528371071638437 0.03733916357301582389 0.00000000099999999998 
0.00000000099999999998 0.00000000099999999998 0.40169737672772670711 0.14723872034075402571 0.07578540803880594312 0.36156707548866112711 0.01371141640405222802 0.00000000099999999998 
0.00000000099999999998 0.00000000099999999998 0.31957274961084536358 0.16376737088338136350 0.10678782350545898416 0.40987205200031417984 0.00000000099999999998 0.00000000099999999998 
0.00000000099999999997 0.00000000099999999997 0.30264085909866228485 0.18130904527000396564 0.09692672836638330236 0.41912336326495042149 0.00000000099999999997 0.00000000099999999997 
0.00000000099999999998 0.00000000099999999998 0.38841879612022001123 0.17239826759006521284 0.07646346947013483997 0.33312571761395670666 0.02959374620562322394 0.00000000099999999998 
0.03281942541404591490 0.00000000099999999998 0.36557399277844976337 0.18428146696979436081 0.06775705739069370903 0.33712842975174694971 0.01243962569526915751 0.00000000099999999998 
0.00000124556483857598 0.00000000099999999998 0.32083388640817311899 0.24610648169947677011 0.07564657236111475835 0.32918288100094533766 0.02822893096545146460 0.00000000099999999998 
0.00051180291037790392 0.00000000099999999999 0.36358289309387004096 0.15999842676908415662 0.08366134165420621716 0.38175409650161507003 0.01049143707084652932 0.00000000099999999999 
0.00000000099999999998 0.00000000099999999998 0.38107219962841532013 0.19400840551715839433 0.07585637681999098103 0.34505469618726097858 0.00400831884717418267 0.00000000099999999998 
0.00000000099999999998 0.00000000099999999998 0.32360201421142376077 0.18324358671023241452 0.07298544394417708081 0.42016895113416685703 0.00000000099999999998 0.00000000099999999998 
0.00000000099999999998 0.00000000099999999998 0.37732046058291440760 0.18764500072409409648 0.06443042034519327887 0.35932732110155907179 0.01127679424623910694 0.00000000099999999998 
0.00000000099999999998 0.00000000099999999998 0.37347334899891487803 0.18377194677354491414 0.05023738433985130980 0.37645272426460668624 0.01606459262308210581 0.00000000099999999998 
0.02505826575443753645 0.00000000099999999998 0.31164445224195791440 0.14561404372057240586 0.08790184327177598400 0.38751847344278089746 0.04226291956847526288 0.00000000099999999998 
0.00000000099999999999 0.00000000099999999999 0.34773065596800539767 0.16520643331740669790 0.07917987556170799635 0.40787205786315944289 0.00000000099999999999 0.00001097428972048759 
0.00000000099999999998 0.00000000099999999998 0.34001376440231517728 0.16003722921111229738 0.11451419626455854039 0.36040394453395180330 0.02503086258806209302 0.00000000099999999998 
0.00000000099999999991 0.00000000099999999991 0.00000000099999999991 0.00000000099999999991 0.00000000099999999991 0.00000000099999999991 0.99999999299999997593 0.00000000099999999991 
0.03229340206545055353 0.00000000099999999997 0.93695208076996927549 0.00000000099999999997 0.00000000099999999997 0.00000000099999999997 0.03075451216458020831 0.00000000099999999997 
0.00000000099999999998 0.00000000099999999998 0.93477919287612643018 0.00000000099999999998 0.00000000099999999998 0.00000000099999999998 0.06522080112387343420 0.00000000099999999998 
0.00000000099999999997 0.00000000099999999997 0.97769894204792007208 0.00000000099999999997 0.00000000099999999997 0.01444588552063592012 0.00785516743144381441 0.00000000099999999997 
0.00000000099999999998 0.00000000099999999998 0.95268551436481785366 0.00000000099999999998 0.00000000099999999998 0.00000000099999999998 0.04731447963518198990 0.00000000099999999998 
0.00000000099999999992 0.00000000099999999992 0.99999999299999997593 0.00000000099999999992 0.00000000099999999992 0.00000000099999999992 0.00000000099999999992 0.00000000099999999992 
0.02593154360734382588 0.00000000099999999997 0.93613893746270082641 0.00000000099999999997 0.02011348232200407121 0.00000000099999999997 0.01781603260795128207 0.00000000099999999997 
0.00000000099999999986 0.00000000099999999986 0.99999999300000008695 0.00000000099999999986 0.00000000099999999986 0.00000000099999999986 0.00000000099999999986 0.00000000099999999986 
0.00000000099999999994 0.00000000099999999994 0.98413236081491295426 0.00000000099999999994 0.00000000099999999994 0.00000000099999999994 0.01586763318508700379 0.00000000099999999994 
0.00000000099999999996 0.00000000099999999996 0.98670904368729894784 0.00000000099999999996 0.00000000099999999996 0.00000000099999999996 0.01329095031270106225 0.00000000099999999996 
0.00000000099999999998 0.00000000099999999998 0.94558577276093125352 0.00000000099999999998 0.00000000099999999998 0.00000000099999999998 0.05368463501794203813 0.00072958722112664680 
0.00000000099999999993 0.00000000099999999993 0.99276907863820884614 0.00000000099999999993 0.00000000099999999993 0.00000000099999999993 0.00723091536179119865 0.00000000099999999993 
0.00000000099999999996 0.00000000099999999996 0.95629124013468991272 0.00000000099999999996 0.00000000099999999996 0.00000000099999999996 0.04370875386531006268 0.00000000099999999996 
0.00000000099999999995 0.00000000099999999995 0.98448578979822898294 0.00000000099999999995 0.00000000099999999995 0.00000000099999999995 0.01551420420177090573 0.00000000099999999995 
0.00000025707714765279 0.00000000099999999997 0.20957895325896866434 0.79042078466388365765 0.00000000099999999997 0.00000000099999999997 0.00000000099999999997 0.00000000099999999997 
0.00000000099999999989 0.00000000099999999989 0.99999999299999997593 0.00000000099999999989 0.00000000099999999989 0.00000000099999999989 0.00000000099999999989 0.00000000099999999989 
0.00000000099999999996 0.00000000099999999996 0.18251894476844418569 0.81748104923155584522 0.00000000099999999996 0.00000000099999999996 0.00000000099999999996 0.00000000099999999996 
0.00000000099999999996 0.00000000099999999996 0.13716426607506571056 0.86283572792493423709 0.00000000099999999996 0.00000000099999999996 0.00000000099999999996 0.00000000099999999996 
0.01008931363505961507 0.00000000099999999997 0.26633673896944431991 0.70746578065949150549 0.01610816273600460327 0.00000000099999999997 0.00000000099999999997 0.00000000099999999997 
0.00000000099999999995 0.00000000099999999995 0.14646601872278397494 0.85353397527721608373 0.00000000099999999995 0.00000000099999999995 0.00000000099999999995 0.00000000099999999995 
0.04360631378609736153 0.00000000099999999998 0.05091062584401890440 0.84965916930390117390 0.04827930211382592401 0.00754458595215664295 0.00000000099999999998 0.00000000099999999998 
0.04512850871426483945 0.00000000099999999998 0.08134747158015012691 0.73716811524750058826 0.01512419393963135641 0.08655128897330228999 0.03468041954515070635 0.00000000099999999998 
0.00415968241654874650 0.00000000099999999997 0.25021302553293478521 0.74562728705051661837 0.00000000099999999997 0.00000000099999999997 0.00000000099999999997 0.00000000099999999997 
0.00000000099999999997 0.00000000099999999997 0.18777678718696860782 0.79057161300618072897 0.02165159480685066931 0.00000000099999999997 0.00000000099999999997 0.00000000099999999997 
0.00000000099999999996 0.00000000099999999996 0.21633232405853491942 0.78366766994146508374 0.00000000099999999996 0.00000000099999999996 0.00000000099999999996 0.00000000099999999996 
0.00000000099999999998 0.00000000099999999998 0.14909191717814856970 0.85090807682185154448 0.00000000099999999998 0.00000000099999999998 0.00000000099999999998 0.00000000099999999998 
0.00000000099999999988 0.00000000099999999988 0.00000000099999999988 0.99999999300000008695 0.00000000099999999988 0.00000000099999999988 0.00000000099999999988 0.00000000099999999988 
0.00000000099999999987 0.00000000099999999987 0.00000000099999999987 0.99999999300000008695 0.00000000099999999987 0.00000000099999999987 0.00000000099999999987 0.00000000099999999987 
0.00000000099999999997 0.00000000099999999997 0.01376223096325595446 0.98568676055944581815 0.00000000099999999997 0.00000000099999999997 0.00000000099999999997 0.00055100347729821375 
0.00000000099999999994 0.00000000099999999994 0.00000000099999999994 0.99999999300000008695 0.00000000099999999994 0.00000000099999999994 0.00000000099999999994 0.00000000099999999994 
0.00000000099999999993 0.00000000099999999993 0.00000000099999999993 0.99999999300000008695 0.00000000099999999993 0.00000000099999999993 0.00000000099999999993 0.00000000099999999993 
0.00000000099999999997 0.00000000099999999997 0.00000000099999999997 0.99999999299999997593 0.00000000099999999997 0.00000000099999999997 0.00000000099999999997 0.00000000099999999997 
0.00000000099999999993 0.00000000099999999993 0.00000000099999999993 0.99999999299999997593 0.00000000099999999993 0.00000000099999999993 0.00000000099999999993 0.00000000099999999993 
0.00000000099999999992 0.00000000099999999992 0.00000000099999999992 0.99999999299999997593 0.00000000099999999992 0.00000000099999999992 0.00000000099999999992 0.00000000099999999992 
0.00000000099999999994 0.00000000099999999994 0.00000000099999999994 0.99999999300000008695 0.00000000099999999994 0.00000000099999999994 0.00000000099999999994 0.00000000099999999994 
0.00000000099999999996 0.00000000099999999996 0.00000000099999999996 0.99999999300000008695 0.00000000099999999996 0.00000000099999999996 0.00000000099999999996 0.00000000099999999996 
0.00000000099999999996 0.00000000099999999996 0.00000000099999999996 0.99999999300000008695 0.00000000099999999996 0.00000000099999999996 0.00000000099999999996 0.00000000099999999996 
0.00000000099999999995 0.00000000099999999995 0.00000000099999999995 0.99999999299999997593 0.00000000099999999995 0.00000000099999999995 0.00000000099999999995 0.00000000099999999995 
0.00000000099999999993 0.00000000099999999993 0.00000000099999999993 0.99999999299999997593 0.00000000099999999993 0.00000000099999999993 0.00000000099999999993 0.00000000099999999993 
0.00000000099999999993 0.00000000099999999993 0.00000407030366684017 0.99999592369633316657 0.00000000099999999993 0.00000000099999999993 0.00000000099999999993 0.00000000099999999993 
0.00079489764347526616 0.00000000099999999997 0.01113590779267861243 0.98806918956384626185 0.00000000099999999997 0.00000000099999999997 0.00000000099999999997 0.00000000099999999997 
0.96958566783240063280 0.00000000099999999997 0.03041432616759949525 0.00000000099999999997 0.00000000099999999997 0.00000000099999999997 0.00000000099999999997 0.00000000099999999997 
0.99999999300000019797 0.00000000099999999994 0.00000000099999999994 0.00000000099999999994 0.00000000099999999994 0.00000000099999999994 0.00000000099999999994 0.00000000099999999994 
0.99999999300000008695 0.00000000099999999996 0.00000000099999999996 0.00000000099999999996 0.00000000099999999996 0.00000000099999999996 0.00000000099999999996 0.00000000099999999996 
0.99825665321449852385 0.00000000099999999996 0.00000000099999999996 0.00000000099999999996 0.00174334078550158729 0.00000000099999999996 0.00000000099999999996 0.00000000099999999996 
0.99999999300000019797 0.00000000099999999997 0.00000000099999999997 0.00000000099999999997 0.00000000099999999997 0.00000000099999999997 0.00000000099999999997 0.00000000099999999997 
0.99999999300000019797 0.00000000099999999994 0.00000000099999999994 0.00000000099999999994 0.00000000099999999994 0.00000000099999999994 0.00000000099999999994 0.00000000099999999994 
0.99999999300000008695 0.00000000099999999994 0.00000000099999999994 0.00000000099999999994 0.00000000099999999994 0.00000000099999999994 0.00000000099999999994 0.00000000099999999994 
0.99999999300000008695 0.00000000099999999993 0.00000000099999999993 0.00000000099999999993 0.00000000099999999993 0.00000000099999999993 0.00000000099999999993 0.00000000099999999993 
0.89879062810540388817 0.00000000099999999999 0.03500763508673213759 0.06051201732602248112 0.00000000099999999999 0.00000000099999999999 0.00000000099999999999 0.00568971548184153686 
0.99999999300000008695 0.00000000099999999993 0.00000000099999999993 0.00000000099999999993 0.00000000099999999993 0.00000000099999999993 0.00000000099999999993 0.00000000099999999993 
0.99999999300000008695 0.00000000099999999995 0.00000000099999999995 0.00000000099999999995 0.00000000099999999995 0.00000000099999999995 0.00000000099999999995 0.00000000099999999995 
0.99999999300000019797 0.00000000099999999993 0.00000000099999999993 0.00000000099999999993 0.00000000099999999993 0.00000000099999999993 0.00000000099999999993 0.00000000099999999993 
0.99999999300000008695 0.00000000099999999994 0.00000000099999999994 0.00000000099999999994 0.00000000099999999994 0.00000000099999999994 0.00000000099999999994 0.00000000099999999994 
