0.11980419422344384950 0.75651371996513883111 0.12368208381141736207 0.00000000100000000000 0.00000000100000000000 
0.11046282925777968498 0.72025705163040376622 0.12802585374549207975 0.04125426436632447652 0.00000000100000000000 
0.14109798636963308271 0.74794780333487465018 0.11095420829549232367 0.00000000100000000000 0.00000000100000000000 
0.10243357495267309265 0.74245697384147046893 0.13713276647806665887 0.01797668372778981477 0.00000000100000000000 
0.14047105316457850210 0.72771153026453216928 0.13181741457088930192 0.00000000099999999999 0.00000000099999999999 
0.17550311612222097013 0.69783262263042367124 0.12666425924735533193 0.00000000100000000000 0.00000000100000000000 
0.11215678913853646681 0.72123369866031394881 0.15279842774200438904 0.01381108345914505188 0.00000000100000000000 
0.14133256038938621368 0.68367180869003496557 0.17499562892057893282 0.00000000100000000000 0.00000000100000000000 
0.10496536183210632143 0.72335441366336517000 0.13140032527214479119 0.04027989823238371792 0.00000000100000000000 
0.18243515225094458776 0.65144714775503365090 0.16611769799402165138 0.00000000100000000000 0.00000000100000000000 
0.15047692896061998225 0.72290540529388869206 0.12661766374549118797 0.00000000100000000000 0.00000000100000000000 
0.17071845132392121647 0.66851463678749301067 0.15572419886896851637 0.00504271201961735156 0.00000000099999999999 
0.14815385898525415542 0.73345301274710916761 0.11839312626763678904 0.00000000100000000000 0.00000000100000000000 
0.03940093917298399112 0.30381375280043465548 0.00329355204645340530 0.24615679274047524983 0.40733496323965273644 
0.04525773113570433215 0.31584858082024203085 0.00000000099999999999 0.23643043618159476082 0.40246325086245882119 
0.00057152202483543534 0.27354106953301943195 0.00000000099999999999 0.23557435549486324677 0.49031305194728180830 
0.01912299182216452981 0.25991578305537121896 0.00000000099999999999 0.33943316777385545979 0.38152805634860870176 
0.02273128397701733652 0.30347518116213750838 0.00000000099999999999 0.22275541629546541378 0.45103811756537959266 
0.02855226637371205065 0.32209111667803003165 0.00000000100000000000 0.23688118377002134740 0.41247543217823662287 
0.00000000099999999999 0.30463310894025247277 0.00000000099999999999 0.29131293360044840934 0.40405395545929911894 
0.01062209678472361869 0.34129458787188987623 0.00000000099999999999 0.19444235207573418167 0.45364096226765221465 
0.00029156686226397197 0.29035349303324459180 0.00000000099999999999 0.16554040446761281169 0.54381453463687856598 
0.05533415237713115026 0.25726943305029886799 0.00000000099999999999 0.22661780188309549322 0.46077861168947437109 
0.04657688084574106158 0.28150853846742873721 0.00000000099999999999 0.25543796936569512779 0.41647661032113492130 
0.00000000100000000000 0.28959513887527044140 0.00000000100000000000 0.22032507390896199917 0.49007978521576750497 
0.05990001276560551896 0.28035930816392090614 0.00000000099999999999 0.22902274952735315883 0.43071792854312035415 
0.06245545963232004838 0.28532751044875226398 0.00000000099999999999 0.14364955525987127549 0.50856747365905630165 
0.01498917810295610602 0.24745565328622939893 0.00000000100000000000 0.31217429333477653142 0.42538087427603782364 
0.01274235187699734179 0.30937141696692421755 0.00000000099999999999 0.27073879951664414634 0.40714743063943420465 
0.00000000099999999999 0.21593435338234284737 0.00000000099999999999 0.03918966939012732270 0.74487597522752979629 
0.00000000099999999998 0.23825160572877882026 0.00000000099999999998 0.00000000099999999998 0.76174839127122107030 
0.00000000099999999999 0.25810171292294797896 0.00000000099999999999 0.10370808010225938955 0.63819020497479261866 
0.00000000099999999999 0.18771258283074307438 0.00000000099999999999 0.12258982592279053792 0.68969758924646640263 
0.00031584039051444881 0.20498718319715295011 0.00000000099999999998 0.07483519499787316676 0.71986178041445936238 
0.00000000099999999999 0.23449295640886666514 0.00000000099999999999 0.07584706223897469402 0.68965997935215872516 
0.00000000099999999998 0.23812273839503478312 0.00000000099999999998 0.00000000099999999998 0.76187725860496524621 
0.00000000099999999999 0.24016552586141179382 0.00000000099999999999 0.09034624298457785696 0.66948822915401029476 
0.00000000099999999999 0.15067561716622240864 0.00000000099999999999 0.08156009244971081096 0.76776428838406673982 
0.00000000099999999999 0.22051738019081393305 0.00000000099999999999 0.11659150972872585339 0.66289110808046025625 
0.00000000099999999993 0.00000000099999999993 0.00000000099999999993 0.00000000099999999993 0.99999999599999989108 
0.00000000099999999999 0.20797053521842301382 0.00000000099999999999 0.12613121256689813210 0.66589825021467874411 
0.00000000099999999998 0.20813107972720565342 0.00000000099999999998 0.05964673150085698233 0.73222218677193728897 
0.00000000099999999999 0.24245499439120107854 0.00000000099999999999 0.06791613685266124911 0.68962886675613777054 
0.00000000099999999999 0.22392400398647280269 0.00000000099999999999 0.11975261720853300207 0.65632337680499419630 
0.00000000099999999999 0.22522639499871810465 0.00000000099999999999 0.07956788483293061875 0.69520571816835130541 
0.00000000099999999999 0.17197348047305441310 0.00000000099999999999 0.06614187120631814798 0.76188464632062746773 
0.00000000099999999999 0.13887252247294190610 0.00000000099999999999 0.00000028415247434087 0.86112719137458371144 
0.46261527765515680910 0.08420734717223439525 0.35017336640394663982 0.01293547483101013633 0.09006853393765197613 
0.47196555388255723162 0.00000000100000000000 0.36793118629668486452 0.00134715271388254803 0.15875610610687532209 
0.49861188374199266748 0.00000000100000000000 0.39649531127851350698 0.04774641833186082929 0.05714638564763296902 
0.46069876450525865108 0.00005657031551126830 0.36815382757483666731 0.12583699343109250313 0.04525384417330091669 
0.44017640298552435096 0.02275467469685709884 0.40195506067773917325 0.04187832907553935141 0.09323553256433993186 
0.50316586825395803739 0.09025694226535747877 0.35001507596120878807 0.00408263546677060506 0.05247947805270505167 
0.46214872472692919425 0.02461183283028247140 0.36149403260206386390 0.06974702073703516192 0.08199838910368933975 
0.51067673524566425947 0.09224026494028754464 0.28270098584400893404 0.02756625782398758676 0.08681575614605160918 
0.48385451822846442527 0.06170787688443424984 0.33835564412870022810 0.07340613262269671258 0.04267582813570441197 
0.49505806849700767502 0.02245215654476497361 0.39094858981838975787 0.00000020424730177520 0.09154098089253584480 
0.00000000099999999998 0.09797147989299119508 0.00000000099999999998 0.03862702614300174420 0.86340149196400706177 
0.00316632355320508067 0.00485325083147716135 0.00000000099999999999 0.06489620065719023390 0.92708422395812750683 
0.00000000099999999998 0.00000000099999999998 0.00000000099999999998 0.04127764892910929656 0.95872234807089085074 
0.00000000099999999998 0.00000000099999999998 0.00000000099999999998 0.03738436927184756592 0.96261562772815234545 
0.00002931885379461081 0.00730426071194102255 0.00000000099999999999 0.13471419804615514249 0.85795222138810922630 
0.01376425533345216820 0.00378510444433507315 0.00000000100000000000 0.07348641331960650835 0.90896422590260628205 
0.00000000099999999998 0.00000000099999999998 0.00000000099999999998 0.00000000099999999998 0.99999999600000000211 
0.03307821524510619338 0.03760174043599294469 0.00000000099999999999 0.04845268467744102969 0.88086735864145981889 
0.00000000099999999997 0.00000000099999999997 0.00000000099999999997 0.00001835527216873603 0.99998164172783132742 
0.00000000099999999999 0.00000000099999999999 0.00000000099999999999 0.06903415307155524872 0.93096584392844461409 
0.15883638602709204690 0.68143837924206351886 0.00000000100000000000 0.14120885484778786245 0.01851637888305670762 
0.11580606127904558011 0.78025763439230300111 0.01074389803743730672 0.07961436913216765610 0.01357803715904626687 
0.14863434837507344399 0.57702586378493958552 0.00030212580282565425 0.14998116701026126263 0.12405649502690017927 
0.08225004957113321580 0.75808374094994324111 0.04595520041276929257 0.07756985837550528506 0.03614115069064900709 
0.01953768095788985248 0.09489648300442005135 0.00000000099999999999 0.38668563411744000247 0.49888020092024998320 
0.00000000099999999999 0.10049390790013552899 0.00000000099999999999 0.34220094997096522915 0.55730514012889909026 
0.00000000099999999999 0.11057607956561819884 0.00000000099999999999 0.29663578047101341051 0.59278813796336837783 
0.00000000099999999999 0.14808374952105007871 0.00000000099999999999 0.33820253186809529078 0.51371371661085463156 
0.00000000099999999999 0.10778116113391747466 0.00000000099999999999 0.39108369653379143616 0.50113514033229122902 
0.00000000099999999999 0.13992040022189752846 0.00000000099999999999 0.27821150256159676850 0.58186809521650562083 
0.00000000099999999997 0.99999999600000011313 0.00000000099999999997 0.00000000099999999997 0.00000000099999999997 
0.02390294195755592391 0.26508120639520382777 0.00000000100000000000 0.13540563726080107054 0.57561021338643925116 
0.00000000099999999999 0.35319102562896753650 0.00000000099999999999 0.20168717338279171236 0.44512179898824072444 
0.00000000100000000000 0.29809399260617486238 0.00000000100000000000 0.18688024630716271179 0.51502575908666237137 
0.02290243366781821721 0.28716827393228289145 0.00000000100000000000 0.15440279287154495824 0.53552649852835387811 
0.00000000099999999999 0.41073023836295813327 0.00000000099999999999 0.27541315320450676651 0.31385660643253504576 
0.02158795429218175396 0.24729284937200224359 0.00575793694350316791 0.26176553541700825489 0.46359572397530451893 
0.00000000099999999999 0.29997031894107606398 0.00000000099999999999 0.25816762651317376465 0.44186205254575022794 
0.03519720670741924989 0.32924564420153307198 0.00000000100000000000 0.27586552446180123699 0.35969162362924644860 
0.00374497699517644354 0.29927227323031618811 0.00000000100000000000 0.21043254081572726477 0.48655020795878012319 
0.00000000100000000000 0.28725243204387246321 0.00000000100000000000 0.22365965630583956036 0.48908790965028797748 
0.00000000099999999999 0.29670394597394567082 0.00000000099999999999 0.27080717515487517932 0.43248887687117903988 
0.00932395658250653389 0.29360419924097652666 0.00000000099999999999 0.25187380137179149475 0.44519804180472527522 
0.02616406812715339411 0.23713864500804668345 0.00000000099999999999 0.21267613252464745432 0.52402115334015231252 
0.01496298468127154127 0.48847032104067750202 0.00000000100000000000 0.31425582831581883037 0.18231086496223236626 
0.00000000099999999999 0.25568897247492666791 0.00000000099999999999 0.18486179024031626494 0.55944923528475698493 
0.38458427898195046701 0.00000000099999999997 0.00000000099999999997 0.00863871258971726612 0.60677700642833221067 
0.99999999600000011313 0.00000000099999999993 0.00000000099999999993 0.00000000099999999993 0.00000000099999999993 
0.99999999600000011313 0.00000000099999999992 0.00000000099999999992 0.00000000099999999992 0.00000000099999999992 
0.99999999600000000211 0.00000000099999999994 0.00000000099999999994 0.00000000099999999994 0.00000000099999999994 
0.99999999600000000211 0.00000000099999999992 0.00000000099999999992 0.00000000099999999992 0.00000000099999999992 
0.99999999600000011313 0.00000000099999999992 0.00000000099999999992 0.00000000099999999992 0.00000000099999999992 
0.99999999600000000211 0.00000000099999999995 0.00000000099999999995 0.00000000099999999995 0.00000000099999999995 
0.99999999600000011313 0.00000000099999999992 0.00000000099999999992 0.00000000099999999992 0.00000000099999999992 
0.84538423155481923210 0.00000000099999999996 0.00000000099999999996 0.00000000099999999996 0.15461576544518090826 
0.99999999600000011313 0.00000000099999999994 0.00000000099999999994 0.00000000099999999994 0.00000000099999999994 
0.00742873961105883478 0.12538423420216729398 0.00000000099999999999 0.12125639748822332475 0.74593062769855056349 
0.00000000099999999998 0.07455598434908704275 0.00000000099999999998 0.14304705111319837574 0.78239696253771462420 
0.10687948677123734753 0.00000000100000000000 0.00000000100000000000 0.07173650333674648494 0.82138400789201626573 
0.16280887404489916004 0.00000000099999999998 0.00000000099999999998 0.00001633301070307662 0.83717479094439772869 
0.16697696448385745960 0.00000000099999999999 0.00000000099999999999 0.03645093817334683212 0.79657209534279571628 
0.17709778350595198337 0.00000000099999999998 0.00000000099999999998 0.00150142582964288632 0.82140078866440513483 
0.05128931701699666890 0.00000000099999999997 0.00000000099999999997 0.00000000099999999997 0.94871067998300318003 
0.14579756621950404338 0.00000000099999999998 0.00000000099999999998 0.02204830143259420283 0.83215413034790164382 
0.05299409136437365636 0.00000000099999999999 0.00000000099999999999 0.02528598386461391664 0.92171992277101255642 
0.08280135127327366285 0.00000000099999999997 0.00000000099999999997 0.02049537864254691311 0.89670326808417932796 
0.13054132484136438119 0.00000000099999999997 0.00000000099999999997 0.00000000099999999997 0.86945867215863559263 
0.11314346548204090581 0.00000000099999999997 0.00000000099999999997 0.00000000099999999997 0.88685653151795917903 
0.07643088120462314394 0.00000000099999999997 0.00000000099999999997 0.00000000099999999997 0.92356911579537670498 
0.09088833033132782957 0.00000000099999999998 0.00000000099999999998 0.04260110990797669195 0.86651055776069541015 
0.10951441189844159096 0.00000000099999999998 0.00000000099999999998 0.00000000099999999998 0.89048558510155828571 
0.14400255174952641957 0.00000000099999999998 0.00000000099999999998 0.02812047287767614062 0.82787697337279742005 
0.10898417090538545238 0.00000000099999999998 0.00000000099999999998 0.00000000099999999998 0.89101582609461449369 
0.04658410461385223411 0.00000000099999999998 0.00000000099999999998 0.00000000099999999998 0.95341589238614787849 
0.04627798438202556514 0.00000000099999999999 0.00000000099999999999 0.00000000099999999999 0.95372201261797440175 
0.04542731425329764317 0.00000000099999999997 0.00000000099999999997 0.00000000099999999997 0.95457268274670248331 
0.14981906627448129954 0.00000000099999999997 0.00000000099999999997 0.00000000099999999997 0.85018093072551870204 
0.00416422446067705228 0.00000000099999999998 0.00000000099999999998 0.00000000099999999998 0.99583577253932298312 
0.04290013012370257756 0.00000000099999999998 0.00000000099999999998 0.00000000099999999998 0.95709986687629733382 
0.10884184573159459697 0.00000000099999999998 0.00000000099999999998 0.00000000099999999998 0.89115815126840547400 
0.00000000099999999998 0.98744442735036719316 0.00000000099999999998 0.00000000099999999998 0.01255556964963294546 
0.00000000099999999997 0.99474611006875257591 0.00000000099999999997 0.00000000099999999997 0.00525388693124750287 
0.71241733017334596401 0.28697353308940370953 0.00060913473725028252 0.00000000099999999999 0.00000000099999999999 
0.77136442369331137403 0.22863557330668859979 0.00000000099999999999 0.00000000099999999999 0.00000000099999999999 
0.69663413671531426719 0.27171846741801192193 0.03164739386667393684 0.00000000099999999999 0.00000000099999999999 
0.74289384379701650651 0.00000000099999999999 0.00000000099999999999 0.00000000099999999999 0.25710615320298352282 
0.78481747433679216464 0.20529566806092672260 0.00988685560228106525 0.00000000100000000000 0.00000000100000000000 
0.77200298571158965100 0.22799701128841032283 0.00000000099999999999 0.00000000099999999999 0.00000000099999999999 
0.75523133348187820868 0.23227320807672596770 0.01249545644139585243 0.00000000099999999999 0.00000000099999999999 
0.58293388267822743298 0.38589718546620971340 0.03038395338402107015 0.00078497747154174279 0.00000000100000000000 
0.75897371342576103181 0.24102628357423885874 0.00000000099999999999 0.00000000099999999999 0.00000000099999999999 
0.79815220459627922445 0.20184779240372074938 0.00000000099999999999 0.00000000099999999999 0.00000000099999999999 
0.71064094598682958637 0.28935905101317038746 0.00000000099999999999 0.00000000099999999999 0.00000000099999999999 
0.70515753762711741448 0.26555426078474203555 0.02928819958814045735 0.00000000099999999999 0.00000000099999999999 
0.23297884054588879899 0.56901190667690215719 0.06754733521918011852 0.05924582529750389848 0.07121609226052512398 
0.05312330633934372881 0.22350970061619862550 0.00000000099999999999 0.22954779125917718074 0.49381920078528052098 
0.01994480025864048961 0.25638362242128620583 0.00000000099999999999 0.35304894048259988226 0.37062263583747345752 
0.03511068066511780633 0.27728319717759325469 0.00000000099999999999 0.30020964469905864203 0.38739647645823033217 
0.02736149087276555647 0.28182659189965425517 0.00000000099999999999 0.35966087851941230813 0.33115103770816795015 
0.00000540168162101069 0.29341699235093704479 0.00000000099999999999 0.34262289582730937054 0.36395470914013267061 
0.00000000099999999999 0.30938486765726525007 0.00000000099999999999 0.31403878010922314790 0.37657635023351138104 
0.00157196576737907742 0.29651915187644861671 0.00000000100000000000 0.28523463217344791065 0.41667424918272438772 
0.00899049361694390266 0.31858881430133378920 0.00000000099999999999 0.33874589224993528758 0.33367479883178713385 
0.01023393334453701065 0.31956802164985592674 0.00000000100000000000 0.35165211012111963207 0.31854593388448732005 
0.00018227904891861591 0.30405186710045112308 0.00000000099999999999 0.29959445889734664936 0.39617139395328371254 
0.05788670859636309285 0.28454736264363184040 0.00000000099999999999 0.28934851679602063834 0.36821741096398447057 
0.01358190866782073292 0.28948235151704587720 0.00000000099999999999 0.37733760911054708975 0.31959812970458634229 
0.01846692759516486981 0.32150004702695483827 0.00000000099999999999 0.31050424411033233918 0.34952878026754785612 
0.00598421313465771938 0.27522297183763022588 0.00000000099999999999 0.33544488356148305375 0.38334793046622905877 
0.00000000099999999999 0.33159930531033227075 0.00000000099999999999 0.34141790716367115266 0.32698278552599641111 
0.00000000099999999999 0.28867956207858302964 0.00000000099999999999 0.32519633794466801247 0.38612409797674890344 
0.00320868846894082618 0.32240068811527328174 0.00000000099999999999 0.29595221961258472154 0.37843840280320106828 
0.03413018664938299168 0.35423162264043134284 0.00000000099999999999 0.29304003608450435170 0.31859815362568127961 
0.00000000099999999999 0.34932682695696143371 0.00000000099999999999 0.31643818271970036715 0.33423498832333808917 
0.00000015451818184771 0.32162120599240756613 0.00000000099999999999 0.33691399166790364506 0.34146464682150684533 
0.00000000099999999997 0.95894897547176005670 0.00000000099999999997 0.00000000099999999997 0.04105102152823997957 
0.01870494948531483542 0.00000000099999999998 0.00000000099999999998 0.00000000099999999998 0.98129504751468521473 
0.00000000099999999999 0.04972880446292227141 0.00000000099999999999 0.00000000099999999999 0.95027119253707770241 
0.00000000099999999998 0.00006538152271187184 0.00000000099999999998 0.00000000099999999998 0.99993461547728801353 
0.00000000099999999999 0.02100175614376626962 0.00000000099999999999 0.00000000099999999999 0.97899824085623365910 
0.00000000099999999995 0.00000000099999999995 0.00000000099999999995 0.00000000099999999995 0.99999999600000000211 
0.02170242443591410136 0.00000000099999999999 0.00000000099999999999 0.00000000099999999999 0.97829757256408600430 
0.00000000099999999992 0.00000000099999999992 0.00000000099999999992 0.00000000099999999992 0.99999999599999989108 
0.00000000099999999996 0.00000000099999999996 0.00000000099999999996 0.00000000099999999996 0.99999999599999989108 
0.00000000099999999997 0.00000000099999999997 0.00000000099999999997 0.00000000099999999997 0.99999999600000000211 
0.00000000099999999998 0.06234544657672682483 0.00000000099999999998 0.00000000099999999998 0.93765455042327316981 
0.00000000099999999995 0.00000000099999999995 0.00000000099999999995 0.00000000099999999995 0.99999999599999989108 
0.00000000099999999997 0.00000000099999999997 0.00000000099999999997 0.00000000099999999997 0.99999999599999989108 
0.00000000099999999997 0.00000000099999999997 0.00000000099999999997 0.00000000099999999997 0.99999999599999989108 
0.02133616650287319810 0.00000000099999999998 0.00000000099999999998 0.75594337046999693364 0.22272046102712989013 
0.00000000099999999993 0.00000000099999999993 0.00000000099999999993 0.00000000099999999993 0.99999999600000000211 
0.00000000099999999998 0.00000000099999999998 0.00000000099999999998 0.80111458545876224058 0.19888541154123767773 
0.00000000099999999997 0.00000000099999999997 0.00000000099999999997 0.86358458317585107267 0.13641541382414892891 
0.02316265976375249044 0.00000000099999999998 0.00000000099999999998 0.70063594638845572149 0.27620139184779174402 
0.00000000099999999997 0.00000000099999999997 0.00000000099999999997 0.83901579007109428066 0.16098420692890563766 
0.04803480772794075510 0.00000000099999999999 0.00000000099999999999 0.87949790793331106276 0.07246728233874806524 
0.04909587932536886579 0.08555085619531412056 0.00000000099999999999 0.73409873526457958270 0.13125452821473748699 
0.02150415556445017459 0.00000000099999999998 0.00000000099999999998 0.72583621340440973579 0.25265962903114019822 
0.00000211427369404730 0.00000000099999999998 0.00000000099999999998 0.81166429753562219229 0.18833358619068374384 
0.00013975180762153082 0.00000000099999999998 0.00000000099999999998 0.75510926550097989818 0.24475098069139861190 
0.00477456712636535954 0.00000000099999999998 0.00000000099999999998 0.83271487867971261121 0.16251055219392210316 
0.00000000099999999995 0.00000000099999999995 0.00000000099999999995 0.99999999599999989108 0.00000000099999999995 
0.00000000099999999995 0.00000000099999999995 0.00000000099999999995 0.99999999599999989108 0.00000000099999999995 
0.00000000099999999998 0.00000000099999999998 0.00000000099999999998 0.96103212410489635698 0.03896787289510356134 
0.00000000099999999996 0.00000000099999999996 0.00000000099999999996 0.99999999600000000211 0.00000000099999999996 
0.00000000099999999997 0.00000000099999999997 0.00000000099999999997 0.99999999600000000211 0.00000000099999999997 
0.00000000099999999998 0.00000000099999999998 0.00000000099999999998 0.97242146379287253133 0.02757853320712752923 
0.00000000099999999997 0.00000000099999999997 0.00000000099999999997 0.99999999599999989108 0.00000000099999999997 
0.00000000099999999996 0.00000000099999999996 0.00000000099999999996 0.99999999599999989108 0.00000000099999999996 
0.00000000099999999996 0.00000000099999999996 0.00000000099999999996 0.99999999600000000211 0.00000000099999999996 
0.00000000099999999998 0.00000000099999999998 0.00000000099999999998 0.99999999600000000211 0.00000000099999999998 
0.00000000099999999998 0.00000000099999999998 0.00000000099999999998 0.99999999600000000211 0.00000000099999999998 
0.00000000099999999998 0.00000000099999999998 0.00000000099999999998 0.94781650638202508130 0.05218349061797483007 
0.00000000099999999997 0.00000000099999999997 0.00000000099999999997 0.99999999599999989108 0.00000000099999999997 
0.00000000099999999997 0.00000000099999999997 0.00000000099999999997 0.97582306195970569540 0.02417693504029432006 
0.01635048076723227481 0.00000000099999999999 0.00000000099999999999 0.92440314054102445951 0.05924637669174332572 
0.96511992928368239841 0.00000000099999999998 0.00000000099999999998 0.00000000099999999998 0.03488006771631771419 
0.99999999600000000211 0.00000000099999999997 0.00000000099999999997 0.00000000099999999997 0.00000000099999999997 
0.99999999600000000211 0.00000000099999999997 0.00000000099999999997 0.00000000099999999997 0.00000000099999999997 
0.99999975842534150061 0.00000000099999999997 0.00000000099999999997 0.00000023857465851167 0.00000000099999999997 
0.99999999600000011313 0.00000000099999999999 0.00000000099999999999 0.00000000099999999999 0.00000000099999999999 
0.99999999600000000211 0.00000000099999999997 0.00000000099999999997 0.00000000099999999997 0.00000000099999999997 
0.99999999600000000211 0.00000000099999999996 0.00000000099999999996 0.00000000099999999996 0.00000000099999999996 
0.99999999600000011313 0.00000000099999999996 0.00000000099999999996 0.00000000099999999996 0.00000000099999999996 
0.90595886034211126070 0.00122393427663419286 0.00000000100000000000 0.03000927268594161951 0.06280793169531302678 
0.99999999600000000211 0.00000000099999999996 0.00000000099999999996 0.00000000099999999996 0.00000000099999999996 
0.99999999600000011313 0.00000000099999999997 0.00000000099999999997 0.00000000099999999997 0.00000000099999999997 
0.99999999600000011313 0.00000000099999999996 0.00000000099999999996 0.00000000099999999996 0.00000000099999999996 
0.99999999600000000211 0.00000000099999999997 0.00000000099999999997 0.00000000099999999997 0.00000000099999999997 
0.99999999600000011313 0.00000000099999999997 0.00000000099999999997 0.00000000099999999997 0.00000000099999999997 
0.99999999600000000211 0.00000000099999999997 0.00000000099999999997 0.00000000099999999997 0.00000000099999999997 
0.99999999600000011313 0.00000000099999999996 0.00000000099999999996 0.00000000099999999996 0.00000000099999999996 
0.99999999600000011313 0.00000000099999999997 0.00000000099999999997 0.00000000099999999997 0.00000000099999999997 
0.99999999600000000211 0.00000000099999999995 0.00000000099999999995 0.00000000099999999995 0.00000000099999999995 
0.99999999600000011313 0.00000000099999999997 0.00000000099999999997 0.00000000099999999997 0.00000000099999999997 
0.99999999600000000211 0.00000000099999999997 0.00000000099999999997 0.00000000099999999997 0.00000000099999999997 
0.99999999600000011313 0.00000000099999999998 0.00000000099999999998 0.00000000099999999998 0.00000000099999999998 
0.00000000099999999997 0.99718442952037056326 0.00000000099999999997 0.00000000099999999997 0.00281556747962945176 
0.56583712683458753379 0.34201619165393976063 0.04866716669052869454 0.04347951382094408096 0.00000000100000000000 
0.87119053026066262113 0.00000000099999999995 0.00000000099999999995 0.00000000099999999995 0.12880946673933757474 
0.19204839745387458638 0.00000000099999999998 0.00000000099999999998 0.00000000099999999998 0.80795159954612549846 
0.79035201932725795970 0.00000000099999999996 0.00000000099999999996 0.00000000099999999996 0.20964797767274220841 
0.72153751832603263416 0.00000000099999999997 0.00000000099999999997 0.00000000099999999997 0.27846247867396733966 
0.99999999600000011313 0.00000000099999999991 0.00000000099999999991 0.00000000099999999991 0.00000000099999999991 
0.99999999600000000211 0.00000000099999999993 0.00000000099999999993 0.00000000099999999993 0.00000000099999999993 
0.00000000099999999994 0.00000000099999999994 0.00000000099999999994 0.00000000099999999994 0.99999999600000000211 
0.01414277568050870647 0.00000000099999999996 0.00000000099999999996 0.00000000099999999996 0.98585722131949127256 
0.00000000099999999995 0.00000000099999999995 0.00000000099999999995 0.00000000099999999995 0.99999999599999989108 
0.00000000099999999996 0.00000000099999999996 0.00000000099999999996 0.00000000099999999996 0.99999999599999989108 
0.00000000099999999994 0.00000000099999999994 0.00000000099999999994 0.00000000099999999994 0.99999999599999989108 
0.00000000099999999995 0.00000000099999999995 0.00000000099999999995 0.00000000099999999995 0.99999999600000000211 
0.00000000099999999995 0.00000000099999999995 0.00000000099999999995 0.00000000099999999995 0.99999999600000000211 
0.00903891522702917651 0.00000000099999999996 0.00000000099999999996 0.00000000099999999996 0.99096108177297093089 
0.00000000099999999995 0.00000000099999999995 0.99999999599999989108 0.00000000099999999995 0.00000000099999999995 
0.00000000099999999990 0.00000000099999999990 0.99999999599999989108 0.00000000099999999990 0.00000000099999999990 
0.00000000099999999995 0.00000000099999999995 0.99999999600000000211 0.00000000099999999995 0.00000000099999999995 
0.00000000099999999996 0.00000000099999999996 0.99999999600000000211 0.00000000099999999996 0.00000000099999999996 
0.00000000099999999990 0.00000000099999999990 0.99999999599999989108 0.00000000099999999990 0.00000000099999999990 
0.00000000099999999996 0.00000000099999999996 0.99999999599999989108 0.00000000099999999996 0.00000000099999999996 
0.00000000099999999993 0.00000000099999999993 0.99999999600000000211 0.00000000099999999993 0.00000000099999999993 
0.00000000099999999994 0.00000000099999999994 0.99999999599999989108 0.00000000099999999994 0.00000000099999999994 
0.00000000099999999994 0.00000000099999999994 0.99999999600000000211 0.00000000099999999994 0.00000000099999999994 
0.00000000099999999992 0.00000000099999999992 0.99999999600000000211 0.00000000099999999992 0.00000000099999999992 
0.00000000099999999998 0.14833333288517386306 0.00000000099999999998 0.11387215844225366534 0.73779450667257251428 
0.00000000099999999998 0.14848737500670966538 0.00000000099999999998 0.15849792523121553067 0.69301469776207480500 
0.00000000099999999999 0.10647005915610041615 0.00000000099999999999 0.16901943565914717693 0.72451050318475240797 
0.00000000099999999999 0.15035550490723179062 0.00000000099999999999 0.11389135680957486463 0.73575313628319327641 
0.00000000099999999998 0.14089925317879228861 0.00000000099999999998 0.17640547663751512952 0.68269526818369241639 
0.00000000099999999999 0.15213645086397195594 0.00000000099999999999 0.13447513488859802466 0.71338841224742988167 
0.00000000099999999998 0.17342406859798994989 0.00000000099999999998 0.18341939665362799738 0.64315653274838202602 
0.00000000099999999998 0.14384517684332145948 0.00000000099999999998 0.18310726194858661930 0.67304755920809189451 
0.00000000099999999998 0.13952973346435046387 0.00000000099999999998 0.15929452367922242173 0.70117574085642697668 
0.00000000099999999999 0.11617212245455361963 0.00000000099999999999 0.18155107114929922019 0.70227680439614714736 
0.00000000099999999999 0.12917352097797080157 0.00000000099999999999 0.18102964722843725709 0.68979682979359191464 
0.00000000099999999999 0.19033155438137758231 0.00000000099999999999 0.13116107519736319720 0.67850736842125936032 
0.00000000099999999999 0.16044475239547315026 0.00000000099999999999 0.16679820454153573839 0.67275704106299105689 
0.00000000099999999999 0.08174262051885773650 0.00000000099999999999 0.14732754116926130572 0.77092983631188105598 
0.00000000099999999999 0.14449069535785027951 0.00000000099999999999 0.14379837634856140749 0.71171092629358834181 
0.00000000099999999999 0.07056914566391979393 0.00000000099999999999 0.18719666668435838708 0.74223418565172183392 
0.00000132450665233645 0.00000000099999999998 0.00000000099999999998 0.07794617972355306901 0.92205249376979470100 
0.00000000099999999998 0.00000000099999999998 0.00000000099999999998 0.14200845137718104416 0.85799154562281887415 
0.00000000099999999998 0.00000000099999999998 0.00000000099999999998 0.10892092002726354305 0.89107907697273647241 
0.00000003178761801384 0.00000000099999999998 0.00000000099999999998 0.07097653624254733618 0.92902342996983466872 
0.03462202475817658526 0.00000000099999999999 0.00000000099999999999 0.08494098196580572580 0.88043699127601782184 
0.05315559242937097778 0.00000000099999999998 0.00000000099999999998 0.11426171441228126502 0.83258269115834770968 
0.01819991703597598556 0.00000000099999999998 0.00000000099999999998 0.13468935466674047952 0.84711072629728356720 
0.04754127746347152489 0.00000000099999999997 0.00000000099999999997 0.11707254271942869883 0.83538617781709967325 
0.00000000099999999998 0.00000000099999999998 0.00000000099999999998 0.13734859514331515529 0.86265140185668476303 
0.09281358089457883431 0.00000000099999999998 0.00000000099999999998 0.05141033262547833188 0.85577608447994280017 
0.00763219039935614154 0.00000000099999999998 0.00000000099999999998 0.06923551722460070945 0.92313229037604305205 
0.04772344983726386353 0.00000000099999999999 0.00000000099999999999 0.12723733582157059629 0.82503921234116550654 
0.00000000099999999998 0.00000000099999999998 0.00000000099999999998 0.01051262588954881075 0.98948737111045115267 
0.00000000099999999998 0.01856370615430967888 0.00000000099999999998 0.09506232930839655926 0.88637396253729372475 
0.01767949480529592068 0.00000000099999999999 0.00000000099999999999 0.11273398749808112573 0.86958651569662304137 
0.00000000099999999997 0.00000000099999999997 0.00000000099999999997 0.13313171881978602684 0.86686827818021383596 
0.00000000099999999997 0.00000000099999999997 0.00000000099999999997 0.12604928533374160082 0.87395071166625826198 
0.00000000099999999997 0.00000000099999999997 0.00000000099999999997 0.16178583072457541903 0.83821416627542455480 
0.00000000099999999998 0.00000000099999999998 0.00000000099999999998 0.16787910477257897424 0.83212089222742102734 
0.00000000099999999998 0.00000000099999999998 0.00000000099999999998 0.22653684758020503631 0.77346314941979510404 
0.00000000099999999997 0.00000000099999999997 0.00000000099999999997 0.13111818930934135419 0.86888180769065859188 
0.00000000099999999998 0.04168487813674853770 0.00000000099999999998 0.18231947041958063149 0.77599564944367083186 
0.00000000099999999999 0.00146745316132695924 0.00000000099999999999 0.19296721142462835985 0.80556533341404457094 
0.00000000099999999997 0.00000000099999999997 0.00000000099999999997 0.17461175647884669138 0.82538824052115333796 
0.00000000099999999999 0.01822968819482885874 0.00000000099999999999 0.17538272833947923801 0.80638758146569178287 
0.00000000099999999998 0.00000000099999999998 0.00000000099999999998 0.18100708143077337553 0.81899291556922659829 
0.00000000099999999998 0.00000000099999999998 0.00000000099999999998 0.24271609837203059201 0.75728389862796952059 
0.00000000099999999997 0.00000000099999999997 0.00000000099999999997 0.17691624595347590909 0.82308375104652409249 
0.00000000099999999999 0.00000000099999999999 0.00000000099999999999 0.17034348122690665117 0.82965651577309340592 
0.00000000099999999995 0.00000000099999999995 0.00000000099999999995 0.99999999599999989108 0.00000000099999999995 
0.00000000099999999995 0.00000000099999999995 0.00000000099999999995 0.99999999599999989108 0.00000000099999999995 
0.00000000099999999995 0.00000000099999999995 0.00000000099999999995 0.99999999600000000211 0.00000000099999999995 
0.00000000099999999996 0.00000000099999999996 0.00000000099999999996 0.99999999600000000211 0.00000000099999999996 
0.00000000099999999995 0.00000000099999999995 0.00000000099999999995 0.99999999600000000211 0.00000000099999999995 
0.00000000099999999996 0.00000000099999999996 0.00000000099999999996 0.99999999599999989108 0.00000000099999999996 
0.00000000099999999994 0.00000000099999999994 0.00000000099999999994 0.99999999599999989108 0.00000000099999999994 
0.00000000099999999997 0.00000000099999999997 0.00000000099999999997 0.98420396836285406472 0.01579602863714586053 
0.00000000099999999995 0.00000000099999999995 0.00000000099999999995 0.99999999599999989108 0.00000000099999999995 
0.00000000099999999995 0.00000000099999999995 0.00000000099999999995 0.99999999600000000211 0.00000000099999999995 
0.00000000099999999996 0.00000000099999999996 0.00000000099999999996 0.99999999599999989108 0.00000000099999999996 
0.00000000099999999994 0.00000000099999999994 0.00000000099999999994 0.99999999599999989108 0.00000000099999999994 
0.00000000099999999997 0.00000000099999999997 0.00000000099999999997 0.99999999599999989108 0.00000000099999999997 
0.00000000099999999995 0.00000000099999999995 0.00000000099999999995 0.99999999600000000211 0.00000000099999999995 
0.07632362863337434356 0.00000000099999999998 0.00000000099999999998 0.78337470376872031519 0.14030166559790546721 
0.00000000099999999998 0.00000000099999999998 0.00000000099999999998 0.84027452955037373883 0.15972546744962626275 
0.02617010186899794422 0.00000000099999999999 0.00000000099999999999 0.78566190869954866116 0.18816798743145338180 
0.00088636178731605177 0.00000000099999999999 0.00000000099999999999 0.77643919650555293099 0.22267443970713091117 
0.05960352190086030261 0.00000000099999999998 0.00000000099999999998 0.71151978571166496490 0.22887669038747476824 
0.03843168751957463242 0.00000000099999999999 0.00000000099999999999 0.78488276483708785403 0.17668554564333766033 
0.00000000100000000000 0.00000003933039634868 0.00000000100000000000 0.80989257754269017298 0.19010738112691338841 
0.08412486972109105288 0.00000000099999999999 0.00000000099999999999 0.81974116306154065636 0.09613396521736827793 
0.01150530621219732381 0.00000000099999999998 0.00000000099999999998 0.75595034788521975333 0.23254434390258282850 
0.05035919300832315815 0.00000000099999999998 0.00000000099999999998 0.88347367156099898544 0.06616713343067785746 
0.04607912806836331893 0.81617076794902176928 0.00616215851504418877 0.13158784739622708670 0.00000009807134359740 
0.03375141864850207674 0.78157969356218337520 0.01464584597258064211 0.11993153710262058342 0.05009150471411331906 
0.00446546501047000947 0.76235604177319937769 0.00000000100000000000 0.14840522069513717440 0.08477327152119341902 
0.02615598220983009203 0.81786056277099017375 0.00000000099999999999 0.15289671935755555499 0.00308673466162419623 
0.02712133798294624407 0.73787113628723155490 0.02223123254897194437 0.14002076815198563620 0.07275552502886466211 
0.04776686547086552576 0.78189420727973202307 0.01345598119034643360 0.09413124441460603287 0.06275170164445000032 
0.00000000100000000000 0.86952730189586990850 0.03048503087659396038 0.09980396387178055995 0.00018370235575552475 
0.00047778505374577009 0.84888305369371097608 0.00998177392593369017 0.07749059659641686915 0.06316679073019268453 
0.01174588525435458532 0.72057571650791696349 0.00000000100000000000 0.17278575715454680406 0.09489264008318168409 
0.04822288298914326893 0.73837433174168976002 0.00000000100000000000 0.15984845488073703978 0.05355432938842979301 
0.00000000099999999998 0.94573406905123602595 0.00000000099999999998 0.00000000099999999998 0.05426592794876404502 
0.00000000099999999997 0.00000000099999999997 0.00000000099999999997 0.99999999599999989108 0.00000000099999999997 
0.00000000099999999997 0.00000000099999999997 0.00000000099999999997 0.99779528438794939937 0.00220471261205061175 
0.00000000099999999998 0.00000000099999999998 0.00000000099999999998 0.99999999599999989108 0.00000000099999999998 
0.00000000099999999997 0.00000000099999999997 0.00000000099999999997 0.99999999600000000211 0.00000000099999999997 
0.00000000099999999998 0.00000000099999999998 0.00000000099999999998 0.99999999599999989108 0.00000000099999999998 
0.00000000099999999997 0.00000000099999999997 0.00000000099999999997 0.99999999600000000211 0.00000000099999999997 
0.00000000099999999997 0.00000000099999999997 0.00000000099999999997 0.99999999600000000211 0.00000000099999999997 
0.00000000099999999996 0.00000000099999999996 0.00000000099999999996 0.99999999599999989108 0.00000000099999999996 
0.00000000099999999996 0.00000000099999999996 0.00000000099999999996 0.99999999600000000211 0.00000000099999999996 
0.00000000099999999997 0.00000000099999999997 0.00000000099999999997 0.99999999599999989108 0.00000000099999999997 
0.00000000099999999998 0.00000000099999999998 0.00000000099999999998 0.93470327956964149863 0.06529671743035837805 
0.00000000099999999997 0.00000000099999999997 0.00000000099999999997 0.99999999600000000211 0.00000000099999999997 
0.00000000099999999997 0.00000000099999999997 0.00000000099999999997 0.99999999599999989108 0.00000000099999999997 
0.00000000099999999998 0.00000000099999999998 0.00000000099999999998 0.99999999600000000211 0.00000000099999999998 
