0.29516556925490994301 0.00000000099999999999 0.00000000099999999999 0.51603689227548688034 0.12693170080940568978 0.00000000099999999999 0.06186583466019762723 
0.29179245797238678728 0.00000136486182711560 0.02744420691035148394 0.48363539219450008000 0.13342730450547055088 0.00000000100000000000 0.06369927255546420364 
0.28247974625322919140 0.00000000099999999999 0.00000000099999999999 0.51780125356784467705 0.11289075489730843183 0.00000000099999999999 0.08682824228161765967 
0.30126507984529643513 0.00000000099999999999 0.02719647429133844121 0.49552823698108733330 0.14307281087795631347 0.00000000099999999999 0.03293739600432147446 
0.23587682733047696249 0.00000000099999999999 0.00800905805253475725 0.53532740473487216981 0.13382300580876665963 0.00000000099999999999 0.08696370207334956637 
0.23334345787727170385 0.00000000100000000000 0.00008162444152716521 0.50431560693921284599 0.13019925636342830066 0.00000000100000000000 0.13206005237856016654 
0.28900343265579436780 0.00000001214553791809 0.01609636722121872421 0.49190978705959459427 0.15727693184369548329 0.00000000100000000000 0.04571346807415901242 
0.23293930516415659038 0.00000000099999999999 0.00000000099999999999 0.49400935026549097628 0.17912058579390754964 0.00000000099999999999 0.09393075577644498242 
0.27000015603782689944 0.01301973055575726505 0.02015526637895260001 0.50161314659339240052 0.13426011313428923288 0.00000000100000000000 0.06095158629978160436 
0.30845755198563690191 0.00000000099999999999 0.00000000099999999999 0.40368796514376081852 0.17051369227245455340 0.00000000099999999999 0.11734078759814764448 
0.23416723681573384241 0.00000000099999999999 0.00000000099999999999 0.52155733496799860927 0.12992301924193097595 0.00000000099999999999 0.11435240597433665721 
0.23153523525995825527 0.00000000099999999999 0.01201435631875026264 0.46708120587543217050 0.16035810346875364885 0.00000000099999999999 0.12901109707710567420 
0.27510098257235610086 0.00000000099999999999 0.03932985508592883733 0.50070592958687587526 0.12055189797093472659 0.00000000099999999999 0.06431133278390442631 
0.02122078097253067563 0.20266043589924259694 0.04454784696776442621 0.32870636465069913434 0.00354263404064523264 0.37007546312920935883 0.02924647433990849865 
0.02670311800870342478 0.20789069808812354889 0.04607885613899299210 0.31974708005713797787 0.00000000099999999999 0.35602722056416880037 0.04355302614287343693 
0.02723693694488528091 0.21780049693473879646 0.03103208893508795432 0.27168681982199927027 0.00000000099999999999 0.45224365536328881010 0.00000000099999999999 
0.03178117881404981387 0.29371281838746937654 0.05037347732631707736 0.26040243230903620253 0.00000000099999999999 0.35537633249950034697 0.00835375966362723009 
0.00765687489825414569 0.21359887727841131433 0.02787906228891256707 0.32174835433464105128 0.00000000099999999999 0.40529960329726538726 0.02381722690251555224 
0.01312682997426767653 0.19480636150132440987 0.06047892183185932941 0.33591006591800715020 0.00000000100000000000 0.36243427655325122227 0.03324354322129036837 
0.00061025529207141315 0.21067624570508755588 0.08391681810903391103 0.33083999861125967801 0.00000000099999999999 0.37395668028254741566 0.00000000099999999999 
0.08553271368025582022 0.19641034544293303754 0.00032598337563085385 0.29572707994365876605 0.00000000099999999999 0.42040853960622232011 0.00159533695129921316 
0.04592144352426224402 0.13795352164878552093 0.03437212187336906311 0.28382468036171193404 0.00000000099999999999 0.49792821777116569315 0.00000001382070540567 
0.02481542071708209979 0.18907684243366057464 0.05001827465459500466 0.26980030695092649395 0.00000000099999999999 0.41631260553636473265 0.04997654870737114341 
0.01948182481995495291 0.23095178379177078165 0.02669679657427837319 0.28770465638289638433 0.00000000099999999999 0.38854659920160478093 0.04661833822949465467 
0.02922343969950698048 0.14284970544190919717 0.08943763926507077022 0.29187197674347947762 0.00000000099999999999 0.44661723685003357209 0.00000000099999999999 
0.01839433478699110253 0.17738784523624631650 0.05911047020144185454 0.28789604854385675292 0.00000000099999999999 0.39460517320791860252 0.06260612702354530212 
0.08014233228377271034 0.11158536849000350033 0.04216938103546598315 0.24205663952349595891 0.00000000099999999999 0.47994984996448936121 0.04409642770277236168 
0.03348981601003857972 0.24433399484789547484 0.06806067022362743968 0.24342481086158779258 0.00000000099999999999 0.39680319277952641466 0.01388751427732438752 
0.00995712328136582822 0.22250438246623094329 0.06197688502263897642 0.32960078173833956550 0.00000000099999999999 0.35847106452011345823 0.01748976197131134336 
0.00000000099999999998 0.04263582874185780497 0.00000000099999999998 0.24860676104238846329 0.00000000099999999998 0.70875740621575367140 0.00000000099999999998 
0.00000000099999999997 0.00000000099999999997 0.00000000099999999997 0.28368677481312531974 0.00000000099999999997 0.71631322018687448860 0.00000000099999999997 
0.02787029479452189998 0.03673404781904966027 0.07157644242421419556 0.26116196260859031453 0.00000000099999999999 0.60265725035362371909 0.00000000099999999999 
0.00000000099999999999 0.07281305856093192586 0.04322343076755685159 0.21989865641349326530 0.00000000099999999999 0.66406485029883011162 0.00000000195918781284 
0.00000000099999999998 0.02394576531285152327 0.05310157274630972202 0.23981631334288353030 0.00000000099999999998 0.66834564088321601893 0.01479070571473905908 
0.01358558049636182999 0.05053615830447798912 0.03501991088799941837 0.24812314920197464652 0.00000000099999999999 0.65273519910918598175 0.00000000099999999999 
0.00000000099999999997 0.00000000099999999997 0.00000000099999999997 0.28291992268506793717 0.00000000099999999997 0.71708007231493198219 0.00000000099999999997 
0.02194375862393840165 0.03298508730710644071 0.05489273630934801695 0.24498176057048154375 0.00000000099999999999 0.64519665518912561186 0.00000000099999999999 
0.00000000099999999998 0.06153477862874958543 0.02233433108457779162 0.18612053026026204039 0.00000000099999999998 0.73001035702641037251 0.00000000099999999998 
0.00000000099999999999 0.07268464514459634096 0.05117419520193456500 0.25803372243293454247 0.00000000099999999999 0.61810743422053449070 0.00000000099999999999 
0.00000000099999999990 0.00000000099999999990 0.00000000099999999990 0.00000000099999999990 0.00000000099999999990 0.99999999400000005867 0.00000000099999999990 
0.00000000099999999998 0.06310642555888489047 0.06483669083953959300 0.24825415009602902483 0.00000000099999999998 0.62380273050554635450 0.00000000099999999998 
0.00000000099999999998 0.01338896572499558534 0.04068008881747232214 0.24924761796395283886 0.00000000099999999998 0.69668332449357917024 0.00000000099999999998 
0.00000000099999999998 0.03255711977605711682 0.04702729319744961695 0.27691633288433509241 0.00000000099999999998 0.64349925114215811295 0.00000000099999999998 
0.03013878867690390068 0.07227217449194563159 0.05454276386760623790 0.22371231498073870791 0.00000000099999999999 0.61933395598280527317 0.00000000099999999999 
0.00000000099999999999 0.06059538119175716248 0.01311601911777269050 0.25608333123979520884 0.00000000099999999999 0.67020526545067493629 0.00000000099999999999 
0.00000000099999999998 0.03075057761444436807 0.04513941553606524992 0.20603900877552236426 0.00000000099999999998 0.71807099507396787708 0.00000000099999999998 
0.00000000099999999999 0.00000000099999999999 0.02773241144270966255 0.15235538116528241082 0.00000000099999999999 0.81991220339200787670 0.00000000099999999999 
0.03445724388508984021 0.03252524303117979021 0.00000000100000000000 0.04992383219221580015 0.35310308057575290341 0.08700514650722343535 0.44298545280853812711 
0.00000000099999999999 0.00564543706288042884 0.00311976322059013492 0.00000000099999999999 0.36824431742302676795 0.16790784010234868773 0.45508264019115401977 
0.00839732158589366791 0.04670273446667402156 0.01185945604362703860 0.00000000100000000000 0.39616228743804715595 0.06343120532478985218 0.47344699414096819146 
0.02683493986165400025 0.08320973362600370127 0.03677009291421944742 0.00000000100000000000 0.35743049376319652177 0.04782534314687920257 0.44792939568804701622 
0.05370559223423128359 0.04043051575942172710 0.00000000100000000000 0.00000000100000000000 0.39377982494651259104 0.09396752312369162363 0.41811654193614278263 
0.09191264334987520046 0.00000000100000000000 0.01795231549348631772 0.00667526609209873750 0.35082276003711115875 0.05531054771347609228 0.47732646631395253545 
0.03018950134529752027 0.02677391537467774946 0.04576822856584598920 0.00000000668188298603 0.35963312939391134382 0.09346258192012971144 0.44417263671825463200 
0.06365526951111470655 0.05980009065186535355 0.00000000100000000000 0.04029802521288746581 0.28464342932861064206 0.08028160161797510963 0.47132158267754686864 
0.06082397250185055809 0.07242941858717270864 0.00000000100000000000 0.00575533180732339458 0.34003744843308281176 0.05595053895275575034 0.46500328871781476670 
0.04851840399761447875 0.00000002361375956239 0.00000000100000000000 0.00000000100000000000 0.38618680392170839921 0.09349325853838492961 0.47180150792853270403 
0.00000000099999999998 0.03267838483649805614 0.00000021309554965528 0.14044306575279083549 0.00000000099999999998 0.82687833331516136237 0.00000000099999999998 
0.00000000099999999998 0.04712812355802559194 0.01621594655020559134 0.05935172709095989929 0.00000000099999999998 0.87729969856150680219 0.00000450223930225651 
0.00000000099999999997 0.04762432568871821648 0.00321057563357161511 0.04466462912171108995 0.00000000099999999997 0.90450046655599913858 0.00000000099999999997 
0.00000000099999999998 0.06721970141328821591 0.00000000099999999998 0.01400515133286546650 0.00000000099999999998 0.91877514325384623817 0.00000000099999999998 
0.00000000099999999999 0.07171749301277610678 0.06841449056719586808 0.03158367606927086485 0.00000000099999999999 0.82828433735075723821 0.00000000099999999999 
0.00000000099999999999 0.08457740685252682078 0.00000000099999999999 0.04903703620240647959 0.00000000099999999999 0.85756176050001187150 0.00882379344505492512 
0.00000000099999999997 0.00000000099999999997 0.00002106462667591900 0.05281808899343583968 0.00000000099999999997 0.94716084237988829031 0.00000000099999999997 
0.00000000099999999998 0.02416662237865915483 0.02672599301497254401 0.07452936708858291792 0.00000000099999999998 0.84360279979689900554 0.03097521572088634059 
0.00000000099999999997 0.02125456869715579636 0.00000000099999999997 0.00000000099999999997 0.00000000099999999997 0.97874542630284411260 0.00000000099999999997 
0.00000000099999999998 0.07129606912958826037 0.00000000099999999998 0.04597582921949116413 0.00000000099999999998 0.88272809765092052903 0.00000000099999999998 
0.20298908079596381104 0.09500894661011172193 0.04170748115149432167 0.52902213175858125993 0.00000000100000000000 0.00140685556584330671 0.12986550311800565405 
0.22830707845846492932 0.06669572132347903470 0.00813722830556756760 0.60791549389693977368 0.01392046083809050927 0.00000000100000000000 0.07502401617745811657 
0.19430021219549084566 0.10086170955002429772 0.05243905157980687654 0.44057406330296233765 0.00000000206087976442 0.10321229009974761115 0.10861267121108829359 
0.20668139486904196778 0.07141912033493963419 0.00926174692209887247 0.60344318137148367232 0.04915526581022316294 0.00939559623924919596 0.05064369445296360711 
0.00000000099999999998 0.40590664118684577355 0.00000000099999999998 0.12120666100834473489 0.00000000099999999998 0.45905699423868989717 0.01382970056611949536 
0.00000000099999999999 0.35929981688954881758 0.00551129403875360441 0.13033635508703289574 0.00000000099999999999 0.50485253098466442712 0.00000000099999999999 
0.00000000099999999999 0.31979362687177098623 0.00000208740658872133 0.14145323213020985498 0.00000000099999999999 0.53875105059143024722 0.00000000099999999999 
0.00000000099999999999 0.33704495753489882581 0.02659672846391934395 0.16430643574655656725 0.00000000099999999999 0.47205187525462521947 0.00000000099999999999 
0.00000000099999999998 0.41413831974593340313 0.00802832188030331434 0.13473002531210354071 0.00000000099999999998 0.44310333006165963932 0.00000000099999999998 
0.00382354961582811754 0.31999486726836162687 0.00000000099999999999 0.15422841456967834040 0.00000000099999999999 0.52195316554613180315 0.00000000099999999999 
0.00000000099999999993 0.00000000099999999993 0.00000000099999999993 0.99999999399999994765 0.00000000099999999993 0.00000000099999999993 0.00000000099999999993 
0.03124905429646056623 0.10090450000545811426 0.03765981425707488200 0.26108010590142893825 0.00000000100000000000 0.55383550961615479746 0.01527101492342263465 
0.03292815325247808872 0.11358550108807842494 0.09979029185673778113 0.34304039260252933152 0.00000000099999999999 0.41065565920017643720 0.00000000099999999999 
0.01713064352987975214 0.11674370090495395091 0.08487732671468599388 0.29566860018392054910 0.00000000099999999999 0.48557972666655979666 0.00000000099999999999 
0.02657796817986746510 0.06900061690730048547 0.07411117120016691429 0.28563887055313108565 0.00000000099999999999 0.51688410804039996993 0.02778726411913412866 
0.05287734437490087397 0.20036225042505964589 0.07765581957010077307 0.38343533787064459917 0.00000000099999999999 0.28566924575929403263 0.00000000099999999999 
0.03153780856274668309 0.22055097974120821402 0.04697368343305234617 0.24835751720086288175 0.00040843878638077875 0.43901952691328505196 0.01315204536246406507 
0.03715474915416785984 0.19005641289083216594 0.07278546839399353818 0.28422581724294926353 0.00000000099999999999 0.41577755031805735397 0.00000000099999999999 
0.05544289270307832529 0.19394231795777058802 0.07999107282897213733 0.31083620229594416395 0.00000000100000000000 0.32650162525743231523 0.03328588795680235968 
0.06222851657606782994 0.13450980803285478293 0.07552741894848853665 0.26604500474548747890 0.00000000100000000000 0.45744443216747660008 0.00424481852962471998 
0.03572537888199554812 0.19531429969832925231 0.02714869219648425105 0.28631555404011349575 0.00000000099999999999 0.45549607318307738790 0.00000000099999999999 
0.06529896680986552182 0.14941242423569336961 0.13276850367861936508 0.25757277319593407938 0.00000000099999999999 0.39494733007988769291 0.00000000099999999999 
0.03128611712803460593 0.15432467799821317223 0.10178557579737687599 0.28287739725581906303 0.00000000099999999999 0.41677349713383082808 0.01295273368672562007 
0.01697958539581506665 0.14795019040857138037 0.06742972890385359741 0.24071655617208365108 0.00000000099999999999 0.50707090609883043175 0.01985303202084569285 
0.06605394453875042260 0.27484616604498124381 0.03649708808341348143 0.45725594499721589070 0.00000000099999999999 0.14299018358499071546 0.02235667175064826387 
0.03126597275726481634 0.12649774358417834041 0.05853897890522841152 0.24967501911878248189 0.00000000099999999999 0.53402228363454595783 0.00000000099999999999 
0.00000000099999999997 0.02206510296325601625 0.00000171993316580921 0.00000000099999999997 0.00000000099999999997 0.62576408959241391905 0.35216908451116413215 
0.00000000099999999989 0.00000000099999999989 0.00000000099999999989 0.00000000099999999989 0.00000000099999999989 0.00000000099999999989 0.99999999400000005867 
0.00000000099999999988 0.00000000099999999988 0.00000000099999999988 0.00000000099999999988 0.00000000099999999988 0.00000000099999999988 0.99999999400000005867 
0.00000000099999999992 0.00000000099999999992 0.00000000099999999992 0.00000000099999999992 0.00000000099999999992 0.00000000099999999992 0.99999999399999994765 
0.00000000099999999988 0.00000000099999999988 0.00000000099999999988 0.00000000099999999988 0.00000000099999999988 0.00000000099999999988 0.99999999400000005867 
0.00000000099999999988 0.00000000099999999988 0.00000000099999999988 0.00000000099999999988 0.00000000099999999988 0.00000000099999999988 0.99999999400000005867 
0.00000000099999999993 0.00000000099999999993 0.00000000099999999993 0.00000000099999999993 0.00000000099999999993 0.00000000099999999993 0.99999999400000005867 
0.00000000099999999989 0.00000000099999999989 0.00000000099999999989 0.00000000099999999989 0.00000000099999999989 0.00000000099999999989 0.99999999399999994765 
0.00000000099999999995 0.00000000099999999995 0.00000000099999999995 0.00000000099999999995 0.00000000099999999995 0.18596732886177727573 0.81403266613822278241 
0.00000000099999999992 0.00000000099999999992 0.00000000099999999992 0.00000000099999999992 0.00000000099999999992 0.00000000099999999992 0.99999999399999994765 
0.01823966394437868954 0.07935421499440707682 0.04445179271358457723 0.13137063743775467817 0.00000000099999999999 0.71796327948244365036 0.00862041042743127116 
0.00000000099999999997 0.10003261189831315348 0.04997696824160239443 0.10287579584680679734 0.00000000099999999997 0.74711462101327752450 0.00000000099999999997 
0.01856209025573648738 0.09307869203431473615 0.00000000099999999999 0.00000000099999999999 0.00000000099999999999 0.80488405870546952947 0.08347515600447916184 
0.00000000099999999997 0.02096844870687747386 0.00000000099999999997 0.00000000099999999997 0.00000000099999999997 0.83211697425724628907 0.14691457303587632244 
0.00000000099999999998 0.01349627141678409400 0.02334500342152375299 0.00000000099999999998 0.00000000099999999998 0.80603283330128661088 0.15712588886040568248 
0.00000000099999999997 0.03999767087676888572 0.00000000099999999997 0.00000000099999999997 0.00000000099999999997 0.80468838011862975357 0.15531394500460138364 
0.00000000099999999996 0.03690091288161338745 0.00000000099999999996 0.00000000099999999996 0.00000000099999999996 0.92956701389203510999 0.03353206922635156018 
0.00000000099999999997 0.04616233170229970539 0.00000000099999999997 0.00000000099999999997 0.00000000099999999997 0.82240047941581362334 0.13143718488188654847 
0.00000000099999999998 0.05090877993482540581 0.00000000099999999998 0.00000000099999999998 0.00000000099999999998 0.92140831379562104786 0.02768290226955363170 
0.00000000099999999996 0.04701997509615422899 0.00000000099999999996 0.00000000099999999996 0.00000000099999999996 0.88970506973285268248 0.06327495117099303512 
0.00000000099999999995 0.00000000099999999995 0.00000000099999999995 0.00000000099999999995 0.00000000099999999995 0.87327029787990373411 0.12672969712009624077 
0.00000000099999999996 0.00000000099999999996 0.00000000099999999996 0.00000000099999999996 0.00000000099999999996 0.89057365293035517517 0.10942634206964491073 
0.00000000099999999995 0.00000000099999999995 0.00000000099999999995 0.00000000099999999995 0.00000000099999999995 0.92445889367082922927 0.07554110132917084275 
0.00000000099999999997 0.04042713134292259120 0.01221329346300350713 0.00000000099999999997 0.00000000099999999997 0.86442232613603742220 0.08293724605803656780 
0.00000000099999999996 0.00000000099999999996 0.00000000099999999996 0.00000000099999999996 0.00000000099999999996 0.90205976422306000106 0.09794023077694001544 
0.00000000099999999998 0.02549980221194573377 0.01644244515800509857 0.00000000099999999998 0.00000000099999999998 0.82637678715502482785 0.13168096247502447671 
0.00000000099999999996 0.04758188511910234342 0.00000000099999999996 0.00000000099999999996 0.00000000099999999996 0.86724136372681370766 0.08517674715408388164 
0.00000000099999999997 0.00000000099999999997 0.00000000099999999997 0.00000000099999999997 0.00000000099999999997 0.96565363303135343109 0.03434636196864659236 
0.00000000099999999998 0.00000000099999999998 0.01208821415208606587 0.00000000099999999998 0.00000000099999999998 0.95545487988858923689 0.03245690195932464384 
0.00000000099999999995 0.00000000099999999995 0.00000000099999999995 0.00000000099999999995 0.00000000099999999995 0.96626731451172787057 0.03373268048827213900 
0.00000000099999999997 0.00303971528501230945 0.00000000099999999997 0.00000000099999999997 0.00000000099999999997 0.85124764995647661525 0.14571263075851106916 
0.00000000099999999996 0.00000000099999999996 0.00000000099999999996 0.00000000099999999996 0.00000000099999999996 0.99999998374774334842 0.00000001125225668762 
0.00000000099999999997 0.00000000099999999997 0.00000000099999999997 0.00000000099999999997 0.00000000099999999997 0.95797158535910420518 0.04202840964089583908 
0.00352921015758656366 0.00522023133799969299 0.00000000099999999998 0.00000000099999999998 0.00000000099999999998 0.89170800438775454921 0.09954255111665927247 
0.00000000099999999993 0.00000000099999999993 0.00000000099999999993 0.99999999399999994765 0.00000000099999999993 0.00000000099999999993 0.00000000099999999993 
0.00000000099999999992 0.00000000099999999992 0.00000000099999999992 0.99999999400000005867 0.00000000099999999992 0.00000000099999999992 0.00000000099999999992 
0.08956103493568427776 0.00000000099999999999 0.00000000099999999999 0.20388008175528515853 0.00160305121812383549 0.00000000099999999999 0.70495582909090670487 
0.00664756753469046124 0.00000000099999999998 0.00000000099999999998 0.20728188215553428053 0.00000000099999999998 0.00000000099999999998 0.78607054630977524212 
0.06112850314356372411 0.00000000099999999998 0.00000000099999999998 0.22035148635275808582 0.02501659145158886821 0.00000000099999999998 0.69350341605208931650 
0.00000000099999999999 0.00000000099999999999 0.00000000099999999999 0.00000000099999999999 0.00000000099999999999 0.26016524844351507362 0.73983474655648495677 
0.04979323227945998964 0.00000000099999999999 0.00000000099999999999 0.16094426147061402510 0.00391145356505467542 0.00000000099999999999 0.78535104968487134958 
0.06004082982947226560 0.00000000099999999999 0.00000000099999999999 0.17357788652753292080 0.00000000099999999999 0.00000000099999999999 0.76638127964299473938 
0.05303303737152324088 0.00000000099999999999 0.00000000099999999999 0.18229467519304703993 0.00806561751525919704 0.00000000099999999999 0.75660666692017053414 
0.12587100696021918944 0.01282082934295852156 0.00000000099999999999 0.27685726213465755574 0.03157790237135325861 0.00000000099999999999 0.55287299719081139937 
0.08064938965424672812 0.00000000099999999998 0.00000000099999999998 0.17037123492248676393 0.00000000099999999998 0.00000000099999999998 0.74897937142326653781 
0.01068660043564314405 0.00000000099999999999 0.00000000099999999999 0.18218647810744956206 0.00000000099999999999 0.00000000099999999999 0.80712691745690723355 
0.07979248225984364451 0.00000000099999999999 0.00000000099999999999 0.21748975287213329066 0.00000000099999999999 0.00000000099999999999 0.70271776086802295591 
0.02626448480546176786 0.00000000099999999999 0.00000000099999999999 0.23175730771244754114 0.02801547815545455192 0.00000000099999999999 0.71396272632663604352 
0.24376310412915261350 0.04184294822375411727 0.01858873071224065310 0.37926206718538346685 0.06830977426170470324 0.06353052496488335865 0.18470285052288110128 
0.00035443776824614062 0.16765125809339004315 0.07169498021778708541 0.23946659621099516957 0.00000000099999999999 0.45784478335040651453 0.06298794335917498599 
0.00000000099999999999 0.21942487602556054460 0.11296580818272709823 0.27993365093982791603 0.00000000099999999999 0.34761717492276178465 0.04005848792912267142 
0.00011245335099660436 0.17716885641530788487 0.11958073542657192412 0.28842065001465339025 0.00000000099999999999 0.36605444872102577136 0.04866285507144436917 
0.00000000099999999999 0.22657864867858698577 0.12331496109802907168 0.31374021140520041984 0.00000000099999999999 0.28819002044270630725 0.04817615637547737611 
0.00000000099999999999 0.16564478521455422433 0.15836114327223679843 0.31558238231279062136 0.00000000099999999999 0.33168853575911827480 0.02872315144130000580 
0.00000000099999999999 0.19879058625590270704 0.11831536481020905882 0.33894007849855917192 0.00000000099999999999 0.34275289862698787857 0.00120106980834119382 
0.00000000099999999999 0.17748329130240120266 0.08879579456405226057 0.33648025429597633318 0.00000000099999999999 0.38644568530062339828 0.01079497253694679075 
0.02706505988619736097 0.19439250579518893569 0.12027077882502282269 0.32478203663278787383 0.00000000099999999999 0.30015597213431582935 0.03333364572648710167 
0.00000000099999999999 0.20995872108990529248 0.11290051018953696504 0.35803304643835259791 0.00000000099999999999 0.28586940085326734140 0.03323831942893785280 
0.00000000099999999999 0.19472135075539051541 0.09646579191315701740 0.32778951385647586703 0.00000000099999999999 0.36623453833165930948 0.01478880314331723102 
0.00000106502728919346 0.19978862760022811362 0.08223109978089680749 0.30603377367384393404 0.00000000099999999999 0.33685733315952770539 0.07508809975821431615 
0.00901446609492529728 0.26538274402464423485 0.09370170194230158234 0.30649916528900333912 0.00000000099999999999 0.29688418700069546530 0.02851773464843019093 
0.02585283425690153292 0.18078311098504903920 0.09759738094990332014 0.33796311581325555462 0.00000000099999999999 0.33096309896850417687 0.02684045802638628658 
0.00000000099999999999 0.21541797745761756544 0.10326203180829962580 0.30618967508165800817 0.00000000099999999999 0.34950072296212503220 0.02562959069029983536 
0.01738064937113763600 0.22498513959436031162 0.09704520185279924549 0.35099913329032239595 0.00000000099999999999 0.30958987389138042934 0.00000000099999999999 
0.00077632050571560800 0.21650363214481330165 0.08319361593881623163 0.31659870559500447040 0.00000000099999999999 0.38292772381565043371 0.00000000099999999999 
0.00000000099999999999 0.20551005912100661632 0.06610507153120247226 0.34582575838178247762 0.00000000099999999999 0.36161625551232312592 0.02094285345368534015 
0.00000000099999999999 0.16549599224014333032 0.10910322828005701579 0.37668405886740952138 0.00000000099999999999 0.28125093481797297512 0.06746578379441703355 
0.02586813824315289251 0.20305132119793301015 0.08966847271246948525 0.36164623495785008789 0.00000000099999999999 0.31976583088859461546 0.00000000099999999999 
0.00000000099999999999 0.18808667018283076189 0.13202941520107436268 0.35295165789516796950 0.00000000099999999999 0.31808275121764290061 0.00884950350328401851 
0.00000000099999999994 0.00000000099999999994 0.00000000099999999994 0.99999999400000005867 0.00000000099999999994 0.00000000099999999994 0.00000000099999999994 
0.00000000099999999998 0.00000000099999999998 0.00000000099999999998 0.01668360846870335645 0.00000000099999999998 0.96689322214276229861 0.01642316538853426378 
0.00000000099999999997 0.00000000099999999997 0.00000000099999999997 0.07712051525459918955 0.00000000099999999997 0.92287947974540085472 0.00000000099999999997 
0.00000000099999999997 0.00000000099999999997 0.00000000099999999997 0.03275010417798526058 0.00000000099999999997 0.96724989082201473511 0.00000000099999999997 
0.00000000099999999997 0.00000000099999999997 0.00000000099999999997 0.05573275425570176078 0.00000000099999999997 0.94426724074429824185 0.00000000099999999997 
0.00000000099999999993 0.00000000099999999993 0.00000000099999999993 0.00000000099999999993 0.00000000099999999993 0.99999999399999994765 0.00000000099999999993 
0.00000000099999999998 0.00000000099999999998 0.02359646393028775810 0.00883866720109130651 0.00000000099999999998 0.94825500501466530867 0.01930986085395563698 
0.00000000099999999988 0.00000000099999999988 0.00000000099999999988 0.00000000099999999988 0.00000000099999999988 0.99999999400000005867 0.00000000099999999988 
0.00000000099999999994 0.00000000099999999994 0.00000000099999999994 0.00000000099999999994 0.00000000099999999994 0.99999999399999994765 0.00000000099999999994 
0.00000000099999999996 0.00000000099999999996 0.00000000099999999996 0.00000000099999999996 0.00000000099999999996 0.99999999399999994765 0.00000000099999999996 
0.00000000099999999997 0.00000000099999999997 0.00000000099999999997 0.07428725795722848635 0.00000000099999999997 0.92571273704277157179 0.00000000099999999997 
0.00000000099999999993 0.00000000099999999993 0.00000000099999999993 0.00000000099999999993 0.00000000099999999993 0.99999999400000005867 0.00000000099999999993 
0.00000000099999999996 0.00000000099999999996 0.00000000099999999996 0.04788416616539937359 0.00000000099999999996 0.95211582883460066373 0.00000000099999999996 
0.00000000099999999996 0.00000000099999999996 0.00000000099999999996 0.00000000099999999996 0.00000000099999999996 0.99999999400000005867 0.00000000099999999996 
0.00000000099999999997 0.79160587108652735733 0.00000000099999999997 0.00000000099999999997 0.00000000099999999997 0.20839412391347270082 0.00000000099999999997 
0.00000000099999999991 0.00000000099999999991 0.00000000099999999991 0.00000000099999999991 0.00000000099999999991 0.99999999400000005867 0.00000000099999999991 
0.00000000099999999997 0.81613432286108178459 0.00000000099999999997 0.00000000099999999997 0.00000000099999999997 0.18386567213891816253 0.00000000099999999997 
0.00000000099999999997 0.86327799718669107065 0.00000000099999999997 0.00000000099999999997 0.00000000099999999997 0.13672199781330904300 0.00000000099999999997 
0.00000000099999999997 0.71004026341853754278 0.01723153159621652886 0.00000000099999999997 0.00000000099999999997 0.27205454886734536935 0.00067365311790071271 
0.00000000099999999995 0.85572644817647836035 0.00000000099999999995 0.00000000099999999995 0.00000000099999999995 0.14427354682352178106 0.00000000099999999995 
0.00000000099999999998 0.85378297679924086694 0.05032842948462518118 0.00000000099999999998 0.00000000099999999998 0.05126455831527228224 0.04462403240086170592 
0.00000000099999999998 0.74271414187406847862 0.01555202761112924395 0.11717029380296919983 0.00000000099999999998 0.07998102575857254926 0.04458250895326059532 
0.00000000099999999997 0.74690546731363516297 0.00000000099999999997 0.00000000099999999997 0.00000000099999999997 0.25308226203962991274 0.00001226664673493591 
0.00000000099999999997 0.78986428775427752758 0.02089922250370375781 0.00000000099999999997 0.00000000099999999997 0.18923648574201873407 0.00000000099999999997 
0.00000000099999999996 0.78119799326750261059 0.00000000099999999996 0.00000000099999999996 0.00000000099999999996 0.21880200173249739204 0.00000000099999999996 
0.00000000099999999998 0.85353155593232954423 0.00000000099999999998 0.00000000099999999998 0.00000000099999999998 0.14646843906767048615 0.00000000099999999998 
0.00000000099999999990 0.99999999400000016969 0.00000000099999999990 0.00000000099999999990 0.00000000099999999990 0.00000000099999999990 0.00000000099999999990 
0.00000000099999999989 0.99999999400000005867 0.00000000099999999989 0.00000000099999999989 0.00000000099999999989 0.00000000099999999989 0.00000000099999999989 
0.00000000099999999998 0.98509656681791968325 0.00000000099999999998 0.00000000099999999998 0.00000000099999999998 0.01490342818208040612 0.00000000099999999998 
0.00000000099999999995 0.99999999400000016969 0.00000000099999999995 0.00000000099999999995 0.00000000099999999995 0.00000000099999999995 0.00000000099999999995 
0.00000000099999999994 0.99999999400000005867 0.00000000099999999994 0.00000000099999999994 0.00000000099999999994 0.00000000099999999994 0.00000000099999999994 
0.00000000099999999997 0.99999999400000005867 0.00000000099999999997 0.00000000099999999997 0.00000000099999999997 0.00000000099999999997 0.00000000099999999997 
0.00000000099999999994 0.99999999400000005867 0.00000000099999999994 0.00000000099999999994 0.00000000099999999994 0.00000000099999999994 0.00000000099999999994 
0.00000000099999999993 0.99999999400000016969 0.00000000099999999993 0.00000000099999999993 0.00000000099999999993 0.00000000099999999993 0.00000000099999999993 
0.00000000099999999995 0.99999999400000016969 0.00000000099999999995 0.00000000099999999995 0.00000000099999999995 0.00000000099999999995 0.00000000099999999995 
0.00000000099999999996 0.99999999400000005867 0.00000000099999999996 0.00000000099999999996 0.00000000099999999996 0.00000000099999999996 0.00000000099999999996 
0.00000000099999999996 0.99999999400000016969 0.00000000099999999996 0.00000000099999999996 0.00000000099999999996 0.00000000099999999996 0.00000000099999999996 
0.00000000099999999995 0.99999999400000016969 0.00000000099999999995 0.00000000099999999995 0.00000000099999999995 0.00000000099999999995 0.00000000099999999995 
0.00000000099999999994 0.99999999400000016969 0.00000000099999999994 0.00000000099999999994 0.00000000099999999994 0.00000000099999999994 0.00000000099999999994 
0.00000000099999999994 0.99999998243198995329 0.00000000099999999994 0.00000000099999999994 0.00000000099999999994 0.00000001256801017321 0.00000000099999999994 
0.00000000099999999998 0.98824869514279989335 0.00000000099999999998 0.00000000099999999998 0.00000000099999999998 0.01170550208718940284 0.00004579877001080132 
0.00000000099999999997 0.00000000099999999997 0.00000000099999999997 0.00000000099999999997 0.00000000099999999997 0.03025695367914933015 0.96974304132085065167 
0.00000000099999999995 0.00000000099999999995 0.00000000099999999995 0.00000000099999999995 0.00000000099999999995 0.00000000099999999995 0.99999999399999994765 
0.00000000099999999996 0.00000000099999999996 0.00000000099999999996 0.00000000099999999996 0.00000000099999999996 0.00000000099999999996 0.99999999399999994765 
0.00000000099999999996 0.00000000099999999996 0.00000075500309047121 0.00000000099999999996 0.00000000099999999996 0.00000000099999999996 0.99999923999690942811 
0.00000000099999999998 0.00000000099999999998 0.00000000099999999998 0.00000000099999999998 0.00000000099999999998 0.00000000099999999998 0.99999999399999994765 
0.00000000099999999995 0.00000000099999999995 0.00000000099999999995 0.00000000099999999995 0.00000000099999999995 0.00000000099999999995 0.99999999400000005867 
0.00000000099999999995 0.00000000099999999995 0.00000000099999999995 0.00000000099999999995 0.00000000099999999995 0.00000000099999999995 0.99999999400000005867 
0.00000000099999999994 0.00000000099999999994 0.00000000099999999994 0.00000000099999999994 0.00000000099999999994 0.00000000099999999994 0.99999999400000005867 
0.00000000099999999999 0.05884832410522041618 0.00000000099999999999 0.00261948841420735429 0.00000000099999999999 0.04270736772696638595 0.89582481675360581264 
0.00000000099999999994 0.00000000099999999994 0.00000000099999999994 0.00000000099999999994 0.00000000099999999994 0.00000000099999999994 0.99999999399999994765 
0.00000000099999999996 0.00000000099999999996 0.00000000099999999996 0.00000000099999999996 0.00000000099999999996 0.00000000099999999996 0.99999999399999994765 
0.00000000099999999994 0.00000000099999999994 0.00000000099999999994 0.00000000099999999994 0.00000000099999999994 0.00000000099999999994 0.99999999400000005867 
0.00000000099999999995 0.00000000099999999995 0.00000000099999999995 0.00000000099999999995 0.00000000099999999995 0.00000000099999999995 0.99999999400000005867 
0.00000000099999999996 0.00000000099999999996 0.00000000099999999996 0.00000000099999999996 0.00000000099999999996 0.00000000099999999996 0.99999999400000005867 
0.00000000099999999995 0.00000000099999999995 0.00000000099999999995 0.00000000099999999995 0.00000000099999999995 0.00000000099999999995 0.99999999399999994765 
0.00000000099999999994 0.00000000099999999994 0.00000000099999999994 0.00000000099999999994 0.00000000099999999994 0.00000000099999999994 0.99999999400000005867 
0.00000000099999999995 0.00000007207205114851 0.00000000099999999995 0.00000000099999999995 0.00000000099999999995 0.00000000099999999995 0.99999992292794892546 
0.00000000099999999993 0.00000000099999999993 0.00000000099999999993 0.00000000099999999993 0.00000000099999999993 0.00000000099999999993 0.99999999400000005867 
0.00000000099999999996 0.00000000099999999996 0.00000000099999999996 0.00000000099999999996 0.00000000099999999996 0.00000000099999999996 0.99999999399999994765 
0.00000000099999999995 0.00000000099999999995 0.00000000099999999995 0.00000000099999999995 0.00000000099999999995 0.00000000099999999995 0.99999999400000005867 
0.00000000099999999997 0.00000000099999999997 0.00000000099999999997 0.00000000099999999997 0.00000000099999999997 0.00000000099999999997 0.99999999399999994765 
0.00000000099999999993 0.00000000099999999993 0.00000000099999999993 0.99999999399999994765 0.00000000099999999993 0.00000000099999999993 0.00000000099999999993 
0.12020133963236749597 0.00000003053585070665 0.03745570076868032228 0.24917095674814138118 0.04877473364467486278 0.00000000100000000000 0.54439723767028513901 
0.00000000099999999994 0.00000000099999999994 0.00000000099999999994 0.00000000099999999994 0.00000000099999999994 0.15382911327742584962 0.84617088172257415302 
0.00000000099999999997 0.00000000099999999997 0.00000000099999999997 0.00000000099999999997 0.00000000099999999997 0.82317911666121146297 0.17682087833878848415 
0.00000000099999999994 0.00000000099999999994 0.00000000099999999994 0.00000000099999999994 0.00000000099999999994 0.22105435711275212007 0.77894563788724791031 
0.00000000099999999996 0.00000000099999999996 0.00000000099999999996 0.00000000099999999996 0.00000000099999999996 0.29966146570896262658 0.70033852929103745932 
0.00000000099999999987 0.00000000099999999987 0.00000000099999999987 0.00000000099999999987 0.00000000099999999987 0.00000000099999999987 0.99999999400000005867 
0.00000000099999999990 0.00000000099999999990 0.00000000099999999990 0.00000000099999999990 0.00000000099999999990 0.00000000099999999990 0.99999999399999994765 
0.00000000099999999992 0.00000000099999999992 0.00000000099999999992 0.00000000099999999992 0.00000000099999999992 0.99999999399999994765 0.00000000099999999992 
0.00000000099999999995 0.00000000099999999995 0.00000000099999999995 0.00000000099999999995 0.00000000099999999995 0.99743627159898673451 0.00256372340101314626 
0.00000000099999999993 0.00000000099999999993 0.00000000099999999993 0.00000000099999999993 0.00000000099999999993 0.99999999399999994765 0.00000000099999999993 
0.00000000099999999994 0.00000000099999999994 0.00000000099999999994 0.00000000099999999994 0.00000000099999999994 0.99999999400000005867 0.00000000099999999994 
0.00000000099999999992 0.00000000099999999992 0.00000000099999999992 0.00000000099999999992 0.00000000099999999992 0.99999999400000005867 0.00000000099999999992 
0.00000000099999999993 0.00000000099999999993 0.00000000099999999993 0.00000000099999999993 0.00000000099999999993 0.99999999400000005867 0.00000000099999999993 
0.00000000099999999993 0.00000000099999999993 0.00000000099999999993 0.00000000099999999993 0.00000000099999999993 0.99999999400000005867 0.00000000099999999993 
0.00000000099999999995 0.00000000099999999995 0.00000000099999999995 0.00000000099999999995 0.00000000099999999995 0.99999999400000005867 0.00000000099999999995 
0.00000000099999999992 0.00000000099999999992 0.00000000099999999992 0.00000000099999999992 0.99999999399999994765 0.00000000099999999992 0.00000000099999999992 
0.00000000099999999985 0.00000000099999999985 0.00000000099999999985 0.00000000099999999985 0.99999999400000005867 0.00000000099999999985 0.00000000099999999985 
0.00000000099999999992 0.00000000099999999992 0.00000000099999999992 0.00000000099999999992 0.99999999400000005867 0.00000000099999999992 0.00000000099999999992 
0.00000000099999999994 0.00000000099999999994 0.00000000099999999994 0.00000000099999999994 0.99999999400000005867 0.00000000099999999994 0.00000000099999999994 
0.00000000099999999986 0.00000000099999999986 0.00000000099999999986 0.00000000099999999986 0.99999999399999994765 0.00000000099999999986 0.00000000099999999986 
0.00000000099999999994 0.00000000099999999994 0.00000000099999999994 0.00000000099999999994 0.99999999399999994765 0.00000000099999999994 0.00000000099999999994 
