0.04701430465590926422 0.00000000099999999999 0.08653169023247378466 0.04532174906554693045 0.00000000099999999999 0.00000000099999999999 0.82113225104607001636 0.00000000099999999999 0.00000000099999999999 
0.00000000099999999998 0.00000000099999999998 0.07274349572953625609 0.06309083636841686382 0.00000000099999999998 0.00000000099999999998 0.86416566190204691100 0.00000000099999999998 0.00000000099999999998 
0.05759028524925458026 0.00000000099999999998 0.07562907130946627809 0.04736088879362108928 0.00000000099999999998 0.00000000099999999998 0.81538502329325390772 0.00403472735440404181 0.00000000099999999998 
0.01550106140023430924 0.00000000099999999998 0.09036404411636850265 0.02860831543288261392 0.00000000099999999998 0.00000000099999999998 0.86552657405051469652 0.00000000099999999998 0.00000000099999999998 
0.00903825757121195367 0.00000000099999999998 0.08724046318514278031 0.05289895204398487732 0.00000000099999999998 0.00000000099999999998 0.84104932606687210495 0.00977299713278815055 0.00000000099999999998 
0.03170305780158453463 0.00000000099999999999 0.09442100682785198318 0.09691866410388670638 0.00000000099999999999 0.00000000099999999999 0.77189805531591171306 0.00505921195076493996 0.00000000099999999999 
0.04028110182499190783 0.00000000099999999999 0.11978940468645001005 0.04253301191928227781 0.00000000099999999999 0.00000000099999999999 0.79739647656927581387 0.00000000099999999999 0.00000000099999999999 
0.06454209426464144195 0.00000000099999999999 0.14416216526862415948 0.07746570387519749468 0.00000000099999999999 0.00000000099999999999 0.67547432667444740062 0.00006493324551423000 0.03829077367157525391 
0.00373832607783938656 0.00000000099999999999 0.08466223859130823926 0.02219697500719091873 0.00000000099999999999 0.00000000099999999999 0.87207981898038777757 0.01732263734327371338 0.00000000099999999999 
0.08254362032719295139 0.00000000099999999998 0.13113918463183454888 0.08856595382043594422 0.00000000099999999998 0.00000000099999999998 0.69775123622053658590 0.00000000099999999998 0.00000000099999999998 
0.00000000099999999998 0.00000000099999999998 0.08191818539918056807 0.07974071426466751433 0.00000000099999999998 0.00000000099999999998 0.83716740429352864972 0.00117369104262337719 0.00000000099999999998 
0.03108656800363912565 0.00000000099999999999 0.12110673638795887985 0.05966640435530053826 0.00000000099999999999 0.00000000099999999999 0.75720495316208580316 0.03093533409101570722 0.00000000099999999999 
0.06290070497596830790 0.00000000099999999998 0.06839530872329736833 0.05476423480573111569 0.00000000099999999998 0.00155390095328297056 0.81238584654172030231 0.00000000099999999998 0.00000000099999999998 
0.00000000099999999999 0.16697318866063251552 0.00000000099999999999 0.00000000099999999999 0.40222255763920289340 0.02137110670345090599 0.40943125052781842443 0.00000189246889514691 0.00000000099999999999 
0.00000000099999999998 0.17325164119142544283 0.00000000099999999998 0.00000000099999999998 0.37655481768766291273 0.01075497137617163063 0.40152499514193906727 0.03791357060280106661 0.00000000099999999998 
0.00000000099999999998 0.17254390913152189979 0.00000000099999999998 0.00000000099999999998 0.45202246585300986936 0.01824400054766070825 0.35718961946780752870 0.00000000099999999998 0.00000000099999999998 
0.00000000099999999999 0.25594457320062424799 0.00000000099999999999 0.00129101733351961838 0.36827676484163301973 0.03186482380817366733 0.34262280640202935622 0.00000001141402009798 0.00000000099999999999 
0.00000000099999999998 0.16787880658941842227 0.00000000099999999998 0.00000000099999999998 0.40065841495033788222 0.02288571819046436584 0.40171840657275520448 0.00000000099999999998 0.00685864969702418368 
0.00000000099999999998 0.15703512344778211562 0.00000000099999999998 0.00000081956011610877 0.38296492692362299470 0.02999809723017815913 0.41876854922367923173 0.01123248061462131867 0.00000000099999999998 
0.00000000099999999998 0.16735696973043040492 0.00000000099999999998 0.00000000099999999998 0.38203726705706164690 0.07029499871853864268 0.38030925256862685435 0.00000000099999999998 0.00000150792534241839 
0.03671801932694018084 0.16246666955344826744 0.00000000099999999998 0.00000000099999999998 0.42567756516970095548 0.00000000099999999998 0.37513774094991064745 0.00000000099999999998 0.00000000099999999998 
0.00000000099999999998 0.10981453621527083320 0.00000000099999999998 0.00000000099999999998 0.50707952996672300827 0.02400620619729559868 0.35067620451411934956 0.00000000099999999998 0.00842351910659125402 
0.00000000099999999998 0.16245118809592581921 0.00000000099999999998 0.00126673094857385985 0.44114506367741690429 0.02897395661880532158 0.35139054087222093559 0.01477251678705709600 0.00000000099999999998 
0.00000000099999999999 0.20214257757135678517 0.00000000099999999999 0.01969848795788219087 0.41201703627598063040 0.01949626894898276452 0.33421969029436093823 0.00453740278020614129 0.00788853417123035194 
0.00000000099999999999 0.11737493039349300439 0.00000000099999999999 0.00000000099999999999 0.46388115944845786931 0.06787054857787074014 0.33390404725411215736 0.00000000099999999999 0.01696931032606630724 
0.00000000099999999998 0.14087421890452275774 0.00000000099999999998 0.00007714275536392127 0.43089658885299758628 0.04739731089237235462 0.35526644014855429665 0.02548829544618919085 0.00000000099999999998 
0.01916006988043812698 0.08959381211350488095 0.00000000099999999998 0.00929158075317761990 0.49595343074173381392 0.02884472802587766116 0.34510936206943093607 0.01204701441583684411 0.00000000099999999998 
0.00000000099999999998 0.20340410648162871032 0.00000000099999999998 0.00000000099999999998 0.39811655803766254902 0.04813143180508997615 0.33580394164513382993 0.01454395803048481005 0.00000000099999999998 
0.00000000099999999997 0.17702189661721923208 0.00000000099999999997 0.00000000099999999997 0.37891811811376024943 0.04163033506579460336 0.40242964520322599409 0.00000000099999999997 0.00000000099999999997 
0.00000000099999999997 0.01526163125276486059 0.00000000099999999997 0.00000000099999999997 0.72612071109178666362 0.00000000099999999997 0.25861756221593207306 0.00000000099999999997 0.00000009043951641340 
0.00000000099999999996 0.00000000099999999996 0.00000000099999999996 0.00000000099999999996 0.70862598721156433434 0.00000000099999999996 0.25075497451857337028 0.00000000099999999996 0.04061903226986223608 
0.00018648338422317455 0.00705090876231345524 0.00000000099999999998 0.00000000099999999998 0.61576509254213129818 0.06702135020207819482 0.29172678803434265449 0.00000000099999999998 0.01824937407491129468 
0.00000000099999999998 0.04681730310469976036 0.00000000099999999998 0.00000000099999999998 0.66240781513761770594 0.03136367087136450460 0.21060091500704014589 0.01904523703238142351 0.02976505584689645087 
0.00000000099999999997 0.00000012374706160871 0.00000000099999999997 0.01001256314571703082 0.68956807546191500879 0.04154873784762208588 0.24723144411214534322 0.00000000099999999997 0.01163905268553882925 
0.00291677732428470907 0.03036621591542589330 0.00000000099999999999 0.00000000099999999999 0.66819470554909021764 0.02673183404577260391 0.22307191904057946386 0.00000049491949335256 0.04871805120535357969 
0.00000000099999999996 0.00000000099999999996 0.00000000099999999996 0.00000000099999999996 0.70943478589048392102 0.00000000099999999996 0.24935328293394698473 0.00000000099999999996 0.04121192517556902801 
0.00000000124881810530 0.00632007867835067405 0.00000000099999999998 0.00000000099999999998 0.66470930575534037388 0.04788341899074631536 0.25485447509146175182 0.00000000099999999998 0.02623271723528277505 
0.00000000099999999998 0.04646084333523088639 0.00000000099999999998 0.00000000099999999998 0.74487540629744486420 0.01378615823120725448 0.16818100150050066532 0.00000000099999999998 0.02669658663561641845 
0.00000000099999999998 0.04331746716036950079 0.00000000099999999998 0.00000000099999999998 0.62986473934902809102 0.03679823323435839344 0.29001782406653964230 0.00000173218970426890 0.00000000099999999998 
0.00000000099999999988 0.00000000099999999988 0.00000000099999999988 0.00000000099999999988 0.99999999200000011523 0.00000000099999999988 0.00000000099999999988 0.00000000099999999988 0.00000000099999999988 
0.00000000099999999998 0.05106254574654979506 0.00000000099999999998 0.00182872878579803618 0.62693199688165957006 0.05456372318826236550 0.24251326360555638950 0.00000000099999999998 0.02309973879217384202 
0.00000000099999999996 0.00000004043852914273 0.00000000099999999996 0.00000000099999999996 0.70797855254453090357 0.02960091395021025376 0.24939396594460799816 0.00000000099999999996 0.01302652312212175534 
0.00000000099999999998 0.01170209994256929571 0.00000000099999999998 0.00000000099999999998 0.66368318101157863786 0.03587715746638567987 0.24515874250381142208 0.00000000099999999998 0.04357881507565505852 
0.01026127164893647463 0.04616444330924024397 0.00000000099999999998 0.00000000099999999998 0.63433420741879908977 0.05088235119048992866 0.23232201484060907570 0.00000000099999999998 0.02603570859192539527 
0.00000000099999999998 0.04175070589593294496 0.00000000099999999998 0.00000000099999999998 0.67303960694219566729 0.00100786771695917190 0.27790127166846850804 0.00000000099999999998 0.00630054377644370146 
0.00000000099999999998 0.00947803062556174664 0.00000000099999999998 0.00000000099999999998 0.73928460895488445903 0.03372708828003326276 0.18628121407947090260 0.00000000099999999998 0.03122905406004964496 
0.00000000099999999999 0.00000000099999999999 0.00000000099999999999 0.00875510240117483886 0.81797738827433763564 0.02327853152580518920 0.06832699935163025207 0.00000000099999999999 0.08166197444705197706 
0.01104129426273244181 0.02243379883441336958 0.32926376573835075545 0.34404354642034173928 0.06997851268691612781 0.00000000099999999999 0.12710256203299472033 0.09613651802425075832 0.00000000099999999999 
0.00000000099999999999 0.01420289452093447327 0.36375997461464598670 0.35237672229469174656 0.15057293224357939931 0.01227316882999638682 0.00000000099999999999 0.10681430449615196554 0.00000000099999999999 
0.00000010823183195570 0.05861728142175652578 0.39268013379499194793 0.36644051854802794921 0.04429437780174533268 0.02287731143350920510 0.00000000100000000000 0.11509026676813714773 0.00000000100000000000 
0.00595595258431318338 0.09223667620246564502 0.35334439040799092702 0.33433371645192705435 0.03368352163316503528 0.04318500705448268667 0.01318459716649761360 0.12407613749915777368 0.00000000100000000000 
0.03394591310111813587 0.05058081000131493116 0.39052998538253097527 0.29799165382042674954 0.08055758355525598213 0.00331528094333772769 0.02070972720890516816 0.12236904498711018152 0.00000000100000000000 
0.06074817490048306512 0.00000000100000000000 0.33520836041836510333 0.34196720505105965282 0.03419485437579704995 0.01843051824329781929 0.07716955812950801463 0.13228132688148941387 0.00000000100000000000 
0.00000000099999999999 0.02454929097355596987 0.32001051639460148523 0.35463625738024084910 0.05670737992028384439 0.03827027492484654653 0.11203228106982306145 0.09379399733664832428 0.00000000099999999999 
0.03663983981098144216 0.06240382365754329475 0.27577276191055311028 0.31860271336137829801 0.06384259690174567958 0.00000000100000000000 0.07757111682148579157 0.15172447146629292059 0.01344267507001938380 
0.03631108539647779493 0.07845331521912675410 0.32367080789395430429 0.33208396410516044517 0.03257622903549134419 0.00000340666683102116 0.06448252265995683963 0.13241866802300125694 0.00000000100000000000 
0.02876115075494029352 0.00000000204519675532 0.37182516831150291825 0.36604031828291244688 0.07390575885687783453 0.00010240762902249765 0.05447245388919907255 0.10489273923034805880 0.00000000099999999999 
0.00000000099999999998 0.02600783417029031361 0.00000000099999999998 0.00000000099999999998 0.83781899461351927449 0.00000448307109321718 0.08807940759201381142 0.00446656074895818850 0.04362271680412503627 
0.00000000099999999997 0.04088090159919565564 0.00000000099999999997 0.00000000099999999997 0.87531757477544835933 0.01304365993727473437 0.00000000099999999997 0.02659422352202148523 0.04416363616605974846 
0.00000000099999999997 0.04786993243863499337 0.00000000099999999997 0.00000000099999999997 0.93210182653788398177 0.00299391245631683506 0.00000000099999999997 0.00000000099999999997 0.01703432356716449297 
0.00000000099999999997 0.06114455836677248207 0.00000000099999999997 0.00000000099999999997 0.93885543463322762570 0.00000000099999999997 0.00000000099999999997 0.00000000099999999997 0.00000000099999999997 
0.00000000099999999999 0.06913234371337768913 0.00000000099999999999 0.00427535964084043048 0.83053510248544382133 0.06932128759966132980 0.00000000099999999999 0.00506223214140149366 0.02167367141927526580 
0.00000000099999999999 0.07746754378155153165 0.00000000099999999999 0.00000008456413750245 0.86916204554266573989 0.00000000099999999999 0.00047718600749766102 0.02860406037636512716 0.02428907672778262902 
0.00000000099999999997 0.00000000099999999997 0.00000000099999999997 0.00004815106378791069 0.97818660548204305893 0.00062027607666182956 0.00000000099999999997 0.00000000099999999997 0.02114496237750727869 
0.00000000099999999999 0.01381106255932781392 0.00000000099999999999 0.00082246802345322919 0.85904006458434611915 0.02771517742398183978 0.06045366343899542111 0.03683980929080582500 0.00131775267908977047 
0.00000000099999999996 0.01915952773586370242 0.00000000099999999996 0.00062768364638121643 0.98021278261775512952 0.00000000099999999996 0.00000000099999999996 0.00000000099999999996 0.00000000099999999996 
0.00000000099999999998 0.06981613890927998445 0.00000000099999999998 0.02003243965902013618 0.88493352847600081912 0.00000000099999999998 0.01550403407484872084 0.00000000099999999998 0.00971385488085038662 
0.06166952157918090954 0.06329684067089708099 0.00000000099999999999 0.07956989716062896900 0.04410862718375806180 0.01834463484514867529 0.67187262822343774005 0.02532245353572733573 0.03581539580122123506 
0.04452385922098324456 0.00000228928633733755 0.00000000099999999999 0.06903976198598256453 0.03136094531263143581 0.00000000099999999999 0.85507314019406543970 0.00000000099999999999 0.00000000099999999999 
0.05440999088884192897 0.06602240977528453514 0.00000000099999999999 0.06919284877664130806 0.14680325159445165029 0.03233713379744834748 0.62237156095740830963 0.00863126091133243657 0.00023154229859174169 
0.04628626206212886618 0.02907086090106845294 0.01950160230922339671 0.04663995561575196014 0.04814155817220854006 0.00000000100000000000 0.73797405461994713960 0.00000000100000000000 0.07238570431967153440 
0.00000000099999999998 0.38347798471168076384 0.00000000099999999998 0.02691137342175185104 0.45082286303153645823 0.00000000099999999998 0.12120067236982916270 0.00000000099999999998 0.01758710246520192935 
0.00000000099999999999 0.34413676345222277142 0.00000000099999999999 0.00000000099999999999 0.51362479872563160388 0.00247041448910232005 0.09435679889390541364 0.00000000099999999999 0.04541122043913773526 
0.00000000099999999998 0.30528579530406979581 0.00000000099999999998 0.00000000099999999998 0.54371057752059737123 0.00000000099999999998 0.11023003474673251367 0.00000000099999999998 0.04077358742860032192 
0.00000000099999999999 0.32849994394311543555 0.00000000099999999999 0.00000000099999999999 0.47857539196690496164 0.02314162813622081330 0.10473036576636390871 0.00000000099999999999 0.06505266618739487250 
0.00000000099999999998 0.40774017281482755060 0.00000000099999999998 0.00000000099999999998 0.45187618562748227413 0.01040820409881330379 0.06826429682878784599 0.00000000099999999998 0.06171113663008905015 
0.00040449892486545553 0.30553817021271639787 0.00000000099999999999 0.00000000099999999999 0.53169419096871850527 0.00000000099999999999 0.09645601757181375413 0.00042876019873269462 0.06547835912315316809 
0.00000000099999999986 0.00000000099999999986 0.00000000099999999986 0.00000000099999999986 0.00000000099999999986 0.00000000099999999986 0.00000000099999999986 0.00000000099999999986 0.99999999200000000421 
0.00866945036984408113 0.07832920643598971500 0.00000000099999999999 0.00589671040896663865 0.56701011804150114326 0.02484227977887326980 0.29286880644708818133 0.00288067757048234441 0.01950274994725473623 
0.00000000099999999998 0.07611371288507078059 0.00000000099999999998 0.00000000099999999998 0.43524910439514058469 0.07776022073361980869 0.38635291088419421168 0.00000000099999999998 0.02452404710197454707 
0.00000000099999999999 0.08592994828162066334 0.00000000099999999999 0.00000000099999999999 0.49610249949952911486 0.07330233668535754421 0.29676331114428594615 0.00000000099999999999 0.04790190038920676824 
0.00003445010712901637 0.04740999425390003685 0.00000000099999999999 0.00000000099999999999 0.52081539064864201816 0.06646350895082570043 0.26631177950206275096 0.03988917129768408676 0.05907570323975640247 
0.00000000099999999998 0.16684425398945459951 0.00000000099999999998 0.00001603724464417214 0.31528356064536128267 0.05229277906364682843 0.43178882931687179170 0.00000000099999999998 0.03377453674002141998 
0.00514342231704380693 0.19778246092327042560 0.00000000100000000000 0.00000000100000000000 0.45542219507750786311 0.03300333071018923120 0.28043557845658051431 0.00000971411358008362 0.02820329640182797984 
0.00501261699174525288 0.17225551647169212721 0.00000000099999999998 0.00000000099999999998 0.42575455616190183150 0.05186580143622847305 0.32142011595132113921 0.00000000099999999998 0.02369138998711133384 
0.01425908337372818087 0.16808442041875854001 0.00000000099999999999 0.04058514428699535465 0.32987469056533658129 0.06962509326479934813 0.35087971719755478572 0.00000000099999999999 0.02669184889282733356 
0.00000000099999999999 0.10301902342336041740 0.00000000099999999999 0.00000000099999999999 0.47444776966042023769 0.05788943280176640782 0.34836501935831659660 0.00141503452355535761 0.01486371723258099291 
0.00000001851039302556 0.16491930697778461878 0.00000000099999999999 0.00000000099999999999 0.47512897487933331009 0.01538118152364183547 0.32156135483588654811 0.00000000099999999999 0.02300916027296068256 
0.00824742784589056060 0.13218303555913313296 0.00000000099999999999 0.00000000099999999999 0.40373848394192168865 0.11318927981093890311 0.31437779975751173334 0.00711899225341098164 0.02114497883119285937 
0.00000000099999999999 0.13490123466090822579 0.00000000099999999999 0.00865394244940654971 0.42924025324625414424 0.08573924190082361785 0.30622613398378639715 0.00000000099999999999 0.03523919075882114837 
0.00741250984889595729 0.12493037996036057691 0.00000000099999999999 0.02883731938885520513 0.50591414600997430817 0.05759294436467331246 0.23225493935641389198 0.00000000099999999999 0.04305775907082684539 
0.00000000099999999999 0.23693659497355926136 0.00000000099999999999 0.00692180837818835975 0.16490736671262318236 0.01453191866145545075 0.52645782773515026332 0.00000000099999999999 0.05024448053902361155 
0.00000000099999999999 0.10952975039366935617 0.00000000099999999999 0.00001673958393810455 0.54646191308578084822 0.04615655933712926179 0.27819620733353461750 0.00000000099999999999 0.01963882726594803896 
0.00710810283009514956 0.02984111832120125291 0.00000000099999999996 0.34055525171628286962 0.60506061538958655355 0.00014745643811446524 0.00000000099999999996 0.01728745230471973385 0.00000000099999999996 
0.00000000099999999981 0.00000000099999999981 0.00000000099999999981 0.99999999200000011523 0.00000000099999999981 0.00000000099999999981 0.00000000099999999981 0.00000000099999999981 0.00000000099999999981 
0.00000000099999999980 0.00000000099999999980 0.00000000099999999980 0.99999999200000011523 0.00000000099999999980 0.00000000099999999980 0.00000000099999999980 0.00000000099999999980 0.00000000099999999980 
0.00000000099999999989 0.00000000099999999989 0.00000000099999999989 0.99999999200000011523 0.00000000099999999989 0.00000000099999999989 0.00000000099999999989 0.00000000099999999989 0.00000000099999999989 
0.00000000099999999982 0.00000000099999999982 0.00000000099999999982 0.99999999200000000421 0.00000000099999999982 0.00000000099999999982 0.00000000099999999982 0.00000000099999999982 0.00000000099999999982 
0.00000000099999999981 0.00000000099999999981 0.00000000099999999981 0.99999999200000011523 0.00000000099999999981 0.00000000099999999981 0.00000000099999999981 0.00000000099999999981 0.00000000099999999981 
0.00000000099999999989 0.00000000099999999989 0.00000000099999999989 0.99999999200000011523 0.00000000099999999989 0.00000000099999999989 0.00000000099999999989 0.00000000099999999989 0.00000000099999999989 
0.00000000099999999982 0.00000000099999999982 0.00000000099999999982 0.99999999200000000421 0.00000000099999999982 0.00000000099999999982 0.00000000099999999982 0.00000000099999999982 0.00000000099999999982 
0.00000000099999999994 0.00000000099999999994 0.00000000099999999994 0.82454159873044496898 0.17545839426955506246 0.00000000099999999994 0.00000000099999999994 0.00000000099999999994 0.00000000099999999994 
0.00000000099999999987 0.00000000099999999987 0.00000000099999999987 0.99999999200000000421 0.00000000099999999987 0.00000000099999999987 0.00000000099999999987 0.00000000099999999987 0.00000000099999999987 
0.01534518325646287880 0.06351237689029183564 0.00000000099999999999 0.00000000099999999999 0.72550322289582125368 0.04061225785093425938 0.10935954408995005038 0.02091429793344904212 0.02475311508309066544 
0.00000000099999999997 0.08436994618472561103 0.00000000099999999997 0.00000000099999999997 0.77153358598382293376 0.04642089274292093837 0.09553036842241421911 0.00000000099999999997 0.00214520266611642777 
0.00000000099999999999 0.08645193371095501178 0.00000000099999999999 0.10007967823716068523 0.79461866034203620934 0.00000000099999999999 0.01884963285795139554 0.00000009085189651433 0.00000000099999999999 
0.00000000099999999996 0.02230471835606630260 0.00000000099999999996 0.17087121907815280841 0.80682405656578093378 0.00000000099999999996 0.00000000099999999996 0.00000000099999999996 0.00000000099999999996 
0.00000000099999999998 0.01939078070710370527 0.00000000099999999998 0.13279029750583468128 0.78725710864392173249 0.02080250231862142835 0.00000000099999999998 0.03975930682451841308 0.00000000099999999998 
0.00000000099999999996 0.04039435935519963827 0.00000000099999999996 0.14172841367691121905 0.78811206295486357920 0.00000000099999999996 0.00000000099999999996 0.02976515901302556263 0.00000000099999999996 
0.00000000099999999995 0.03375190083029254440 0.00000000099999999995 0.02822511984620966474 0.91610992736021779059 0.00000000099999999995 0.00000000099999999995 0.02191304696327999596 0.00000000099999999995 
0.00000000099999999996 0.04477753267137629667 0.00000000099999999996 0.12533855614451094862 0.80223735082614344716 0.00000000099999999996 0.00000000099999999996 0.02764655535796948366 0.00000000099999999996 
0.00000000099999999998 0.04608837804401608174 0.00000000099999999998 0.04315939233074408271 0.90126914670895785786 0.00000000099999999998 0.00000000099999999998 0.00948307791628210869 0.00000000099999999998 
0.00000000099999999995 0.04588524476106829730 0.00000000099999999995 0.08351697257257026386 0.87059777666636140037 0.00000000099999999995 0.00000000099999999995 0.00000000099999999995 0.00000000099999999995 
0.00000000099999999994 0.00000000099999999994 0.00000000099999999994 0.10504200123899461172 0.85933795754885167195 0.00000000099999999994 0.00000000099999999994 0.03562003521215376112 0.00000000099999999994 
0.00000000099999999995 0.00000000099999999995 0.00000000099999999995 0.11969105544076502623 0.88029190676389634795 0.00000000099999999995 0.00000000099999999995 0.00001703179533880673 0.00000000099999999995 
0.00000000099999999995 0.00000000099999999995 0.00000000099999999995 0.04552528399372382517 0.91472043062611807507 0.00000000099999999995 0.00000000099999999995 0.03975427938015822088 0.00000000099999999995 
0.00000000099999999996 0.03761145022530489740 0.00000000099999999996 0.06897765005425310347 0.85165149440661813696 0.01130963518730369009 0.00000000099999999996 0.03044976612652002326 0.00000000099999999996 
0.00000000099999999996 0.00000000099999999996 0.00000000099999999996 0.11138325747355359852 0.88861673552644659946 0.00000000099999999996 0.00000000099999999996 0.00000000099999999996 0.00000000099999999996 
0.00000000099999999997 0.02467864987181173433 0.00000000099999999997 0.11042628900519203816 0.81037561695152460217 0.01708611461192654363 0.00000000099999999997 0.03743332555954507340 0.00000000099999999997 
0.00000000099999999996 0.05033910769661911755 0.00000000099999999996 0.08486503831941086262 0.84686412799808941099 0.00000000099999999996 0.00000000099999999996 0.01793172098588055249 0.00000000099999999996 
0.00000000099999999996 0.00000000099999999996 0.00000000099999999996 0.06614518520597653661 0.93385480779402363360 0.00000000099999999996 0.00000000099999999996 0.00000000099999999996 0.00000000099999999996 
0.00000000099999999997 0.00000000099999999997 0.00000000099999999997 0.07718667233107776027 0.90909487026574165025 0.01371845140318067764 0.00000000099999999997 0.00000000099999999997 0.00000000099999999997 
0.00000000099999999994 0.00000000099999999994 0.00000000099999999994 0.06834028651305691648 0.93165970648694318434 0.00000000099999999994 0.00000000099999999994 0.00000000099999999994 0.00000000099999999994 
0.00000000099999999996 0.00007928217987109460 0.00000000099999999996 0.15581454653627471729 0.83951882512182751661 0.00000000099999999996 0.00000000099999999996 0.00458734116202663082 0.00000000099999999996 
0.00000000099999999995 0.00000000099999999995 0.00000000099999999995 0.05665963114111213783 0.94334036185888792136 0.00000000099999999995 0.00000000099999999995 0.00000000099999999995 0.00000000099999999995 
0.00000000099999999996 0.00000000099999999996 0.00000000099999999996 0.05685545513648097155 0.94314453786351915010 0.00000000099999999996 0.00000000099999999996 0.00000000099999999996 0.00000000099999999996 
0.01174964058426263350 0.00103332863076547937 0.00000000099999999998 0.07245798989375389076 0.87672648675230535620 0.00000000099999999998 0.00000000099999999998 0.03803255013891274072 0.00000000099999999998 
0.00000000099999999989 0.00000000099999999989 0.00000000099999999989 0.00000000099999999989 0.00000000099999999989 0.00000000099999999989 0.00000000099999999989 0.00000000099999999989 0.99999999199999989319 
0.00000000099999999988 0.00000000099999999988 0.00000000099999999988 0.00000000099999999988 0.00000000099999999988 0.00000000099999999988 0.00000000099999999988 0.00000000099999999988 0.99999999200000000421 
0.00000000099999999995 0.00000000099999999995 0.00000000099999999995 0.67251191511453389804 0.00000000099999999995 0.00000000099999999995 0.32748807788546618891 0.00000000099999999995 0.00000000099999999995 
0.00000000099999999996 0.00000000099999999996 0.00000000099999999996 0.74672197039083099135 0.00000000099999999996 0.00000000099999999996 0.25327802260916909560 0.00000000099999999996 0.00000000099999999996 
0.00000000099999999995 0.00000000099999999995 0.00000000099999999995 0.69189239988343753662 0.00000000099999999995 0.00000000099999999995 0.30810759311656249482 0.00000000099999999995 0.00000000099999999995 
0.00000000099999999998 0.00000000099999999998 0.00000000099999999998 0.72566421817279902484 0.27357097145405656624 0.00038927597689555931 0.00000000099999999998 0.00037552939624887149 0.00000000099999999998 
0.00000000099999999996 0.00000000099999999996 0.00000000099999999996 0.77481697007075034378 0.00000000099999999996 0.00000000099999999996 0.22518302292924968766 0.00000000099999999996 0.00000000099999999996 
0.00000000099999999996 0.00000000099999999996 0.00000000099999999996 0.74926070743909078953 0.00000000099999999996 0.00000000099999999996 0.25073928556090929742 0.00000000099999999996 0.00000000099999999996 
0.00000000099999999997 0.00000000099999999997 0.00000000099999999997 0.72720589127072032820 0.00000000099999999997 0.00000000099999999997 0.27279410172927964773 0.00000000099999999997 0.00000000099999999997 
0.01285862345936614713 0.00000000099999999998 0.00000000099999999998 0.55093793866226947742 0.00000000099999999998 0.00000000099999999998 0.43620343187836446708 0.00000000099999999998 0.00000000099999999998 
0.00000000099999999996 0.00000000099999999996 0.00000000099999999996 0.73194631773486529269 0.00000000099999999996 0.00000000099999999996 0.26805367526513490528 0.00000000099999999996 0.00000000099999999996 
0.00000000099999999995 0.00000000099999999995 0.00000000099999999995 0.78478564572687203871 0.00000000099999999995 0.00000000099999999995 0.21521434727312810375 0.00000000099999999995 0.00000000099999999995 
0.00000000099999999997 0.00000000099999999997 0.00000000099999999997 0.66606265576619450020 0.00000000099999999997 0.00000000099999999997 0.33393733723380553124 0.00000000099999999997 0.00000000099999999997 
0.00000000099999999995 0.00000000099999999995 0.00000000099999999995 0.68834263498277259430 0.00000000099999999995 0.00000000099999999995 0.31165735801722738163 0.00000000099999999995 0.00000000099999999995 
0.08224866147155360241 0.01482779652561076744 0.03754469084552044394 0.16690945372204579744 0.07906142706047702973 0.00000028524072801715 0.61940047614771587270 0.00000720788092214175 0.00000000110542632635 
0.00000000099999999998 0.14512722667488242578 0.00000000099999999998 0.01143994801059274730 0.48576312591033143917 0.04762698016224330838 0.28750444018535864510 0.02253827605659132136 0.00000000099999999998 
0.00000000099999999998 0.19109940671168718085 0.00000000099999999998 0.00000000099999999998 0.35798812843018890106 0.10598041877798972110 0.29075372966050849755 0.03074921702444968416 0.02342909639517593706 
0.00000000099999999998 0.15061990163110619556 0.00000000099999999998 0.02175735041988023297 0.38708893732197752202 0.08257934145516179769 0.34605740454197297939 0.00000000099999999998 0.01189706162990126007 
0.00000000099999999998 0.19229998954291158131 0.00000000099999999998 0.00000000099999999998 0.32423169708933202715 0.09599497984365050474 0.35802571420687262505 0.02944761531723323264 0.00000000099999999998 
0.00000000099999999998 0.13578388074171973687 0.00000000099999999998 0.00000000099999999998 0.36594069834363435190 0.11999299652843546660 0.34502867853960683675 0.01607767848484364243 0.01717606436175994275 
0.00000000099999999998 0.16733102854265252679 0.00000000099999999998 0.00000000099999999998 0.35715574031950675371 0.09053052489256047108 0.35234969696832912911 0.00000000099999999998 0.03263300527695122549 
0.00000000099999999998 0.14379003184390423686 0.00000000099999999998 0.00000000099999999998 0.40795254894653965039 0.07431862040120859603 0.36482907226456601224 0.00000000099999999998 0.00910972254378148404 
0.00000000099999999998 0.16228655718569209854 0.00000000099999999998 0.00085895974077010797 0.32310942648873131056 0.10511929655392056315 0.40862575603088591158 0.00000000099999999998 0.00000000099999999998 
0.00000000099999999997 0.17697195741490809318 0.00000000099999999997 0.00543087145978282757 0.30459616905919617569 0.09430044943505952459 0.41870054863105349297 0.00000000099999999997 0.00000000099999999997 
0.00000000099999999998 0.17066726280924543468 0.00000000099999999998 0.00165734543261128594 0.39275048697487346949 0.07406739791774522019 0.33530375232256770524 0.00000000099999999998 0.02555375154295692897 
0.00000000099999999998 0.17538534614647069421 0.00000000099999999998 0.00000000099999999998 0.36748733744152695113 0.06409942431509833838 0.33380671544590456712 0.04960002788193545314 0.00962114576906393168 
0.00000000099999999998 0.24156097335098491996 0.00000000099999999998 0.00000000099999999998 0.32111034697813367611 0.07158828909407109753 0.33060881320003343564 0.00945938456314910324 0.02567218981362788185 
0.00000000099999999999 0.15395467623886929798 0.00000000099999999999 0.00374913287553239752 0.36876845730689244984 0.08067449472779149311 0.38407039241065071833 0.00205724972182896610 0.00672559471843460488 
0.00000000099999999998 0.19135533381817848575 0.00000000099999999998 0.00000000099999999998 0.38780047981562748571 0.07468064609131416787 0.34550491013091566561 0.00000000099999999998 0.00065862614396436381 
0.00000000099999999997 0.18248958497270104107 0.00000000099999999997 0.00000000099999999997 0.32748148088923434429 0.07030683026474833508 0.41972209887331624056 0.00000000099999999997 0.00000000099999999997 
0.00000000099999999998 0.18589003043249627267 0.00000000099999999998 0.00000000099999999998 0.38461654213296125882 0.06272182969979263334 0.36128032757880362835 0.00000000099999999998 0.00549126615594616035 
0.00000000099999999998 0.18116391342421175881 0.00000000099999999998 0.00915108434768252023 0.37246271293373534039 0.04760110617152973206 0.37846598854324636774 0.00000000099999999998 0.01115519157959424072 
0.00000000099999999998 0.14256580138190719231 0.00000000099999999998 0.02993353755016119402 0.31368724978613182763 0.08429913294190966022 0.38735583247312654898 0.00316288934079886992 0.03899555452596461386 
0.00000011978719209327 0.16240114350660644904 0.00000000099999999998 0.00000000099999999998 0.35140448868521656500 0.07653824951736659665 0.40965599450361839251 0.00000000099999999998 0.00000000099999999998 
0.00000000099999999998 0.15252557707035618861 0.00000000099999999998 0.00000000099999999998 0.34160078008753619327 0.10941799519172268340 0.36012174725368617523 0.01452772314733957390 0.02180617424935915941 
0.00000000099999999990 0.00000000099999999990 0.00000000099999999990 0.00000000099999999990 0.00000000099999999990 0.00000000099999999990 0.00000000099999999990 0.00000000099999999990 0.99999999199999989319 
0.00000000099999999997 0.00000000099999999997 0.00000000099999999997 0.00761484980487536073 0.94055981161132107271 0.00000000099999999997 0.00000000099999999997 0.02100246654460379003 0.03082286703919971324 
0.00000000099999999997 0.00000000099999999997 0.00000000099999999997 0.00000000099999999997 0.92591437302860124525 0.00000000099999999997 0.00000000099999999997 0.01027731312049433819 0.06380830785090431390 
0.00000000099999999997 0.00000000099999999997 0.00000000099999999997 0.00000000099999999997 0.97585525020572172483 0.00000000099999999997 0.01921207220610658684 0.00000000099999999997 0.00493267158817185369 
0.00000000099999999997 0.00000000099999999997 0.00000000099999999997 0.02771977993353839931 0.92543265419897091650 0.00000000099999999997 0.00000000099999999997 0.00000000099999999997 0.04684755986749087470 
0.00000000099999999992 0.00000000099999999992 0.00000000099999999992 0.00000000099999999992 0.99999999200000000421 0.00000000099999999992 0.00000000099999999992 0.00000000099999999992 0.00000000099999999992 
0.00000000099999999997 0.00000000099999999997 0.00000000099999999997 0.01567094868174285019 0.93857281131180592126 0.01887320665336564285 0.00000000099999999997 0.00960580208753647816 0.01727722726554922414 
0.00000000099999999985 0.00000000099999999985 0.00000000099999999985 0.00000000099999999985 0.99999999200000011523 0.00000000099999999985 0.00000000099999999985 0.00000000099999999985 0.00000000099999999985 
0.00000000099999999993 0.00000000099999999993 0.00000000099999999993 0.00000000099999999993 0.98547773880254285750 0.00000000099999999993 0.00000000099999999993 0.00000000099999999993 0.01452225419745716006 
0.00000000099999999996 0.00000000099999999996 0.00000000099999999996 0.00000000099999999996 0.98567936493565455613 0.00000000099999999996 0.00000000099999999996 0.00000000099999999996 0.01432062806434551867 
0.00073303362884133113 0.00000000099999999998 0.00000000099999999998 0.00000000099999999998 0.94604288950303994099 0.00000000099999999998 0.00000000099999999998 0.00000000099999999998 0.05322407086811883903 
0.00000000099999999992 0.00000000099999999992 0.00000000099999999992 0.00000000099999999992 0.99412452676058415957 0.00000000099999999992 0.00000000099999999992 0.00000000099999999992 0.00587546623941582417 
0.00000000099999999995 0.00000000099999999995 0.00000000099999999995 0.00000000099999999995 0.95739083407938185832 0.00000000099999999995 0.00000000099999999995 0.00000000099999999995 0.04260915892061836741 
0.00000000099999999995 0.00000000099999999995 0.00000000099999999995 0.00000000099999999995 0.98569871084883731172 0.00000000099999999995 0.00000000099999999995 0.00000000099999999995 0.01430128215116285677 
0.00000000099999999996 0.78974688794175484929 0.00000000099999999996 0.00408291264440619871 0.20617019341383899245 0.00000000099999999996 0.00000000099999999996 0.00000000099999999996 0.00000000099999999996 
0.00000000099999999988 0.00000000099999999988 0.00000000099999999988 0.00000000099999999988 0.99999999200000011523 0.00000000099999999988 0.00000000099999999988 0.00000000099999999988 0.00000000099999999988 
0.00000000099999999996 0.81504025817867953307 0.00000000099999999996 0.00000000099999999996 0.18495973277772556620 0.00000000099999999996 0.00000000099999999996 0.00000000304359493375 0.00000000099999999996 
0.00000000099999999996 0.86216726621985684265 0.00000000099999999996 0.00000000099999999996 0.13783272678014335533 0.00000000099999999996 0.00000000099999999996 0.00000000099999999996 0.00000000099999999996 
0.00000000099999999997 0.70626396886026276967 0.00000000099999999997 0.01185442965572114198 0.26545032618014252623 0.01643127030387373996 0.00000000099999999997 0.00000000099999999997 0.00000000099999999997 
0.00000000099999999995 0.85224212718652281318 0.00000000099999999995 0.00000000099999999995 0.14775786581347738480 0.00000000099999999995 0.00000000099999999995 0.00000000099999999995 0.00000000099999999995 
0.00000000099999999997 0.84887255325243649029 0.00000000099999999997 0.00000000099999999997 0.05369926737209552298 0.04953296404144238302 0.00169638595121570290 0.04619882538280997014 0.00000000099999999997 
0.00000000099999999998 0.73520414885790963400 0.00000000099999999998 0.02213310692824861300 0.08101444710599978172 0.01444603673898958197 0.08554286623627906094 0.02683753270532276969 0.03482185942725074534 
0.00000000099999999997 0.74448013481385644230 0.00000000099999999997 0.00000000863184344774 0.25142637273732426628 0.00000000099999999997 0.00000000099999999997 0.00409347881697613453 0.00000000099999999997 
0.00000000099999999997 0.78345772749116515676 0.00000000099999999997 0.00000000099999999997 0.18259626427788577807 0.01847982209413354462 0.00000000099999999997 0.01546618113681550409 0.00000000099999999997 
0.00000000099999999996 0.78237021919466620545 0.00000000099999999996 0.00000000099999999996 0.21762977380533390925 0.00000000099999999996 0.00000000099999999996 0.00000000099999999996 0.00000000099999999996 
0.00000000099999999998 0.84922782188994938579 0.00000000099999999998 0.00000000099999999998 0.15076080083512494179 0.00000000099999999998 0.00000000099999999998 0.00001137127492572283 0.00000000099999999998 
0.00000000099999999987 0.99999999200000011523 0.00000000099999999987 0.00000000099999999987 0.00000000099999999987 0.00000000099999999987 0.00000000099999999987 0.00000000099999999987 0.00000000099999999987 
0.00000000099999999986 0.99999999200000011523 0.00000000099999999986 0.00000000099999999986 0.00000000099999999986 0.00000000099999999986 0.00000000099999999986 0.00000000099999999986 0.00000000099999999986 
0.00014182493455061257 0.98656310481668463286 0.00000000099999999997 0.00000000099999999997 0.01329506424876487035 0.00000000099999999997 0.00000000099999999997 0.00000000099999999997 0.00000000099999999997 
0.00000000099999999993 0.99999999200000022626 0.00000000099999999993 0.00000000099999999993 0.00000000099999999993 0.00000000099999999993 0.00000000099999999993 0.00000000099999999993 0.00000000099999999993 
