0.00000000099999999995 0.00000000099999999995 0.00000000099999999995 0.00000000099999999995 0.00000000099999999995 0.00000000099999999995 0.00000000099999999995 0.00000000099999999995 0.00000000099999999995 0.00000000099999999995 0.00000000099999999995 0.00000000099999999995 0.99999998800000000632 
0.00000000099999999990 0.00000000099999999990 0.00000000099999999990 0.00000000099999999990 0.00000000099999999990 0.00000000099999999990 0.00000000099999999990 0.00000000099999999990 0.00000000099999999990 0.00000000099999999990 0.00000000099999999990 0.00000000099999999990 0.99999998799999989529 
0.00000000099999999994 0.00000000099999999994 0.00000000099999999994 0.00000000099999999994 0.00000000099999999994 0.00000000099999999994 0.00000000099999999994 0.00000000099999999994 0.00000000099999999994 0.00000000099999999994 0.00000000099999999994 0.00000000099999999994 0.99999998799999989529 
0.00000000099999999989 0.00000000099999999989 0.00000000099999999989 0.00000000099999999989 0.00000000099999999989 0.00000000099999999989 0.00000000099999999989 0.00000000099999999989 0.00000000099999999989 0.00000000099999999989 0.00000000099999999989 0.00000000099999999989 0.99999998800000000632 
0.00000000099999999993 0.00000000099999999993 0.00000000099999999993 0.00000000099999999993 0.00000000099999999993 0.00000000099999999993 0.00000000099999999993 0.00000000099999999993 0.00000000099999999993 0.00000000099999999993 0.00000000099999999993 0.00000000099999999993 0.99999998800000000632 
0.00000000099999999998 0.00000000099999999998 0.00000000099999999998 0.00000000099999999998 0.00000000099999999998 0.03915232875655830919 0.00000000099999999998 0.00000000099999999998 0.00000000099999999998 0.00000000099999999998 0.00247149130761886108 0.00000000099999999998 0.95837616993582286362 
0.00000000099999999996 0.00000000099999999996 0.00000000099999999996 0.00000000099999999996 0.00000000099999999996 0.00000000099999999996 0.00000000099999999996 0.00264697572900976855 0.00000000099999999996 0.00000000099999999996 0.00000000099999999996 0.00000000099999999996 0.99735301327099035174 
0.02665453151870838047 0.03386854893771371056 0.00000000099999999998 0.00000000099999999998 0.00000000099999999998 0.02685280164574217060 0.00000000099999999998 0.06304440674157056612 0.00000000099999999998 0.00000000099999999998 0.00000000099999999998 0.00000000099999999998 0.84957970315626529789 
0.00000000099999999994 0.00000000099999999994 0.00000000099999999994 0.00000000099999999994 0.00000000099999999994 0.00000000099999999994 0.00000000099999999994 0.00000000099999999994 0.00000000099999999994 0.00000000099999999994 0.00000000099999999994 0.00000000099999999994 0.99999998799999989529 
0.02045207244897223262 0.00000000099999999997 0.00000000099999999997 0.00000000099999999997 0.00000000099999999997 0.02943527949049321371 0.00000000099999999997 0.04940481063774522508 0.00000000099999999997 0.00000000099999999997 0.00000000099999999997 0.00000000099999999997 0.90070782842278929170 
0.00000000099999999991 0.00000000099999999991 0.00000000099999999991 0.00000000099999999991 0.00000000099999999991 0.00000000099999999991 0.00000000099999999991 0.00000000099999999991 0.00000000099999999991 0.00000000099999999991 0.00000000099999999991 0.00000000099999999991 0.99999998800000000632 
0.00000000099999999993 0.00000000099999999993 0.00000000099999999993 0.00000000099999999993 0.00000000099999999993 0.00000000099999999993 0.00000000099999999993 0.00000000099999999993 0.00000000099999999993 0.00000000099999999993 0.00000000099999999993 0.00000000099999999993 0.99999998800000000632 
0.00673556664106086684 0.00000000099999999995 0.00000000099999999995 0.01235801329316543740 0.00000000099999999995 0.00000000099999999995 0.00000000099999999995 0.00000000099999999995 0.00000000099999999995 0.00000000099999999995 0.00000000099999999995 0.00000000099999999995 0.98090641006577361516 
0.00000000099999999988 0.00000000099999999988 0.00000000099999999988 0.00000000099999999988 0.00000000099999999988 0.00000000099999999988 0.00000000099999999988 0.00000000099999999988 0.00000000099999999988 0.00000000099999999988 0.00000000099999999988 0.99999998800000000632 0.00000000099999999988 
0.00000000099999999993 0.00000000099999999993 0.00000000099999999993 0.00000000099999999993 0.00000000099999999993 0.00000000099999999993 0.00000000099999999993 0.00000000099999999993 0.00000000099999999993 0.00000000099999999993 0.00000000099999999993 0.99999998800000000632 0.00000000099999999993 
0.00430433214617011346 0.00000000099999999994 0.00000000099999999994 0.00000000099999999994 0.00000000099999999994 0.00000000099999999994 0.00000000099999999994 0.00000000099999999994 0.00000000099999999994 0.00000000099999999994 0.00000000099999999994 0.99569565685382988018 0.00000000099999999994 
0.00000000099999999994 0.00000000099999999994 0.00000000099999999994 0.00000000099999999994 0.00000000099999999994 0.00000000099999999994 0.00000040043071017053 0.00000000099999999994 0.00000000099999999994 0.00000000099999999994 0.00000000099999999994 0.99999958856928983231 0.00000000099999999994 
0.00000000099999999993 0.00000000099999999993 0.00000000099999999993 0.00000000099999999993 0.00000000099999999993 0.00000000099999999993 0.00000000099999999993 0.00000000099999999993 0.00000000099999999993 0.00000000099999999993 0.00000000099999999993 0.99999998799999989529 0.00000000099999999993 
0.00000000099999999993 0.00000000099999999993 0.00000000099999999993 0.00000000099999999993 0.00000000099999999993 0.00000000099999999993 0.00000000099999999993 0.00000000099999999993 0.00000000099999999993 0.00000000099999999993 0.00000000099999999993 0.99999998799999989529 0.00000000099999999993 
0.00000000099999999991 0.00000000099999999991 0.00000000099999999991 0.00000000099999999991 0.00000000099999999991 0.00000000099999999991 0.00000000099999999991 0.00000000099999999991 0.00000000099999999991 0.00000000099999999991 0.00000000099999999991 0.99999998799999989529 0.00000000099999999991 
0.00198593586263402355 0.00000000099999999995 0.00000000099999999995 0.00000000099999999995 0.00000000099999999995 0.00000000099999999995 0.00000000099999999995 0.00000000099999999995 0.01805771932695681564 0.00000000099999999995 0.00000000099999999995 0.97995633481040911317 0.00000000099999999995 
0.00000000099999999992 0.00000000099999999992 0.00000000099999999992 0.00000000099999999992 0.11002740186750076257 0.00000000099999999992 0.00000000099999999992 0.00000000099999999992 0.00000000099999999992 0.00000000099999999992 0.00000000099999999992 0.88997258713249915996 0.00000000099999999992 
0.00000000099999999989 0.00000000099999999989 0.00000000099999999989 0.00000000099999999989 0.00000000099999999989 0.00000000099999999989 0.00000000099999999989 0.00000000099999999989 0.00000000099999999989 0.00000000099999999989 0.00000000099999999989 0.99999998800000000632 0.00000000099999999989 
0.00066597709673882322 0.00000000099999999996 0.00000000099999999996 0.00000000099999999996 0.05720207407702581487 0.01280224915802906024 0.00000443734749603127 0.00000000099999999996 0.00000000099999999996 0.00000000099999999996 0.00000000099999999996 0.92932525432071033666 0.00000000099999999996 
0.00000000099999999996 0.00000000099999999996 0.00000000099999999996 0.00000000099999999996 0.13443654662926604604 0.00000000099999999996 0.00000000099999999996 0.00000000099999999996 0.00000000099999999996 0.00590379904939025441 0.00000000099999999996 0.85965964432134367446 0.00000000099999999996 
0.00000000099999999994 0.00000000099999999994 0.00000000099999999994 0.00000000099999999994 0.00000000099999999994 0.00000000099999999994 0.00000000099999999994 0.00000000099999999994 0.00000000099999999994 0.00000000099999999994 0.00000000099999999994 0.99999998799999989529 0.00000000099999999994 
0.01507625615728758195 0.00000000099999999997 0.01888537624587630082 0.00000000099999999997 0.16896074797153878833 0.00000000099999999997 0.00000000099999999997 0.00000000099999999997 0.00000000099999999997 0.00000000099999999997 0.00000000099999999997 0.79707761062529736140 0.00000000099999999997 
0.00000000099999999994 0.00000000099999999994 0.00000000099999999994 0.00000000099999999994 0.00006110859882509196 0.00000000099999999994 0.00000000099999999994 0.00000000099999999994 0.00000000099999999994 0.00000000099999999994 0.00000000099999999994 0.99993888040117484550 0.00000000099999999994 
0.00000000099999999991 0.00000000099999999991 0.00000000099999999991 0.00000000099999999991 0.00000000099999999991 0.00000000099999999991 0.00000000099999999991 0.00000000099999999991 0.00000000099999999991 0.00000000099999999991 0.00000000099999999991 0.99999998800000000632 0.00000000099999999991 
0.00000000099999999994 0.00000000099999999994 0.00000000099999999994 0.00000000099999999994 0.53833817012318696538 0.00000000099999999994 0.00000000099999999994 0.00000000099999999994 0.00000000099999999994 0.46166181887681301266 0.00000000099999999994 0.00000000099999999994 0.00000000099999999994 
0.00000000099999999988 0.00000000099999999988 0.00000000099999999988 0.00000000099999999988 0.39974557331158683260 0.00000000099999999988 0.00000000099999999988 0.00000000099999999988 0.00000000099999999988 0.60025441568841308992 0.00000000099999999988 0.00000000099999999988 0.00000000099999999988 
0.00000000099999999994 0.00000000099999999994 0.00000000099999999994 0.02242666368453690232 0.43172906949618883310 0.00000000099999999994 0.00000000099999999994 0.00000000099999999994 0.00000000099999999994 0.54584425681927417617 0.00000000099999999994 0.00000000099999999994 0.00000000099999999994 
0.00000000099999999995 0.00000000099999999995 0.00000000099999999995 0.00241964556619242693 0.52221085682850709730 0.00000000099999999995 0.00356154552459499564 0.00000000099999999995 0.00000000099999999995 0.45494887298874198134 0.01685907109196360665 0.00000000099999999995 0.00000000099999999995 
0.00000000099999999993 0.00000000099999999993 0.00000000099999999993 0.00508805377213837791 0.49251793039278618513 0.03964165975378779877 0.00000000099999999993 0.00000000099999999993 0.00000000099999999993 0.46275234708128776262 0.00000000099999999993 0.00000000099999999993 0.00000000099999999993 
0.00000000447574490891 0.00000000099999999997 0.00000000099999999997 0.00000041481546391415 0.51355417805851899526 0.00000000099999999997 0.00835716549298316617 0.00000000099999999997 0.00000000099999999997 0.47808822915728915737 0.00000000099999999997 0.00000000099999999997 0.00000000099999999997 
0.00000000099999999988 0.00000000099999999988 0.00000000099999999988 0.00000000099999999988 0.40084949544972559021 0.00000000099999999988 0.00000000099999999988 0.00000000099999999988 0.00000000099999999988 0.59915049355027438782 0.00000000099999999988 0.00000000099999999988 0.00000000099999999988 
0.00000000099999999997 0.00000000099999999997 0.00000216634460670133 0.03343632037157999448 0.51641487067661517862 0.00000000099999999997 0.00000000099999999997 0.00000000099999999997 0.00195025727162983229 0.44819637733556844106 0.00000000099999999997 0.00000000099999999997 0.00000000099999999997 
0.00000000099999999994 0.00000000099999999994 0.00000000099999999994 0.00000000099999999994 0.60012447116518419232 0.00000000099999999994 0.01342717491273625642 0.00000000099999999994 0.00000000099999999994 0.38644834392207966234 0.00000000099999999994 0.00000000099999999994 0.00000000099999999994 
0.00000000099999999996 0.00000000099999999996 0.00000000099999999996 0.00953918613280045624 0.45235575997822341510 0.00000000099999999996 0.00531064094965480894 0.00000000099999999996 0.00000000099999999996 0.52125732692211523833 0.01153707801720614892 0.00000000099999999996 0.00000000099999999996 
0.00000000099999999983 0.00000000099999999983 0.00000000099999999983 0.00000000099999999983 0.99999998800000011734 0.00000000099999999983 0.00000000099999999983 0.00000000099999999983 0.00000000099999999983 0.00000000099999999983 0.00000000099999999983 0.00000000099999999983 0.00000000099999999983 
0.00000000099999999996 0.00000000099999999996 0.00000000099999999996 0.03823120842113447715 0.46362671962633650313 0.03204076912109835723 0.00000000099999999996 0.00000000099999999996 0.00000000099999999996 0.46602502097355985589 0.00000000099999999996 0.00007627385787095814 0.00000000099999999996 
0.00000000099999999992 0.00000000099999999992 0.00000000099999999992 0.00000000099999999992 0.50907516753962656075 0.00000000099999999992 0.00000000099999999992 0.00000000099999999992 0.00000000099999999992 0.49092482146037347279 0.00000000099999999992 0.00000000099999999992 0.00000000099999999992 
0.00946712153622373404 0.00000000099999999996 0.00000000099999999996 0.00847612834631762679 0.47345895319777780985 0.00000000099999999996 0.00000000099999999996 0.00000000099999999996 0.00000000099999999996 0.50859778791968079936 0.00000000099999999996 0.00000000099999999996 0.00000000099999999996 
0.00159520191582219247 0.00000000099999999996 0.00000000099999999996 0.01841888195369961734 0.46898573949825911322 0.00297760446207406045 0.01178067550048258506 0.00000000099999999996 0.00000000099999999996 0.49624188966966237269 0.00000000099999999996 0.00000000099999999996 0.00000000099999999996 
0.00184801783418814215 0.00000000099999999995 0.00000000099999999995 0.00000000099999999995 0.51661258043725388767 0.00000000099999999995 0.00000533044906616509 0.00000000099999999995 0.00000000099999999995 0.48153406004882720604 0.00000000323066480907 0.00000000099999999995 0.00000000099999999995 
0.00000000099999999995 0.00000000099999999995 0.00000000099999999995 0.01151320636446679681 0.56229144749660353586 0.00000000099999999995 0.00000000099999999995 0.00000000099999999995 0.00000000099999999995 0.42619533613892968127 0.00000000099999999995 0.00000000099999999995 0.00000000099999999995 
0.00000000099999999997 0.09135404550477668750 0.00000000099999999997 0.02376932568837186038 0.80976817806808309985 0.00000000099999999997 0.00000000099999999997 0.00000000099999999997 0.00000000099999999997 0.02136055400761170675 0.00000000099999999997 0.00000000099999999997 0.05374788873115697585 
0.00000000099999999999 0.00000000099999999999 0.07540333965592510568 0.00000000099999999999 0.04754461118476822901 0.33542641983371285219 0.01003962325835683865 0.31990972856668786761 0.00000000099999999999 0.01113645682774423024 0.09042505604667959440 0.02876401573733352798 0.08135074488879177890 
0.00000000099999999997 0.00000000099999999997 0.10062616309617355981 0.00000000099999999997 0.12485199569709909406 0.34708010739189171234 0.00000033615272085819 0.33512078431442565707 0.00000000099999999997 0.00000000099999999997 0.09232060634768915475 0.00000000099999999997 0.00000000099999999997 
0.00000000099999999997 0.00000000099999999997 0.11217495828491134968 0.00146331001359664334 0.03869723066202163803 0.35488114220658478759 0.03866746403263265214 0.35938547619682897905 0.00000000099999999997 0.00000000099999999997 0.09473041260342406067 0.00000000099999999997 0.00000000099999999997 
0.00000000099999999998 0.00000000099999999998 0.12357409549814138416 0.02141276465990517991 0.00000000099999999998 0.33905462184362222811 0.06846194051740163433 0.31850374699901656816 0.00000000099999999998 0.00000000099999999998 0.09975855443118800125 0.02923427005072483376 0.00000000099999999998 
0.00000000099999999998 0.00000000099999999998 0.13042824829217111726 0.00000000099999999998 0.01761160253276479112 0.29644581502442890475 0.01302011571555669080 0.35862306878198885185 0.00000000099999999998 0.00000000099999999998 0.10292280411539186935 0.08094833953769801915 0.00000000099999999998 
0.00000000099999999999 0.00000000099999999999 0.15949866439553314623 0.00683940258921782868 0.01623490554132619654 0.33981168821347246256 0.00000000099999999999 0.32246903233787915788 0.00000000099999999999 0.02997403445019855214 0.12517226647237281179 0.00000000099999999999 0.00000000099999999999 
0.00612526250476470597 0.00000000099999999998 0.09321068687590579327 0.03579294584306355609 0.04464166534899318556 0.34411629856859776710 0.00460976125279381581 0.31368672782392242881 0.00000000099999999998 0.00000000099999999998 0.08060604174705383873 0.03293957051388802376 0.04427103652101703479 
0.00732864256215114227 0.00935162853504381553 0.13199686624153478265 0.00000000099999999999 0.04828790049444953852 0.32849404628555040064 0.05300211356342426211 0.26988811184506528162 0.00000000099999999999 0.01595084564756305348 0.13569984082521782676 0.00000000099999999999 0.00000000099999999999 
0.00000000099999999998 0.00000000099999999998 0.13087188907604715982 0.00000000099999999998 0.00000000099999999998 0.32559705426547774776 0.05252452414516115692 0.30876973659157547214 0.00000000099999999998 0.00000000099999999998 0.12008249461191583540 0.06215429430982267328 0.00000000099999999998 
0.01816178699060418469 0.00000000099999999999 0.09727350207890092526 0.00000000099999999999 0.05212638212754383549 0.35124713760371772953 0.00000000099999999999 0.36486948261351476175 0.00000000099999999999 0.00000000099999999999 0.09617483154040372406 0.02000908434100737501 0.00013778770430733031 
0.00000000099999999996 0.00671792370720968902 0.00000000099999999996 0.00000000099999999996 0.75320664438935935880 0.00000000099999999996 0.00026052159844918582 0.00000000099999999996 0.00000000099999999996 0.23978834974939369773 0.00002655255558809714 0.00000000099999999996 0.00000000099999999996 
0.00000000099999999996 0.02620002565798856820 0.00000000099999999996 0.00807734920574410854 0.81568565959502070672 0.00000000099999999996 0.03265959737672805702 0.00000000099999999996 0.00000000099999999996 0.08520893776593042868 0.03216842339858819871 0.00000000099999999996 0.00000000099999999996 
0.00000000099999999994 0.00000000099999999994 0.00000000099999999994 0.00000000099999999994 0.81317203194402298827 0.00000000099999999994 0.03560878789712115799 0.00000000099999999994 0.00000000099999999994 0.15121917015885594227 0.00000000099999999994 0.00000000099999999994 0.00000000099999999994 
0.00326724595362497868 0.00000000099999999995 0.00000000099999999995 0.00000000099999999995 0.81547160028012866118 0.00000000099999999995 0.05432664070642477527 0.00000000099999999995 0.00000000099999999995 0.12693450405982176221 0.00000000099999999995 0.00000000099999999995 0.00000000099999999995 
0.00000000099999999998 0.01287413311784595289 0.00000000099999999998 0.06568583491044191480 0.76673665581914685063 0.00969647400576526507 0.06714154021207548173 0.00000000099999999998 0.00000000099999999998 0.07628906478612165754 0.00157629114860285708 0.00000000099999999998 0.00000000099999999998 
0.00000000099999999997 0.00000000099999999997 0.00000000099999999997 0.00000000099999999997 0.77113121666784667507 0.00277642712651433692 0.05385745138466878357 0.00000000099999999997 0.00182400788881862883 0.14886152837923030678 0.02154899720828018159 0.00000036534464104144 0.00000000099999999997 
0.00000000099999999993 0.00000000099999999993 0.00000000099999999993 0.00000000099999999993 0.83653441363603986414 0.00000000099999999993 0.00000000099999999993 0.00000000099999999993 0.00000000099999999993 0.16346557536396033594 0.00000000099999999993 0.00000000099999999993 0.00000000099999999993 
0.00000000099999999997 0.00000000099999999997 0.00000000099999999997 0.01874915844920113997 0.77231435200644515948 0.00774349597488276781 0.00705119094512321031 0.00000000099999999997 0.00534035066057361989 0.16135297690873373622 0.02744844546716801101 0.00000002458787238904 0.00000000099999999997 
0.00000000099999999996 0.00000000099999999996 0.00000000099999999996 0.00484614794881724383 0.95739427317789949079 0.00000000099999999996 0.03775956887328350137 0.00000000099999999996 0.00000000099999999996 0.00000000099999999996 0.00000000099999999996 0.00000000099999999996 0.00000000099999999996 
0.00000000099999999995 0.00000000099999999995 0.00000000099999999995 0.00000000099999999995 0.80360662214523814750 0.01826909708367815272 0.03544476640972638037 0.00000000099999999995 0.00000000099999999995 0.14267950536135759476 0.00000000099999999995 0.00000000099999999995 0.00000000099999999995 
0.00109393468914181866 0.02505653889881940405 0.06214127624442792458 0.02237579851215409574 0.04767380042950039587 0.02577160598638291930 0.05724587180938344594 0.00000000099999999998 0.00000000099999999998 0.10526398290319215201 0.02299460694944768097 0.01917381693603343457 0.61120876464151663310 
0.01061849194506031026 0.00000000099999999997 0.00000000099999999997 0.00000000099999999997 0.00000000099999999997 0.01029679944461058504 0.00000000099999999997 0.00000000099999999997 0.00000000099999999997 0.13871982093694551486 0.00000000099999999997 0.10330048768895339073 0.73706439198443018945 
0.03965199365370151302 0.00000000099999999999 0.05408670803789125681 0.00245714954579407839 0.03346466945020495909 0.02762071762868811148 0.02352417500205392087 0.00000000099999999999 0.00000000099999999999 0.12897715306358750742 0.01144578248759403442 0.25590563212614891864 0.42286601600433576520 
0.00000000331922246838 0.07019653221702243373 0.00000000099999999999 0.00000000099999999999 0.00343163921235366482 0.00000000099999999999 0.01509161814158421072 0.00000000099999999999 0.01662463885605039438 0.06757782233261602767 0.00000000099999999999 0.13103814823541037882 0.69603959268574033814 
0.00000000099999999997 0.00000002042062880548 0.02147227696488033730 0.00000000099999999997 0.37362317811087469854 0.04354106455275696952 0.36395868209364118373 0.00000000099999999997 0.00000000099999999997 0.19740457918173343055 0.00000000099999999997 0.00000019267548470529 0.00000000099999999997 
0.00000000099999999998 0.01498237593848571539 0.01106474288558125657 0.00000000099999999998 0.45209036873457225658 0.00000000099999999998 0.32810633735868893757 0.00000000099999999998 0.00000000099999999998 0.19366364853799883372 0.00000000099999999998 0.00009251954467300822 0.00000000099999999998 
0.00000000099999999997 0.02429283369443974161 0.00918132895714897368 0.00000000099999999997 0.46543075808295469864 0.00000000099999999997 0.28477673439091205632 0.00000000099999999997 0.00000000099999999997 0.16775284949436686244 0.00000000099999999997 0.04856548838017774039 0.00000000099999999997 
0.00286139849033891728 0.05100890819996484193 0.02529762521957373833 0.01769985592532014387 0.40756677576300087695 0.00000000126771999107 0.29652501157924071595 0.00000000099999999998 0.00000000099999999998 0.12215105866146615254 0.00000000099999999998 0.07688936089337466973 0.00000000099999999998 
0.00000000099999999997 0.04596336683596127792 0.00000000099999999997 0.00792004833496106307 0.41221203313899279497 0.00385535840652671954 0.39723010004663428241 0.00000000099999999997 0.00000000099999999997 0.13240445736921355180 0.00000000099999999997 0.00041462986771030770 0.00000000099999999997 
0.00000000099999999998 0.04173960219196393151 0.04068825010867736097 0.00000000099999999998 0.42996505363428194624 0.00048049341956733505 0.26836225983488193325 0.00000000099999999998 0.00000000099999999998 0.11098641927827762599 0.00000000099999999998 0.10777791553235008259 0.00000000099999999998 
0.00000000099999999979 0.99999998800000033938 0.00000000099999999979 0.00000000099999999979 0.00000000099999999979 0.00000000099999999979 0.00000000099999999979 0.00000000099999999979 0.00000000099999999979 0.00000000099999999979 0.00000000099999999979 0.00000000099999999979 0.00000000099999999979 
0.02686148150419765193 0.00000035541811291959 0.00000000099999999998 0.00000000099999999998 0.35096045004951387236 0.00991169701830319112 0.00000000099999999998 0.00000000099999999998 0.00000000099999999998 0.19697295843260242965 0.00000000099999999998 0.41529305057726983996 0.00000000099999999998 
0.00000000099999999998 0.01257492108141237269 0.00000000099999999998 0.04771389140925250821 0.27109739349720163304 0.00000000099999999998 0.00039791072520021749 0.00000000099999999998 0.00000000099999999998 0.19170493415632108847 0.00000000099999999998 0.35457358918469672471 0.12193735394591538601 
0.00925479615777068457 0.04600462734824254524 0.03279391871827841420 0.04629247061951481668 0.30203859275586908417 0.00000000099999999998 0.00000006480163926664 0.00000000099999999998 0.00000000099999999998 0.11273516635384184248 0.00000000099999999998 0.45088035824484323788 0.00000000099999999998 
0.00000000099999999998 0.05411473331345890286 0.01504326629201891731 0.02560374284230140449 0.32570198595757654525 0.00000000099999999998 0.00000000099999999998 0.00000000099999999998 0.00335935242092942621 0.11795796593449317524 0.03554776569265766240 0.42267118254656377285 0.00000000099999999998 
0.00000000099999999998 0.02217620010630580452 0.00000000099999999998 0.02075506477956397949 0.12385094435044177730 0.00000002431728884407 0.07966304079201733113 0.00000000099999999998 0.00595848650594781037 0.17485676379599607300 0.00000000099999999998 0.44377498469417953064 0.12896448665825888114 
0.00711929158379209087 0.02292206760421527587 0.00000000099999999999 0.00000000099999999999 0.23048124615021750583 0.00000000099999999999 0.08268996217560352358 0.00000000099999999999 0.00512651852891246942 0.10683047466976546003 0.01458673649703325255 0.53024369779046032214 0.00000000099999999999 
0.00000000099999999998 0.01026489793386749401 0.00000000099999999998 0.01859413045801130288 0.22388990690870164135 0.00000000099999999998 0.07907440064926658796 0.00000000099999999998 0.02041494665721190621 0.14838443182948315990 0.00000000099999999998 0.46444963418538964817 0.03492764637806827777 
0.00000000099999999998 0.02347050886339966530 0.05018908863677766508 0.04998679748712328563 0.17149375083365714367 0.02259905809567640950 0.08165031523979920935 0.00000000099999999998 0.00000000099999999998 0.12930655246052871754 0.00000000099999999998 0.40309416182171015075 0.06820976256132785243 
0.00000000099999999998 0.00654462525010508778 0.06530209674719278379 0.03299909466776412836 0.30183259982277332867 0.00000000099999999998 0.02250751848785988857 0.00000000099999999998 0.00000000099999999998 0.13498558323226178546 0.00106120678646951026 0.38601450612539767171 0.04875276488017576265 
0.00000000099999999998 0.00929373159040441585 0.00000000099999999998 0.00000000099999999998 0.26173459742312127352 0.00000000099999999998 0.06992989291572027089 0.00000000099999999998 0.00353088606965646593 0.15786741478522775539 0.00000000099999999998 0.45822085410109852921 0.03942261711477108160 
0.01095705711977652819 0.00572014192454822420 0.01749538062165831992 0.08462822369384119525 0.23331960709860075087 0.00000000099999999999 0.04960570128500209341 0.00000000099999999999 0.01178466422312373675 0.16649672491078743031 0.00458021691949728714 0.35034459801806677737 0.06506768218509761947 
0.00000000099999999999 0.03458439682395970938 0.00000000099999999999 0.05146718803769345651 0.24784648284335161761 0.02069784409065991704 0.04576540932304604126 0.00000000099999999999 0.00229029892773629238 0.12027320640753919045 0.00000000099999999999 0.44439405690819716588 0.03268111263781663112 
0.00000000099999999998 0.03401035444785915907 0.02505676807832782002 0.02777065913597084879 0.32983462123304363445 0.03030728915346260835 0.03524287154939392819 0.00000000099999999998 0.00000000099999999998 0.11004056128451053520 0.00000000099999999998 0.40773687011743142694 0.00000000099999999998 
0.00000000099999999997 0.04727097734093407139 0.03029263953802996054 0.00000000099999999997 0.00000000099999999997 0.00000000099999999997 0.08409544105946324677 0.00000000099999999997 0.00000000099999999997 0.11105991860282961314 0.00000000099999999997 0.57671197607126389872 0.15056904038747931374 
0.00000000099999999998 0.02846645354084845897 0.03778986880197345022 0.01892791561848873247 0.39046534455182679846 0.00001338119280707485 0.04850655435444197611 0.00000000099999999998 0.00000000099999999998 0.07930023023174126440 0.00000000099999999998 0.34933394039113635499 0.04719630731673594981 
0.04680523667286214107 0.00000000099999999993 0.00000000099999999993 0.00000000593316149511 0.58727428574503526271 0.32312618481300697804 0.02658335519153013499 0.00000000099999999993 0.00000000099999999993 0.00000000099999999993 0.01621092464440389985 0.00000000099999999993 0.00000000099999999993 
0.00000000099999999972 0.00000000099999999972 0.00000000099999999972 0.00000000099999999972 0.00000000099999999972 0.99999998800000011734 0.00000000099999999972 0.00000000099999999972 0.00000000099999999972 0.00000000099999999972 0.00000000099999999972 0.00000000099999999972 0.00000000099999999972 
0.00000000099999999969 0.00000000099999999969 0.00000000099999999969 0.00000000099999999969 0.00000000099999999969 0.99999998800000011734 0.00000000099999999969 0.00000000099999999969 0.00000000099999999969 0.00000000099999999969 0.00000000099999999969 0.00000000099999999969 0.00000000099999999969 
0.00000000099999999983 0.00000000099999999983 0.00000000099999999983 0.00000000099999999983 0.00000000099999999983 0.99999998800000022836 0.00000000099999999983 0.00000000099999999983 0.00000000099999999983 0.00000000099999999983 0.00000000099999999983 0.00000000099999999983 0.00000000099999999983 
0.00000000099999999972 0.00000000099999999972 0.00000000099999999972 0.00000000099999999972 0.00000000099999999972 0.99999998800000011734 0.00000000099999999972 0.00000000099999999972 0.00000000099999999972 0.00000000099999999972 0.00000000099999999972 0.00000000099999999972 0.00000000099999999972 
0.00000000099999999970 0.00000000099999999970 0.00000000099999999970 0.00000000099999999970 0.00000000099999999970 0.99999998800000022836 0.00000000099999999970 0.00000000099999999970 0.00000000099999999970 0.00000000099999999970 0.00000000099999999970 0.00000000099999999970 0.00000000099999999970 
0.00000000099999999984 0.00000000099999999984 0.00000000099999999984 0.00000000099999999984 0.00000000099999999984 0.99999998800000022836 0.00000000099999999984 0.00000000099999999984 0.00000000099999999984 0.00000000099999999984 0.00000000099999999984 0.00000000099999999984 0.00000000099999999984 
0.00000000099999999973 0.00000000099999999973 0.00000000099999999973 0.00000000099999999973 0.00000000099999999973 0.99999998800000022836 0.00000000099999999973 0.00000000099999999973 0.00000000099999999973 0.00000000099999999973 0.00000000099999999973 0.00000000099999999973 0.00000000099999999973 
0.02164762930580284989 0.00000000099999999991 0.00000000099999999991 0.00000000099999999991 0.17252075613679038191 0.80583160455740687755 0.00000000099999999991 0.00000000099999999991 0.00000000099999999991 0.00000000099999999991 0.00000000099999999991 0.00000000099999999991 0.00000000099999999991 
0.00000000099999999981 0.00000000099999999981 0.00000000099999999981 0.00000000099999999981 0.00000000099999999981 0.99999998800000011734 0.00000000099999999981 0.00000000099999999981 0.00000000099999999981 0.00000000099999999981 0.00000000099999999981 0.00000000099999999981 0.00000000099999999981 
0.00000000099999999998 0.00000000099999999998 0.00000000099999999998 0.03658030889068012576 0.64807044932096402601 0.00000000099999999998 0.04551979881018216462 0.00000000099999999998 0.01786015874941777534 0.23675406504412938036 0.01521508005351904051 0.00000013313110754350 0.00000000099999999998 
0.00000000099999999995 0.00000000099999999995 0.00000000099999999995 0.03028933011427753161 0.64425560294899386626 0.00000000099999999995 0.07718218093709131034 0.00000000099999999995 0.00454305068409274152 0.24372982731554468372 0.00000000099999999995 0.00000000099999999995 0.00000000099999999995 
0.00000000099999999998 0.00000000099999999998 0.00000000099999999998 0.00000000099999999998 0.77193240201937785017 0.08700632337625985313 0.07216240314672738021 0.00000000099999999998 0.00257266977866267002 0.00000000099999999998 0.00000000099999999998 0.06564110975847128882 0.00068508492050123923 
0.00000000099999999994 0.00000000099999999994 0.00000000099999999994 0.00000000099999999994 0.83322862227829075366 0.14562051699451639131 0.02115085072719297132 0.00000000099999999994 0.00000000099999999994 0.00000000099999999994 0.00000000099999999994 0.00000000099999999994 0.00000000099999999994 
0.00000000099999999998 0.00000000099999999998 0.00000000099999999998 0.02328930641198834542 0.78942993953917872663 0.11966853480583598823 0.02218278598824274458 0.00000000099999999998 0.00000000099999999998 0.00000000099999999998 0.04450048013461540414 0.00092894612013876975 0.00000000099999999998 
0.00000000099999999994 0.00000000099999999994 0.00000000099999999994 0.00000000099999999994 0.81651425275094369205 0.11708917819920415526 0.03782794543134895132 0.00000000099999999994 0.00000000099999999994 0.00000000099999999994 0.02856861461850337611 0.00000000099999999994 0.00000000099999999994 
0.00000000099999999993 0.00000000099999999993 0.00000000099999999993 0.00000000099999999993 0.92745946254035627199 0.02325903440892545040 0.02975152381676517480 0.00000000099999999993 0.00000000099999999993 0.00000000099999999993 0.01952997023395334347 0.00000000099999999993 0.00000000099999999993 
0.00000000099999999993 0.00000000099999999993 0.00000000099999999993 0.00000000099999999993 0.82955136039925081448 0.10132945604389693994 0.04303411840517305798 0.00000000099999999993 0.00000000099999999993 0.00000000099999999993 0.02608505615167915764 0.00000000099999999993 0.00000000099999999993 
0.00000000099999999997 0.00000000099999999997 0.00000000099999999997 0.00000000099999999997 0.93318778062959573116 0.01545273636169704722 0.04939227062640888510 0.00000000099999999997 0.00000022417805606163 0.00000000099999999997 0.00196698020424227208 0.00000000099999999997 0.00000000099999999997 
0.00000000099999999993 0.00000000099999999993 0.00000000099999999993 0.00000000099999999993 0.88752263920011020826 0.06494627177114536964 0.04753107902874454532 0.00000000099999999993 0.00000000099999999993 0.00000000099999999993 0.00000000099999999993 0.00000000099999999993 0.00000000099999999993 
0.00000000099999999991 0.00000000099999999991 0.00000000099999999991 0.00000000099999999991 0.87438979311381814785 0.09653424821354675278 0.00000000099999999991 0.00000000099999999991 0.00000000099999999991 0.00000000099999999991 0.02907594867263531627 0.00000000099999999991 0.00000000099999999991 
0.00000000099999999992 0.00000000099999999992 0.00000000099999999992 0.00000000099999999992 0.90224740740236930581 0.09775258159763072774 0.00000000099999999992 0.00000000099999999992 0.00000000099999999992 0.00000000099999999992 0.00000000099999999992 0.00000000099999999992 0.00000000099999999992 
0.00000000099999999993 0.00000000099999999993 0.00000000099999999993 0.00000000099999999993 0.91934133930339900775 0.04030026456564171633 0.00000000099999999993 0.00000000099999999993 0.00000000099999999993 0.00000000099999999993 0.04035838613095937139 0.00000000099999999993 0.00000000099999999993 
0.00000000099999999994 0.00000000099999999994 0.00000000099999999994 0.00519014126343854496 0.86622619275797763105 0.05767355587243850473 0.04133281315125703070 0.00000000099999999994 0.00000000099999999994 0.00000000099999999994 0.02957728895488836302 0.00000000099999999994 0.00000000099999999994 
0.00000000099999999993 0.00000000099999999993 0.00000000099999999993 0.00000000099999999993 0.90994433952209907712 0.09005564860340085909 0.00000000099999999993 0.00000000099999999993 0.00000000099999999993 0.00000000099999999993 0.00000000187450029877 0.00000000099999999993 0.00000000099999999993 
0.00000000099999999996 0.00000000099999999996 0.00000000099999999996 0.02032939079062075216 0.82846521922182658759 0.09245156736257122143 0.02499130763345094874 0.00000000099999999996 0.00000000099999999996 0.00000000099999999996 0.03376250699153061224 0.00000000099999999996 0.00000000099999999996 
0.00774974257916614777 0.00000000099999999993 0.00000000099999999993 0.00000000099999999993 0.87905414174669083138 0.05259566045658842920 0.04627945136619382449 0.00000000099999999993 0.00000000099999999993 0.00000000099999999993 0.01432099585136074188 0.00000000099999999993 0.00000000099999999993 
0.00000000099999999993 0.00000000099999999993 0.00000000099999999993 0.00000000099999999993 0.95291324455097603519 0.04708674444902422734 0.00000000099999999993 0.00000000099999999993 0.00000000099999999993 0.00000000099999999993 0.00000000099999999993 0.00000000099999999993 0.00000000099999999993 
0.00000000099999999995 0.00000000099999999995 0.00000000099999999995 0.00728344666278174947 0.93678530062905029929 0.05593124270816814819 0.00000000099999999995 0.00000000099999999995 0.00000000099999999995 0.00000000099999999995 0.00000000099999999995 0.00000000099999999995 0.00000000099999999995 
0.00000000099999999991 0.00000000099999999991 0.00000000099999999991 0.00000000099999999991 0.96966299845130576873 0.03033699054869437237 0.00000000099999999991 0.00000000099999999991 0.00000000099999999991 0.00000000099999999991 0.00000000099999999991 0.00000000099999999991 0.00000000099999999991 
0.00000000099999999994 0.00000000099999999994 0.00000000099999999994 0.00000000099999999994 0.84369354866363310830 0.14872185247039157452 0.00357891921586538705 0.00000000099999999994 0.00000000099999999994 0.00000000099999999994 0.00400567065010991926 0.00000000099999999994 0.00000000099999999994 
0.00000000099999999991 0.00000000099999999991 0.00000000099999999991 0.00000000099999999991 0.96890210441229074334 0.03109788458770929367 0.00000000099999999991 0.00000000099999999991 0.00000000099999999991 0.00000000099999999991 0.00000000099999999991 0.00000000099999999991 0.00000000099999999991 
0.00000000099999999995 0.00000000099999999995 0.00000000099999999995 0.00000000099999999995 0.95760111645333279018 0.04239675775146827669 0.00000000099999999995 0.00000000099999999995 0.00000000099999999995 0.00000211579519901004 0.00000000099999999995 0.00000000099999999995 0.00000000099999999995 
0.00655965260341571498 0.00000000099999999998 0.00000000099999999998 0.00000000099999999998 0.88998082476443496347 0.06517098136940539799 0.00006905911420705933 0.00000000099999999998 0.00000000099999999998 0.00000000099999999998 0.03821947414853686664 0.00000000099999999998 0.00000000099999999998 
0.00000000099999999983 0.99999998800000033938 0.00000000099999999983 0.00000000099999999983 0.00000000099999999983 0.00000000099999999983 0.00000000099999999983 0.00000000099999999983 0.00000000099999999983 0.00000000099999999983 0.00000000099999999983 0.00000000099999999983 0.00000000099999999983 
0.00000000099999999982 0.99999998800000033938 0.00000000099999999982 0.00000000099999999982 0.00000000099999999982 0.00000000099999999982 0.00000000099999999982 0.00000000099999999982 0.00000000099999999982 0.00000000099999999982 0.00000000099999999982 0.00000000099999999982 0.00000000099999999982 
0.00000000099999999992 0.00000000099999999992 0.00000000099999999992 0.00000000099999999992 0.00000000099999999992 0.58321191329011379256 0.00000000099999999992 0.00000000099999999992 0.00000000099999999992 0.00000000099999999992 0.00000000099999999992 0.00000000099999999992 0.41678807570988635200 
0.00000000099999999992 0.00000000099999999992 0.00000000099999999992 0.00000000099999999992 0.00000000099999999992 0.67340721346140475223 0.00000000099999999992 0.00000000099999999992 0.00000000099999999992 0.00000000099999999992 0.00000000099999999992 0.00000000099999999992 0.32659277553859544785 
0.00000000099999999992 0.00000000099999999992 0.00000000099999999992 0.00000000099999999992 0.00000000099999999992 0.59126637611836607711 0.00000000099999999992 0.00000000099999999992 0.00000000099999999992 0.00000000099999999992 0.00000000099999999992 0.00000000099999999992 0.40873361288163417848 
0.00000000099999999998 0.00000000099999999998 0.00000000099999999998 0.00414214143245253408 0.27201065004941904490 0.71503885935155697684 0.00000000099999999998 0.00000000099999999998 0.00000000099999999998 0.00000000099999999998 0.00000272062646629564 0.00880562054010516210 0.00000000099999999998 
