0.00000000099999999994 0.00000000099999999994 0.00000000099999999994 0.00000000099999999994 0.00000000099999999994 0.00000000099999999994 0.00000000099999999994 0.00000000099999999994 0.00000000099999999994 0.00000000099999999994 0.99999998500000009116 0.00000000099999999994 0.00000000099999999994 0.00000000099999999994 0.00000000099999999994 0.00000000099999999994 
0.00000000099999999986 0.00000000099999999986 0.00000000099999999986 0.00000000099999999986 0.00000000099999999986 0.00000000099999999986 0.00000000099999999986 0.00000000099999999986 0.00000000099999999986 0.00000000099999999986 0.99999998499999998014 0.00000000099999999986 0.00000000099999999986 0.00000000099999999986 0.00000000099999999986 0.00000000099999999986 
0.00000000099999999991 0.00000000099999999991 0.00000000099999999991 0.00000000099999999991 0.00000000099999999991 0.00000000099999999991 0.00000000099999999991 0.00000000099999999991 0.00000000099999999991 0.00000000099999999991 0.99999998500000009116 0.00000000099999999991 0.00000000099999999991 0.00000000099999999991 0.00000000099999999991 0.00000000099999999991 
0.00000000099999999985 0.00000000099999999985 0.00000000099999999985 0.00000000099999999985 0.00000000099999999985 0.00000000099999999985 0.00000000099999999985 0.00000000099999999985 0.00000000099999999985 0.00000000099999999985 0.99999998499999998014 0.00000000099999999985 0.00000000099999999985 0.00000000099999999985 0.00000000099999999985 0.00000000099999999985 
0.00000000099999999990 0.00000000099999999990 0.00000000099999999990 0.00000000099999999990 0.00000000099999999990 0.00000000099999999990 0.00000000099999999990 0.00000000099999999990 0.00000000099999999990 0.00000000099999999990 0.99999998499999998014 0.00000000099999999990 0.00000000099999999990 0.00000000099999999990 0.00000000099999999990 0.00000000099999999990 
0.00000000099999999997 0.00000000099999999997 0.00000000099999999997 0.00000000099999999997 0.00000000099999999997 0.00000000099999999997 0.00000000099999999997 0.03840926679971844171 0.00000000099999999997 0.00074424698138696394 0.96084647321889471439 0.00000000099999999997 0.00000000099999999997 0.00000000099999999997 0.00000000099999999997 0.00000000099999999997 
0.00000000099999999993 0.00000000099999999993 0.00000000099999999993 0.00000000099999999993 0.00000000099999999993 0.00000000099999999993 0.00000000099999999993 0.00000000099999999993 0.00000000099999999993 0.00000000099999999993 0.99999998500000009116 0.00000000099999999993 0.00000000099999999993 0.00000000099999999993 0.00000000099999999993 0.00000000099999999993 
0.00000000099999999997 0.02692860494443427566 0.00000000099999999997 0.00000000099999999997 0.00000000099999999997 0.00000000099999999997 0.00000000099999999997 0.01487774501332173906 0.06476510815713533431 0.00000000099999999997 0.86064709467473388127 0.00000000099999999997 0.03278143621037484662 0.00000000099999999997 0.00000000099999999997 0.00000000099999999997 
0.00000000099999999992 0.00000000099999999992 0.00000000099999999992 0.00000000099999999992 0.00000000099999999992 0.00000000099999999992 0.00000000099999999992 0.00000000099999999992 0.00000000099999999992 0.00000000099999999992 0.99999998500000009116 0.00000000099999999992 0.00000000099999999992 0.00000000099999999992 0.00000000099999999992 0.00000000099999999992 
0.00000000099999999997 0.01337491755086979428 0.00000000099999999997 0.00000000099999999997 0.00000000099999999997 0.00000000099999999997 0.00000000099999999997 0.02449337738437579182 0.04865333215729378963 0.00000000099999999997 0.91347836090746070692 0.00000000099999999997 0.00000000099999999997 0.00000000099999999997 0.00000000099999999997 0.00000000099999999997 
0.00000000099999999989 0.00000000099999999989 0.00000000099999999989 0.00000000099999999989 0.00000000099999999989 0.00000000099999999989 0.00000000099999999989 0.00000000099999999989 0.00000000099999999989 0.00000000099999999989 0.99999998499999998014 0.00000000099999999989 0.00000000099999999989 0.00000000099999999989 0.00000000099999999989 0.00000000099999999989 
0.00000000099999999991 0.00000000099999999991 0.00000000099999999991 0.00000000099999999991 0.00000000099999999991 0.00000000099999999991 0.00000000099999999991 0.00000000099999999991 0.00000000099999999991 0.00000000099999999991 0.99999998499999998014 0.00000000099999999991 0.00000000099999999991 0.00000000099999999991 0.00000000099999999991 0.00000000099999999991 
0.01040607888443791790 0.00121810666557417959 0.00000000099999999994 0.00000000099999999994 0.00000000099999999994 0.00000000099999999994 0.00000000099999999994 0.00000000099999999994 0.00000000099999999994 0.00000000099999999994 0.98837580144998804510 0.00000000099999999994 0.00000000099999999994 0.00000000099999999994 0.00000000099999999994 0.00000000099999999994 
0.00000000099999999985 0.00000000099999999985 0.99999998500000031321 0.00000000099999999985 0.00000000099999999985 0.00000000099999999985 0.00000000099999999985 0.00000000099999999985 0.00000000099999999985 0.00000000099999999985 0.00000000099999999985 0.00000000099999999985 0.00000000099999999985 0.00000000099999999985 0.00000000099999999985 0.00000000099999999985 
0.00000000099999999991 0.00000000099999999991 0.99999998500000031321 0.00000000099999999991 0.00000000099999999991 0.00000000099999999991 0.00000000099999999991 0.00000000099999999991 0.00000000099999999991 0.00000000099999999991 0.00000000099999999991 0.00000000099999999991 0.00000000099999999991 0.00000000099999999991 0.00000000099999999991 0.00000000099999999991 
0.00000000099999999993 0.00194328445644239710 0.99215796849205584174 0.00000000099999999993 0.00000000099999999993 0.00000000099999999993 0.00000000099999999993 0.00000000099999999993 0.00000000099999999993 0.00000000099999999993 0.00000000099999999993 0.00589873405150211864 0.00000000099999999993 0.00000000099999999993 0.00000000099999999993 0.00000000099999999993 
0.00000000099999999992 0.00000000099999999992 0.99999998500000020218 0.00000000099999999992 0.00000000099999999992 0.00000000099999999992 0.00000000099999999992 0.00000000099999999992 0.00000000099999999992 0.00000000099999999992 0.00000000099999999992 0.00000000099999999992 0.00000000099999999992 0.00000000099999999992 0.00000000099999999992 0.00000000099999999992 
0.00000000099999999991 0.00000000099999999991 0.99999998500000020218 0.00000000099999999991 0.00000000099999999991 0.00000000099999999991 0.00000000099999999991 0.00000000099999999991 0.00000000099999999991 0.00000000099999999991 0.00000000099999999991 0.00000000099999999991 0.00000000099999999991 0.00000000099999999991 0.00000000099999999991 0.00000000099999999991 
0.00000000099999999991 0.00000000099999999991 0.99999998500000020218 0.00000000099999999991 0.00000000099999999991 0.00000000099999999991 0.00000000099999999991 0.00000000099999999991 0.00000000099999999991 0.00000000099999999991 0.00000000099999999991 0.00000000099999999991 0.00000000099999999991 0.00000000099999999991 0.00000000099999999991 0.00000000099999999991 
0.00000000099999999988 0.00000000099999999988 0.99999998500000020218 0.00000000099999999988 0.00000000099999999988 0.00000000099999999988 0.00000000099999999988 0.00000000099999999988 0.00000000099999999988 0.00000000099999999988 0.00000000099999999988 0.00000000099999999988 0.00000000099999999988 0.00000000099999999988 0.00000000099999999988 0.00000000099999999988 
0.00000000099999999994 0.00010720522493826852 0.98126772096352410379 0.00000000099999999994 0.00000000099999999994 0.00000000099999999994 0.01862253401273658224 0.00000000099999999994 0.00000000099999999994 0.00000000099999999994 0.00000000099999999994 0.00000252779880134968 0.00000000099999999994 0.00000000099999999994 0.00000000099999999994 0.00000000099999999994 
0.00000000099999999991 0.00000000099999999991 0.88955580323666361142 0.00000000099999999991 0.00000000099999999991 0.00000000099999999991 0.00000000099999999991 0.00000000099999999991 0.00000000099999999991 0.00000000099999999991 0.00000000099999999991 0.00000000099999999991 0.00000000099999999991 0.00000000099999999991 0.11044418276333670126 0.00000000099999999991 
0.00000000099999999987 0.00000000099999999987 0.99999998500000031321 0.00000000099999999987 0.00000000099999999987 0.00000000099999999987 0.00000000099999999987 0.00000000099999999987 0.00000000099999999987 0.00000000099999999987 0.00000000099999999987 0.00000000099999999987 0.00000000099999999987 0.00000000099999999987 0.00000000099999999987 0.00000000099999999987 
0.00000000099999999996 0.00140864533628671986 0.91787223991267219425 0.00000000099999999996 0.00000007484695018131 0.00000000099999999996 0.00000000099999999996 0.00034573948786628987 0.00000000099999999996 0.00000000099999999996 0.00000000099999999996 0.00000000099999999996 0.00000000099999999996 0.00000000099999999996 0.08037328941622470801 0.00000000099999999996 
0.00000000099999999995 0.00000000099999999995 0.86067545173135573400 0.00000000413328318501 0.00000000099999999995 0.00000000099999999995 0.00000000099999999995 0.00000000099999999995 0.00000000099999999995 0.00000000099999999995 0.00000000099999999995 0.00369732457647727226 0.00000000099999999995 0.00000000099999999995 0.13562720755888402202 0.00000000099999999995 
0.00000000099999999993 0.00000000099999999993 0.99999998500000020218 0.00000000099999999993 0.00000000099999999993 0.00000000099999999993 0.00000000099999999993 0.00000000099999999993 0.00000000099999999993 0.00000000099999999993 0.00000000099999999993 0.00000000099999999993 0.00000000099999999993 0.00000000099999999993 0.00000000099999999993 0.00000000099999999993 
0.00000000099999999996 0.01538214248493346807 0.81021979402763011358 0.00000000099999999996 0.00000000099999999996 0.00000000099999999996 0.00000000099999999996 0.00000000099999999996 0.00000000099999999996 0.00000000099999999996 0.00000000099999999996 0.04075246404692391827 0.00000000099999999996 0.00000000099999999996 0.12325207805175764086 0.01039351038875517205 
0.00000000099999999992 0.00000000099999999992 0.98677465997907143347 0.00000000099999999992 0.00000000099999999992 0.00000000099999999992 0.00000000099999999992 0.00000000099999999992 0.00000000099999999992 0.00000000099999999992 0.00000000099999999992 0.00000000099999999992 0.00000000099999999992 0.00000000099999999992 0.01322532602092883064 0.00000000099999999992 
0.00000000099999999989 0.00000000099999999989 0.99999998500000031321 0.00000000099999999989 0.00000000099999999989 0.00000000099999999989 0.00000000099999999989 0.00000000099999999989 0.00000000099999999989 0.00000000099999999989 0.00000000099999999989 0.00000000099999999989 0.00000000099999999989 0.00000000099999999989 0.00000000099999999989 0.00000000099999999989 
0.00000000099999999993 0.00000000099999999993 0.00000000099999999993 0.95814881991525879812 0.00000000099999999993 0.00000000099999999993 0.00000000099999999993 0.00000000099999999993 0.00000000099999999993 0.00000000099999999993 0.00000000099999999993 0.02016620190737990551 0.00000000099999999993 0.00000000099999999993 0.02168496517736159465 0.00000000099999999993 
0.00000000099999999977 0.00000000099999999977 0.00000000099999999977 0.99999998500000020218 0.00000000099999999977 0.00000000099999999977 0.00000000099999999977 0.00000000099999999977 0.00000000099999999977 0.00000000099999999977 0.00000000099999999977 0.00000000099999999977 0.00000000099999999977 0.00000000099999999977 0.00000000099999999977 0.00000000099999999977 
0.00000000099999999992 0.00000000099999999992 0.00000000099999999992 0.99999951963052180481 0.00000000099999999992 0.00000000099999999992 0.00000000099999999992 0.00000000099999999992 0.00000000099999999992 0.00000000099999999992 0.00000000099999999992 0.00000000099999999992 0.00000000099999999992 0.00000046636947841339 0.00000000099999999992 0.00000000099999999992 
0.00000000099999999994 0.00000000099999999994 0.00000000099999999994 0.93621325705325597610 0.00000000099999999994 0.00000000099999999994 0.00000000099999999994 0.00000000099999999994 0.00000000099999999994 0.00000000795149041994 0.00000000099999999994 0.00000000099999999994 0.00000000099999999994 0.00000000099999999994 0.06378672199525386999 0.00000000099999999994 
0.00000000099999999991 0.00000000099999999991 0.00000000099999999991 0.97785428737772872587 0.00000000099999999991 0.00000000099999999991 0.00000000099999999991 0.02214569862227147579 0.00000000099999999991 0.00000000099999999991 0.00000000099999999991 0.00000000099999999991 0.00000000099999999991 0.00000000099999999991 0.00000000099999999991 0.00000000099999999991 
0.00000000099999999993 0.00000000099999999993 0.00000000099999999993 0.99999998500000031321 0.00000000099999999993 0.00000000099999999993 0.00000000099999999993 0.00000000099999999993 0.00000000099999999993 0.00000000099999999993 0.00000000099999999993 0.00000000099999999993 0.00000000099999999993 0.00000000099999999993 0.00000000099999999993 0.00000000099999999993 
0.00000000099999999977 0.00000000099999999977 0.00000000099999999977 0.99999998500000020218 0.00000000099999999977 0.00000000099999999977 0.00000000099999999977 0.00000000099999999977 0.00000000099999999977 0.00000000099999999977 0.00000000099999999977 0.00000000099999999977 0.00000000099999999977 0.00000000099999999977 0.00000000099999999977 0.00000000099999999977 
0.00000000099999999994 0.00000000099999999994 0.00000000099999999994 0.88847321408333801429 0.00000000099999999994 0.00000000099999999994 0.00000000099999999994 0.00000000099999999994 0.00000000099999999994 0.00000000099999999994 0.00000000099999999994 0.11152677191666222900 0.00000000099999999994 0.00000000099999999994 0.00000000099999999994 0.00000000099999999994 
0.00000000099999999994 0.00000000099999999994 0.00575242654342919199 0.61200728053139807905 0.00000000099999999994 0.00000000099999999994 0.00000000099999999994 0.00000000099999999994 0.00000000099999999994 0.00000000099999999994 0.00000000099999999994 0.04607878748956045767 0.00000000099999999994 0.08380475759288896764 0.25235673684272336148 0.00000000099999999994 
0.00000000099999999993 0.00000000099999999993 0.00000000099999999993 0.99999955246953087240 0.00000000099999999993 0.00000000099999999993 0.00000000099999999993 0.00000000099999999993 0.00000000099999999993 0.00000000099999999993 0.00000000099999999993 0.00000043353046941050 0.00000000099999999993 0.00000000099999999993 0.00000000099999999993 0.00000000099999999993 
0.00000000099999999981 0.00000000099999999981 0.00000000099999999981 0.00000000099999999981 0.00000000099999999981 0.00000000099999999981 0.00000000099999999981 0.00000000099999999981 0.00000000099999999981 0.00000000099999999981 0.00000000099999999981 0.03995325224879549969 0.00000000099999999981 0.00000000099999999981 0.96004673375120452850 0.00000000099999999981 
0.00000000099999999996 0.00000000099999999996 0.06745094156144974817 0.82902547930016301514 0.00000000099999999996 0.00000000099999999996 0.00000000099999999996 0.02018269911293933683 0.00000000099999999996 0.00000000099999999996 0.00000000099999999996 0.07520400944130037346 0.00000000099999999996 0.00643388031532387324 0.00170298026882373279 0.00000000099999999996 
0.00000000099999999989 0.00000000099999999989 0.00000000099999999989 0.99999998500000020218 0.00000000099999999989 0.00000000099999999989 0.00000000099999999989 0.00000000099999999989 0.00000000099999999989 0.00000000099999999989 0.00000000099999999989 0.00000000099999999989 0.00000000099999999989 0.00000000099999999989 0.00000000099999999989 0.00000000099999999989 
0.00000000099999999992 0.00000010993069953535 0.00000000099999999992 0.99999987606930063055 0.00000000099999999992 0.00000000099999999992 0.00000000099999999992 0.00000000099999999992 0.00000000099999999992 0.00000000099999999992 0.00000000099999999992 0.00000000099999999992 0.00000000099999999992 0.00000000099999999992 0.00000000099999999992 0.00000000099999999992 
0.00000000099999999992 0.00000000099999999992 0.00000000099999999992 0.99999998500000031321 0.00000000099999999992 0.00000000099999999992 0.00000000099999999992 0.00000000099999999992 0.00000000099999999992 0.00000000099999999992 0.00000000099999999992 0.00000000099999999992 0.00000000099999999992 0.00000000099999999992 0.00000000099999999992 0.00000000099999999992 
0.00000000099999999992 0.00000000099999999992 0.00000000099999999992 0.99999998500000020218 0.00000000099999999992 0.00000000099999999992 0.00000000099999999992 0.00000000099999999992 0.00000000099999999992 0.00000000099999999992 0.00000000099999999992 0.00000000099999999992 0.00000000099999999992 0.00000000099999999992 0.00000000099999999992 0.00000000099999999992 
0.00000000099999999993 0.00000000099999999993 0.00000000099999999993 0.95766642743921237546 0.00000000099999999993 0.00000000099999999993 0.00000000099999999993 0.00000000099999999993 0.00000000099999999993 0.00000000099999999993 0.00000000099999999993 0.02053143859482843558 0.00000000099999999993 0.00000000099999999993 0.02180212096595959131 0.00000000099999999993 
0.00734162769502289588 0.00000000099999999997 0.00000000099999999997 0.00480935767352277683 0.00000000099999999997 0.00000000099999999997 0.00000000099999999997 0.00000000099999999997 0.00000000099999999997 0.00000000099999999997 0.03909566641564451994 0.11581403627276501411 0.08991075018195611446 0.03057869837318561920 0.71244984408183575919 0.00000001130606726756 
0.00000000099999999992 0.00000000099999999992 0.00000000099999999992 0.00000000099999999992 0.00000000099999999992 0.94781296939185299966 0.00000000099999999992 0.05218701660814718118 0.00000000099999999992 0.00000000099999999992 0.00000000099999999992 0.00000000099999999992 0.00000000099999999992 0.00000000099999999992 0.00000000099999999992 0.00000000099999999992 
0.00000000099999999966 0.00000000099999999966 0.00000000099999999966 0.00000000099999999966 0.00000000099999999966 0.99999998500000020218 0.00000000099999999966 0.00000000099999999966 0.00000000099999999966 0.00000000099999999966 0.00000000099999999966 0.00000000099999999966 0.00000000099999999966 0.00000000099999999966 0.00000000099999999966 0.00000000099999999966 
0.00000000099999999956 0.00000000099999999956 0.00000000099999999956 0.00000000099999999956 0.00000000099999999956 0.99999998500000031321 0.00000000099999999956 0.00000000099999999956 0.00000000099999999956 0.00000000099999999956 0.00000000099999999956 0.00000000099999999956 0.00000000099999999956 0.00000000099999999956 0.00000000099999999956 0.00000000099999999956 
0.00000000099999999970 0.00000000099999999970 0.00000000099999999970 0.00000000099999999970 0.00000000099999999970 0.99999998500000020218 0.00000000099999999970 0.00000000099999999970 0.00000000099999999970 0.00000000099999999970 0.00000000099999999970 0.00000000099999999970 0.00000000099999999970 0.00000000099999999970 0.00000000099999999970 0.00000000099999999970 
0.00000000099999999977 0.00000000099999999977 0.00000000099999999977 0.00000000099999999977 0.00000000099999999977 0.99999998500000020218 0.00000000099999999977 0.00000000099999999977 0.00000000099999999977 0.00000000099999999977 0.00000000099999999977 0.00000000099999999977 0.00000000099999999977 0.00000000099999999977 0.00000000099999999977 0.00000000099999999977 
0.00000000099999999977 0.00000000099999999977 0.00000000099999999977 0.00000000099999999977 0.00000000099999999977 0.99999998500000020218 0.00000000099999999977 0.00000000099999999977 0.00000000099999999977 0.00000000099999999977 0.00000000099999999977 0.00000000099999999977 0.00000000099999999977 0.00000000099999999977 0.00000000099999999977 0.00000000099999999977 
0.00000000099999999987 0.00000000099999999987 0.00000000099999999987 0.00000000099999999987 0.00000000099999999987 0.99999998500000031321 0.00000000099999999987 0.00000000099999999987 0.00000000099999999987 0.00000000099999999987 0.00000000099999999987 0.00000000099999999987 0.00000000099999999987 0.00000000099999999987 0.00000000099999999987 0.00000000099999999987 
0.00000000099999999991 0.00000000099999999991 0.00000000099999999991 0.00000000099999999991 0.00000000099999999991 0.95922297137576151282 0.00000000099999999991 0.04077701462423868189 0.00000000099999999991 0.00000000099999999991 0.00000000099999999991 0.00000000099999999991 0.00000000099999999991 0.00000000099999999991 0.00000000099999999991 0.00000000099999999991 
0.00000000099999999980 0.00000000099999999980 0.00000000099999999980 0.00000000099999999980 0.00000000099999999980 0.99999998500000031321 0.00000000099999999980 0.00000000099999999980 0.00000000099999999980 0.00000000099999999980 0.00000000099999999980 0.00000000099999999980 0.00000000099999999980 0.00000000099999999980 0.00000000099999999980 0.00000000099999999980 
0.00000000099999999984 0.00000000099999999984 0.00000000099999999984 0.00000000099999999984 0.00000000099999999984 0.99999998500000020218 0.00000000099999999984 0.00000000099999999984 0.00000000099999999984 0.00000000099999999984 0.00000000099999999984 0.00000000099999999984 0.00000000099999999984 0.00000000099999999984 0.00000000099999999984 0.00000000099999999984 
0.00000000099999999994 0.00000000099999999994 0.00000000099999999994 0.58942392066027970987 0.00000000099999999994 0.00000000099999999994 0.00000000099999999994 0.00000000099999999994 0.00000000099999999994 0.00000000099999999994 0.00000000099999999994 0.00000000099999999994 0.01348453418217170248 0.00000000099999999994 0.39709153215754866562 0.00000000099999999994 
0.00000000099999999993 0.00000000099999999993 0.00000000099999999993 0.42111447848158500840 0.00453116209470993351 0.00000000099999999993 0.00000000099999999993 0.00000000099999999993 0.00000000099999999993 0.00939777124657660209 0.00000000099999999993 0.03779950170520395697 0.00000001494017014602 0.00000000099999999993 0.52715706153175401205 0.00000000099999999993 
0.00000000099999999989 0.00000000099999999989 0.00000000099999999989 0.52006571487534647424 0.00000000099999999989 0.00000000099999999989 0.00000000099999999989 0.00000000099999999989 0.00000000099999999989 0.00000000099999999989 0.00000000099999999989 0.00000000099999999989 0.00000000099999999989 0.00000000099999999989 0.47993427112465375517 0.00000000099999999989 
0.00000000099999999990 0.00000000099999999990 0.00000000099999999990 0.53927180715750100415 0.00000000099999999990 0.00000000099999999990 0.00000000099999999990 0.00000000099999999990 0.00000000099999999990 0.00000000099999999990 0.00000000099999999990 0.00000000099999999990 0.00000000099999999990 0.00000000099999999990 0.46072817884249928078 0.00000000099999999990 
0.04605861061462315775 0.00000000099999999995 0.00000000099999999995 0.38199354524856310444 0.01750012828524649330 0.00000000099999999995 0.00000000099999999995 0.00000009393380189022 0.00000000099999999995 0.00014871909071502589 0.00000000099999999995 0.00000000099999999995 0.00000000514199164119 0.00000000099999999995 0.55429888868505849953 0.00000000099999999995 
0.00000000099999999995 0.00000000099999999995 0.00000000099999999995 0.48137667902618941351 0.00199624118803755574 0.00000000099999999995 0.00000000099999999995 0.00000739918357449097 0.00000000099999999995 0.01733318397041325870 0.00000000099999999995 0.03982746580039379924 0.00000000099999999995 0.00000000099999999995 0.45945902083139128491 0.00000000099999999995 
0.00000000099999999989 0.00000000099999999989 0.00000000099999999989 0.54614484569557197879 0.00000000099999999989 0.00000000099999999989 0.00000000099999999989 0.00000000099999999989 0.00000000099999999989 0.00000000099999999989 0.00000000099999999989 0.00000000099999999989 0.00000000099999999989 0.00000000099999999989 0.45385514030442819511 0.00000000099999999989 
0.00000000099999999995 0.00000000099999999995 0.00000000099999999995 0.53352049879939644761 0.00000000099999999995 0.00000000099999999995 0.00000000099999999995 0.01470702789672617868 0.00000000099999999995 0.01155122872597407445 0.00000000099999999995 0.02639177748732282960 0.00000000099999999995 0.00000000099999999995 0.41382945609058069403 0.00000000099999999995 
0.00000000099999999991 0.00000000099999999991 0.00000000099999999991 0.19789033340531292371 0.00000000099999999991 0.00000000099999999991 0.00000000099999999991 0.00000000099999999991 0.00000000099999999991 0.00000000099999999991 0.00000000099999999991 0.00000000099999999991 0.00000000099999999991 0.00000000099999999991 0.80210965259468702815 0.00000000099999999991 
0.00000000099999999993 0.00000000099999999993 0.00000000099999999993 0.45867480730849419235 0.00000010577912663102 0.00000000099999999993 0.00000000099999999993 0.00270173109459226693 0.00000000099999999993 0.00000000099999999993 0.00000000099999999993 0.00000000099999999993 0.00000000099999999993 0.00000000099999999993 0.53862334381778653736 0.00000000099999999993 
0.02000386938349809143 0.00211288487800790530 0.00051949047351683680 0.00268295428347608417 0.05789567053254282558 0.00000000099999999998 0.00000000099999999998 0.01712513025771383868 0.00000000099999999998 0.02360491306758873836 0.61676912553205298639 0.00000000099999999998 0.01701489801339024777 0.13010846188614227925 0.06284614913472216791 0.04931644855734799299 
0.00000000099999999995 0.00296946958976599881 0.07508021402345124717 0.10209363400824392198 0.00000000099999999995 0.00000000099999999995 0.00000000099999999995 0.00000000099999999995 0.00000000099999999995 0.00000000099999999995 0.76526625206984133509 0.00000000099999999995 0.00000000099999999995 0.05459041930869744375 0.00000000099999999995 0.00000000099999999995 
0.00000000198866503323 0.03867174762385513359 0.23489476155465680018 0.04129884530547789367 0.02491448970876527710 0.00000000099999999998 0.00000000099999999998 0.02617809253949732531 0.00000000099999999998 0.00743044741398506039 0.38719513255370019422 0.01850954091321388786 0.00000000099999999998 0.14556887203810675580 0.01240107545727637053 0.06293698890280022273 
0.00000000099999999999 0.00000000099999999999 0.11957581005211549707 0.00000000130978255774 0.01319587467734821377 0.00000000099999999999 0.01700749308246752092 0.00000000099999999999 0.00000000099999999999 0.00000000099999999999 0.66537009942704017362 0.00480471750209074747 0.06457795791625597914 0.11546792377887543646 0.00000011525402382879 0.00000000099999999999 
0.00000000099999999997 0.00000000099999999997 0.00000277598804285067 0.22793589230692498648 0.34526752642049768349 0.00000000099999999997 0.00000000099999999997 0.04014236174283540570 0.00000000099999999997 0.00000000099999999997 0.00000000099999999997 0.09430893109622814907 0.00000000099999999997 0.08495426762826095712 0.19349801780687744812 0.01389021901033268142 
0.00000000099999999998 0.00000000099999999998 0.00169761291331033191 0.25646106267151963509 0.29354081513003216219 0.00000000099999999998 0.00000000099999999998 0.00000000099999999998 0.00000000099999999998 0.00000000099999999998 0.00000000099999999998 0.10708241804016145615 0.02097248781973568357 0.06893480596391451942 0.25131078683978425037 0.00000000262154214122 
0.00000000099999999996 0.00000000099999999996 0.03739270572349949473 0.16168557952070428119 0.25796342038373842875 0.00000000099999999996 0.00000000099999999996 0.00000000099999999996 0.00000000099999999996 0.00000000099999999996 0.00000000099999999996 0.13656759603162765826 0.01147128136759319531 0.09751523605740941569 0.29740417191542722897 0.00000000099999999996 
0.01064927892357637670 0.00006709971372110174 0.06385268605924587781 0.11856066552649117962 0.29132623920045980226 0.00000000099999999997 0.00000000099999999997 0.00000000099999999997 0.00000000099999999997 0.00000000099999999997 0.00000000099999999997 0.05360906298687453941 0.04911914046090996855 0.07618540554471600612 0.31349310880222724940 0.02313730678177769798 
0.00018372912504812343 0.00000000099999999996 0.00002282635029124712 0.12654560814594578710 0.37845246802686283161 0.00000000099999999996 0.00000000099999999996 0.00597151510677546363 0.00000000099999999996 0.00000000099999999996 0.00000000099999999996 0.08973993136451183239 0.04480291439865884823 0.07287049455149839650 0.28141050593040761729 0.00000000099999999996 
0.00000000099999999997 0.00000000099999999997 0.10547673647242060413 0.19301870900682055465 0.24829848630746378935 0.00000000099999999997 0.00000000099999999997 0.00230805770899593582 0.00000000099999999997 0.00000000099999999997 0.00000000099999999997 0.07641308108376061725 0.04529780340916276377 0.01177316994957001116 0.27806319551453040351 0.03935075354727546326 
0.00000000099999999975 0.00000000099999999975 0.00000000099999999975 0.00000000099999999975 0.00000000099999999975 0.00000000099999999975 0.00000000099999999975 0.00000000099999999975 0.00000000099999999975 0.00000000099999999975 0.00000000099999999975 0.00000000099999999975 0.99999998499999998014 0.00000000099999999975 0.00000000099999999975 0.00000000099999999975 
0.00000000099999999998 0.02655620747850479316 0.39223022994709993982 0.14385824322796553210 0.00000000099999999998 0.00000000099999999998 0.00000000099999999998 0.00835413678959263939 0.00000000099999999998 0.00000000099999999998 0.00000000099999999998 0.01551597595176452266 0.00000000099999999998 0.14365316707150763142 0.26983203053356524803 0.00000000099999999998 
0.03106912678801205391 0.00000000099999999997 0.34544664724466045413 0.13364436922637826233 0.00000001481720866533 0.00000000099999999997 0.00000000099999999997 0.00000000099999999997 0.00000000099999999997 0.00000000099999999997 0.10242641805859384330 0.06374712649506800166 0.00194803811965127459 0.15876290130115500165 0.16295535094927249276 0.00000000099999999997 
0.02391301633606924756 0.01031274808714523726 0.41553298752332995525 0.05471874454247683400 0.00000000099999999997 0.00000000099999999997 0.00000000099999999997 0.00000000099999999997 0.00000000099999999997 0.00000000099999999997 0.00000000099999999997 0.11227979579525294851 0.03312850973820288120 0.13155828745530226409 0.20350655060959102483 0.01504935291262966997 
0.01676234487699079095 0.00000000099999999998 0.39837570285319190422 0.06222603558912601779 0.00000000099999999998 0.00000000099999999998 0.00248772519385963590 0.00000000099999999998 0.00000000099999999998 0.03584794233418650555 0.00000000099999999998 0.13372811493189315502 0.04431855447664091036 0.11720914090490859583 0.18904341979853256372 0.00000101304066985393 
0.01184490218176035767 0.00000000099999999997 0.44204177302263891747 0.05753776641092039901 0.07962425833453230795 0.00000000099999999997 0.00757559974293846739 0.00000000099999999997 0.00000000099999999997 0.00000000099999999997 0.10063075058782079696 0.02839032388488442471 0.01513128179877756482 0.17333534633439368067 0.08388799170133330596 0.00000000099999999997 
0.00000000099999999999 0.00619570545923395135 0.53477499874669953694 0.13512931213135995212 0.07445868405890437858 0.00000000099999999999 0.00459682835876265052 0.00000000099999999999 0.00000000099999999999 0.00697475829969379426 0.00000000099999999999 0.08754661801209155658 0.02245688748558720069 0.03318593245813936110 0.09468026898952747183 0.00000000099999999999 
0.00391220379829956746 0.00000000099999999997 0.46923088776846821890 0.11907705546494819215 0.07556491257165799669 0.00000000099999999997 0.02079404881994510040 0.00000000099999999997 0.00000000099999999997 0.00000000099999999997 0.01770086682564624841 0.05500894590057478495 0.00813602010606663019 0.10382660226886433752 0.12674845047552912858 0.00000000099999999997 
0.03499228652538800138 0.00000000099999999998 0.39690383018014657734 0.08004203654629825360 0.08142472688025001459 0.00000000099999999998 0.00000000099999999998 0.00936482331561957863 0.00000000099999999998 0.00000000099999999998 0.06287582097529027803 0.04852403493808023216 0.01873901257599661432 0.10449923107548078627 0.11409141466269455412 0.04854277732475533597 
0.01535114387007680860 0.00000000099999999998 0.37184461197257895337 0.14949966616870905001 0.01676596805921164515 0.00000000099999999998 0.00000000099999999998 0.00000000099999999998 0.00000000099999999998 0.00166192777040840753 0.03874178969543100315 0.10101664337779019121 0.00384139052830041869 0.08393439330870275383 0.15125101412199290496 0.06609144612679811182 
0.00000000099999999997 0.00000000099999999997 0.45925021501503482391 0.11076481494393970728 0.06619508143771321573 0.00000000099999999997 0.00322363269172059978 0.00000000099999999997 0.00000000099999999997 0.00000000099999999997 0.01580050382744164691 0.00000000099999999997 0.00069083324234368122 0.12889419623937278803 0.21518071460243368143 0.00000000099999999997 
0.05043550066989074127 0.01133991516237210090 0.33511416767366808411 0.13957561587478603538 0.04989840357509248842 0.00000000099999999999 0.01284754265454426947 0.00000000099999999999 0.00000000099999999999 0.00667413687418154551 0.04318573331749931549 0.12635987690890274071 0.00000000099999999999 0.13924846853894179421 0.07744503768577321035 0.00787559706434791569 
0.03482857042081198562 0.00000000099999999998 0.44629747269528080578 0.06463956993543386320 0.04185969216578445257 0.00000000099999999998 0.00398117376730116723 0.01919929505646203807 0.00000000099999999998 0.00000000099999999998 0.01204073498725266415 0.09513379093099229300 0.03529753585584615577 0.09353087214028092677 0.15319128704455350909 0.00000000099999999998 
0.02175710793414688607 0.00000000099999999998 0.39902856724200930216 0.06565557476563498029 0.03024866725292921568 0.00000000099999999998 0.00000000099999999998 0.03220005962516336862 0.00000000099999999998 0.00000000099999999998 0.00000000099999999998 0.08800262119227107716 0.03079397509623296378 0.07697600895513725949 0.23231453650582442605 0.02302287543065067651 
0.00000000099999999996 0.00000000099999999996 0.56879641920586154757 0.00000000099999999996 0.08502658721570414968 0.00000000099999999996 0.00000000099999999996 0.00000000099999999996 0.00000000099999999996 0.00000000099999999996 0.10183400616162534280 0.00000000099999999996 0.03641043230123433561 0.17311024954321918568 0.00000000099999999996 0.03482229557235553413 
0.00962814327851409246 0.00000000099999999998 0.34396705370402363977 0.07736501790054310657 0.04519865008403015083 0.00000000099999999998 0.00000000099999999998 0.00014216361227556236 0.00000000099999999998 0.00000000099999999998 0.03881215886842880741 0.07425279107999570305 0.02727048935286097847 0.05130394813484997346 0.29504489212187345881 0.03701468686260436791 
0.00003625693357405748 0.04686023422701258295 0.00000000099999999993 0.00000000099999999993 0.03226960381412369988 0.00000000099999999993 0.00000000099999999993 0.31486920970984721979 0.00000000099999999993 0.01075518910215152515 0.00000000099999999993 0.03850593491025182391 0.00000000099999999993 0.00000000099999999993 0.55670356230303896794 0.00000000099999999993 
0.00000000099999999966 0.00000000099999999966 0.00000000099999999966 0.00000000099999999966 0.00000000099999999966 0.00000000099999999966 0.00000000099999999966 0.99999998500000009116 0.00000000099999999966 0.00000000099999999966 0.00000000099999999966 0.00000000099999999966 0.00000000099999999966 0.00000000099999999966 0.00000000099999999966 0.00000000099999999966 
0.00000000099999999962 0.00000000099999999962 0.00000000099999999962 0.00000000099999999962 0.00000000099999999962 0.00000000099999999962 0.00000000099999999962 0.99999998500000020218 0.00000000099999999962 0.00000000099999999962 0.00000000099999999962 0.00000000099999999962 0.00000000099999999962 0.00000000099999999962 0.00000000099999999962 0.00000000099999999962 
0.00000000099999999979 0.00000000099999999979 0.00000000099999999979 0.00000000099999999979 0.00000000099999999979 0.00000000099999999979 0.00000000099999999979 0.99999998500000020218 0.00000000099999999979 0.00000000099999999979 0.00000000099999999979 0.00000000099999999979 0.00000000099999999979 0.00000000099999999979 0.00000000099999999979 0.00000000099999999979 
0.00000000099999999967 0.00000000099999999967 0.00000000099999999967 0.00000000099999999967 0.00000000099999999967 0.00000000099999999967 0.00000000099999999967 0.99999998500000020218 0.00000000099999999967 0.00000000099999999967 0.00000000099999999967 0.00000000099999999967 0.00000000099999999967 0.00000000099999999967 0.00000000099999999967 0.00000000099999999967 
0.00000000099999999964 0.00000000099999999964 0.00000000099999999964 0.00000000099999999964 0.00000000099999999964 0.00000000099999999964 0.00000000099999999964 0.99999998500000020218 0.00000000099999999964 0.00000000099999999964 0.00000000099999999964 0.00000000099999999964 0.00000000099999999964 0.00000000099999999964 0.00000000099999999964 0.00000000099999999964 
0.00000000099999999982 0.00000000099999999982 0.00000000099999999982 0.00000000099999999982 0.00000000099999999982 0.00000000099999999982 0.00000000099999999982 0.99999998500000020218 0.00000000099999999982 0.00000000099999999982 0.00000000099999999982 0.00000000099999999982 0.00000000099999999982 0.00000000099999999982 0.00000000099999999982 0.00000000099999999982 
0.00000000099999999966 0.00000000099999999966 0.00000000099999999966 0.00000000099999999966 0.00000000099999999966 0.00000000099999999966 0.00000000099999999966 0.99999998500000009116 0.00000000099999999966 0.00000000099999999966 0.00000000099999999966 0.00000000099999999966 0.00000000099999999966 0.00000000099999999966 0.00000000099999999966 0.00000000099999999966 
0.00000000099999999991 0.02104780945218890503 0.00000000099999999991 0.00000000099999999991 0.00000000099999999991 0.00000000099999999991 0.00000000099999999991 0.79940255827124662158 0.00000000099999999991 0.00000000099999999991 0.00000000099999999991 0.01466327413720122999 0.00000000099999999991 0.00000000099999999991 0.16488634613936326012 0.00000000099999999991 
0.00000000099999999977 0.00000000099999999977 0.00000000099999999977 0.00000000099999999977 0.00000000099999999977 0.00000000099999999977 0.00000000099999999977 0.99999998500000020218 0.00000000099999999977 0.00000000099999999977 0.00000000099999999977 0.00000000099999999977 0.00000000099999999977 0.00000000099999999977 0.00000000099999999977 0.00000000099999999977 
0.00938789767845185814 0.00000000099999999997 0.00000000099999999997 0.56485853082686210413 0.01274250038080784742 0.00000000099999999997 0.01588250756485080906 0.00000000099999999997 0.00000000099999999997 0.01354259495756180223 0.00000000099999999997 0.04062279940225534125 0.00000000099999999997 0.00000000099999999997 0.34296316018921035873 0.00000000099999999997 
0.01697721393251720376 0.00000000099999999992 0.00000000099999999992 0.64277907557605495903 0.00906928542047544944 0.00000000099999999992 0.00456454020211590188 0.00000000099999999992 0.00000000099999999992 0.00000000099999999992 0.00000000099999999992 0.00000000099999999992 0.00000000099999999992 0.00000000099999999992 0.32660987386883660877 0.00000000099999999992 
0.00000000099999999998 0.00000000099999999998 0.07252104746325775675 0.00000000099999999998 0.07311917207234683302 0.00028697329994583731 0.00166998799907387371 0.06063835058519988219 0.00000000099999999998 0.00000690122489103194 0.00000000099999999998 0.00000000099999999998 0.00000000099999999998 0.00000000099999999998 0.79175755835528471849 0.00000000099999999998 
0.00000000099999999992 0.00000000099999999992 0.00000000099999999992 0.00000000099999999992 0.01449511077228689444 0.00000000099999999992 0.00000000099999999992 0.08960123363934459351 0.00000000099999999992 0.00000000099999999992 0.00000000099999999992 0.00000000099999999992 0.00000000099999999992 0.00000000099999999992 0.89590364258836852063 0.00000000099999999992 
0.03293872893413028746 0.00182601772226613393 0.02953891292685549910 0.00000000099999999997 0.01192564914850172998 0.00000000099999999997 0.00000000099999999997 0.07892437595235274328 0.00000000099999999997 0.04080203526978209289 0.00000000099999999997 0.00000000099999999997 0.00000000099999999997 0.00000000099999999997 0.80404427104611153609 0.00000000099999999997 
