0.00000000099999999995 0.00000000099999999995 0.00000000099999999995 0.00000000099999999995 0.00000000099999999995 0.00000000099999999995 0.00000000099999999995 0.00000000099999999995 0.00000000099999999995 0.99999998899999997803 0.00000000099999999995 0.00000000099999999995 
0.00000000099999999990 0.00000000099999999990 0.00000000099999999990 0.00000000099999999990 0.00000000099999999990 0.00000000099999999990 0.00000000099999999990 0.00000000099999999990 0.00000000099999999990 0.99999998900000008906 0.00000000099999999990 0.00000000099999999990 
0.00000000099999999994 0.00000000099999999994 0.00000000099999999994 0.00000000099999999994 0.00000000099999999994 0.00000000099999999994 0.00000000099999999994 0.00000000099999999994 0.00000000099999999994 0.99999998899999997803 0.00000000099999999994 0.00000000099999999994 
0.00000000099999999989 0.00000000099999999989 0.00000000099999999989 0.00000000099999999989 0.00000000099999999989 0.00000000099999999989 0.00000000099999999989 0.00000000099999999989 0.00000000099999999989 0.99999998900000008906 0.00000000099999999989 0.00000000099999999989 
0.00000000099999999994 0.00000000099999999994 0.00000000099999999994 0.00000000099999999994 0.00000000099999999994 0.00000000099999999994 0.00000000099999999994 0.00000000099999999994 0.00000000099999999994 0.99999998900000008906 0.00000000099999999994 0.00000000099999999994 
0.00000000099999999998 0.00000000099999999998 0.00000000099999999998 0.00000000099999999998 0.04328658811074265894 0.00000000099999999998 0.00000000099999999998 0.00000000099999999998 0.00008036727201627781 0.95663303561724111201 0.00000000099999999998 0.00000000099999999998 
0.00000000099999999995 0.00000000099999999995 0.00000000099999999995 0.00000000099999999995 0.00000000099999999995 0.00000000099999999995 0.00000000099999999995 0.00000000099999999995 0.00000000099999999995 0.99769134208949628029 0.00000000099999999995 0.00230864791050389888 
0.00000000099999999998 0.00000000099999999998 0.00078424944252935332 0.00000000099999999998 0.02079025298648206482 0.00000000099999999998 0.04576617477129619332 0.02891741248304714393 0.00000000099999999998 0.83301284129710584381 0.00000000099999999998 0.07072906301953957309 
0.00000000099999999994 0.00000000099999999994 0.00000000099999999994 0.00000000099999999994 0.00000000099999999994 0.00000000099999999994 0.00000000099999999994 0.00000000099999999994 0.00000000099999999994 0.99999998899999997803 0.00000000099999999994 0.00000000099999999994 
0.00000000099999999997 0.00000000099999999997 0.00000000099999999997 0.00000000099999999997 0.03149403873306225871 0.00000000099999999997 0.00000000099999999997 0.02729670835908799484 0.00000000099999999997 0.88883979844884508648 0.00000000099999999997 0.05236944645900468848 
0.00000000099999999991 0.00000000099999999991 0.00000000099999999991 0.00000000099999999991 0.00000000099999999991 0.00000000099999999991 0.00000000099999999991 0.00000000099999999991 0.00000000099999999991 0.99999998899999997803 0.00000000099999999991 0.00000000099999999991 
0.00000000099999999993 0.00000000099999999993 0.00000000099999999993 0.00000000099999999993 0.00000000099999999993 0.00000000099999999993 0.00000000099999999993 0.00000000099999999993 0.00000000099999999993 0.99999998899999997803 0.00000000099999999993 0.00000000099999999993 
0.00000000099999999995 0.00000000099999999995 0.00000000099999999995 0.00000000099999999995 0.00000000099999999995 0.01053226134129435325 0.00000000099999999995 0.00393063984488087326 0.00000000099999999995 0.98553708981382492915 0.00000000099999999995 0.00000000099999999995 
0.08496319556831702369 0.27395484730332891887 0.00000000099999999997 0.00000000099999999997 0.01981111307725857973 0.00276389766815525939 0.00000000099999999997 0.01838188355505495850 0.00000000099999999997 0.00000000099999999997 0.60012505682788519490 0.00000000099999999997 
0.12664682338080479607 0.28104247327910653054 0.00336906631351079761 0.00000000099999999997 0.00000000099999999997 0.00000000099999999997 0.00000000099999999997 0.01885006845157055980 0.05606929645832077480 0.00809624844193178143 0.50592601867475450739 0.00000000099999999997 
0.12855178901257968693 0.33876188094305292875 0.00000000099999999998 0.00000000099999999998 0.00000000099999999998 0.00849512453911625831 0.00000000099999999998 0.02693689981121311777 0.00026799979340503855 0.00000000099999999998 0.49698629990063264428 0.00000000099999999998 
0.19958122103716779971 0.28287133680671627811 0.00000000099999999999 0.00000000099999999999 0.00293305905371723510 0.03130442705804367676 0.00000000099999999999 0.03683174901202635604 0.00522378193108206934 0.04392487540171867433 0.39732954569952783075 0.00000000099999999999 
0.11723934640802791129 0.31366368576915792943 0.00000000099999999997 0.00000000099999999997 0.00000001182184424931 0.00000000099999999997 0.00000000099999999997 0.00063018546048658323 0.02226092948769897717 0.00878941303444420556 0.53741642301834002815 0.00000000099999999997 
0.11217265474634320610 0.30584208511201593783 0.00000000099999999998 0.00000000099999999998 0.00864340791647202379 0.00000000099999999998 0.00000000099999999998 0.02252815646622807061 0.02085756408940819470 0.04392321735226720203 0.48603290931726522706 0.00000000099999999998 
0.11884926744043798619 0.29960130317876643158 0.00000000099999999998 0.00000000099999999998 0.00000000099999999998 0.06793596852492966853 0.00000000099999999998 0.01127697145180562091 0.00000000099999999998 0.03466866542771167986 0.46766781797634837670 0.00000000099999999998 
0.10784802073039087555 0.30634019542332119324 0.00802206296565705426 0.01868341918921021319 0.00661822747207425725 0.00000000099999999998 0.00000000099999999998 0.02708349059512779600 0.00000000099999999998 0.06297400733381107452 0.46243057229040751555 0.00000000099999999998 
0.07909638839730623316 0.43445960863988225542 0.00609554172796338608 0.00000000099999999998 0.00000000099999999998 0.00818861056261661717 0.00000000099999999998 0.01689471823187751673 0.00000000099999999998 0.04690536356738148754 0.40835976387297251433 0.00000000099999999998 
0.08956902249055934129 0.32614506603346310465 0.00000000099999999997 0.00000000099999999997 0.03180420479151320479 0.02288397217037610107 0.00000000099999999997 0.00903030989177456070 0.02122366089384478474 0.00000000099999999997 0.49934375872846870070 0.00000000099999999997 
0.15033712746820460104 0.33240141640282544477 0.00000000099999999999 0.00406702901272421990 0.02312860291591530698 0.01680559094693591035 0.00000001655620893952 0.00766969899506860387 0.00851008460151902145 0.06236100445259193381 0.39471942664800591105 0.00000000099999999999 
0.05731175245772740512 0.40129695779735324868 0.00001688791459357590 0.00000000099999999998 0.00338348798050497421 0.06452825367351149033 0.00828344387798730583 0.02410052184144141282 0.00000000099999999998 0.00000144485812067512 0.44107724659875979789 0.00000000099999999998 
0.09512227740483603089 0.32986432071901439222 0.00000198102916319708 0.00000000099999999998 0.02543387181072381473 0.04217879243495770147 0.00000000099999999998 0.00441320099378721999 0.03482888565224663557 0.01887831855611511039 0.44927834839915598009 0.00000000099999999998 
0.06185900331051960577 0.40280221149530892610 0.02457322179588136007 0.00000000099999999998 0.01620928070583280145 0.02029174469447857926 0.00000000099999999998 0.03722160634193420747 0.01864292762641765050 0.06866371661822427697 0.34973628441140253154 0.00000000099999999998 
0.15369847954868898210 0.31773019700651061736 0.00000000099999999998 0.00000000099999999998 0.00620486423111752533 0.05040774260492533049 0.00000000099999999998 0.00324630245044131398 0.03667990894186667905 0.00000000099999999998 0.43203250021644945544 0.00000000099999999998 
0.14257986909007389076 0.27477228556535382431 0.00000000099999999997 0.00000000099999999997 0.00240770201772404473 0.01620888081449139637 0.00000000099999999997 0.02014008674362304310 0.00000000099999999997 0.00000000099999999997 0.54389116976873352893 0.00000000099999999997 
0.00000000099999999995 0.56380143914168046049 0.00000000099999999995 0.00000000099999999995 0.00000000099999999995 0.00000000099999999995 0.00000000099999999995 0.00000000099999999995 0.00944361471117911508 0.00000000099999999995 0.42675493714714057836 0.00000000099999999995 
0.00000000099999999991 0.45142316409549365641 0.00000000099999999991 0.00000000099999999991 0.00000000099999999991 0.00000000099999999991 0.00000000099999999991 0.00000000099999999991 0.00000000099999999991 0.00000000099999999991 0.54857682590450607130 0.00000000099999999991 
0.00000000099999999996 0.44804243145483657607 0.00000000099999999996 0.00108265479431710336 0.00000000099999999996 0.03995612338811794367 0.00000000099999999996 0.00000000099999999996 0.00000000099999999996 0.00000000099999999996 0.51091878236272814107 0.00000000099999999996 
0.00656719568100457961 0.54458495676187768098 0.00000000099999999996 0.00000000099999999996 0.00000000099999999996 0.00000128305787590466 0.00000000511966011881 0.00000000099999999996 0.02030277269266538703 0.00000000099999999996 0.42854378068691639792 0.00000000099999999996 
0.00000000099999999994 0.51732432234886394085 0.00000000099999999994 0.00000000099999999994 0.03909439216375207998 0.01806972474989131799 0.00000000099999999994 0.00000000099999999994 0.00000000099999999994 0.00000000099999999994 0.42551155273749269314 0.00000000099999999994 
0.00615824028527835708 0.53692610809162222285 0.00905223328410346972 0.00000000099999999998 0.00000000099999999998 0.01295037020458406074 0.01762718652814761547 0.00000000154451697396 0.00000000157822203761 0.00000000099999999998 0.41728585448352550902 0.00000000099999999998 
0.00000000099999999991 0.45213302100857361010 0.00000000099999999991 0.00000000099999999991 0.00000000099999999991 0.00000000099999999991 0.00000000099999999991 0.00000000099999999991 0.00000000099999999991 0.00000000099999999991 0.54786696899142606210 0.00000000099999999991 
0.00000000099999999998 0.53035877578320411718 0.00946973106898140772 0.00455093286432794054 0.00384205893942023710 0.02958158455961579572 0.00000000099999999998 0.00000000099999999998 0.00000000099999999998 0.00000000099999999998 0.42219691078445065191 0.00000000099999999998 
0.00186897084275704749 0.62929923744362925575 0.00000000099999999995 0.00000000099999999995 0.00000000099999999995 0.00000000099999999995 0.00000000099999999995 0.00000000099999999995 0.00000000099999999995 0.00000000099999999995 0.36883178271361383160 0.00000000099999999995 
0.00126652931861834283 0.46034223578249777731 0.00000000099999999996 0.00000000099999999996 0.00000000099999999996 0.01733576535829132667 0.00000000099999999996 0.00000000099999999996 0.01325171287183712909 0.00000000099999999996 0.50780374966875518883 0.00000000099999999996 
0.00000000099999999983 0.99999998900000031110 0.00000000099999999983 0.00000000099999999983 0.00000000099999999983 0.00000000099999999983 0.00000000099999999983 0.00000000099999999983 0.00000000099999999983 0.00000000099999999983 0.00000000099999999983 0.00000000099999999983 
0.00000000099999999996 0.48640818605252411633 0.00000000099999999996 0.00000000099999999996 0.01127401484449432230 0.04194972860079991539 0.00000000099999999996 0.00000000099999999996 0.00000000099999999996 0.00000000099999999996 0.46036806250218148540 0.00000000099999999996 
0.00000000099999999993 0.53101665572089551404 0.00000000099999999993 0.00000000099999999993 0.00000000099999999993 0.00000000099999999993 0.00000000099999999993 0.00000000099999999993 0.00000000099999999993 0.00000000099999999993 0.46898333427910460225 0.00000000099999999993 
0.00000000099999999996 0.48392450684277749096 0.00000000099999999996 0.00000000099999999996 0.00000000099999999996 0.00976577145814336474 0.00000000099999999996 0.00662318969339678338 0.00000000099999999996 0.00000000099999999996 0.49968652400568225325 0.00000000099999999996 
0.01029391670257967864 0.48126160910266391202 0.00285706910198935691 0.00371998493742181982 0.00022657414489087361 0.03483488403910969117 0.00000000099999999997 0.00978721525890662893 0.00000000099999999997 0.00000000099999999997 0.45701874271243819736 0.00000000099999999997 
0.00439077572163861212 0.53715341156289331259 0.00000000099999999996 0.00000000099999999996 0.00000000099999999996 0.00000000099999999996 0.00000000099999999996 0.00415280947617023641 0.00000000099999999996 0.00000000099999999996 0.45430299523929795757 0.00000000099999999996 
0.00000000099999999996 0.58627813330689160232 0.00000000099999999996 0.00000000099999999996 0.00000000099999999996 0.01026329889433487234 0.00000000099999999996 0.00000000099999999996 0.00000000099999999996 0.00000000099999999996 0.40345855879877351446 0.00000000099999999996 
0.00000000099999999997 0.81438535720773697069 0.00000000099999999997 0.00000000099999999997 0.00000000099999999997 0.02318100606258484755 0.09323599169028651268 0.00000000099999999997 0.00000000099999999997 0.06300809858192608914 0.00618953945746557408 0.00000000099999999997 
0.01737034287231717378 0.07377354235832067619 0.08919697972009091314 0.00000000099999999999 0.30077015185738270597 0.00000000099999999999 0.00000000099999999999 0.00000000099999999999 0.09237462573235342977 0.07782983679514250686 0.03300081047071234952 0.31568370619368030239 
0.00497136792439949963 0.13547043655308738108 0.11801220881207716285 0.00000000099999999997 0.28767782714913670006 0.00013836718476894545 0.00000000099999999997 0.00000000099999999997 0.12216838815476147029 0.00000000099999999997 0.00000000099999999997 0.33156139922176891544 
0.04511790316831527925 0.04443687580962431966 0.13397095926832161550 0.00000000099999999998 0.29926868377703030877 0.00134966018401540570 0.00000000099999999998 0.00000000099999999998 0.12325817739716773969 0.00000000099999999998 0.00000000099999999998 0.35259773539552541344 
0.08671344853093376770 0.00886492425264400960 0.14681996927631285610 0.00000000099999999998 0.29378040949911943258 0.02489453449687323988 0.00000000099999999998 0.00000000099999999998 0.12336392292039571883 0.00000000099999999998 0.00000000099999999998 0.31556278602372117570 
0.03790020224464266119 0.06225218881127651122 0.15544131960003712556 0.00000000099999999998 0.26230434523804530000 0.00000000099999999998 0.00000000099999999998 0.00000000099999999998 0.11876960938819404456 0.00000000099999999998 0.00000000099999999998 0.36333232871780446471 
0.00000000099999999999 0.04066515835002344065 0.17880141127743889862 0.00000000099999999999 0.29453386170119372212 0.01228189965166375831 0.00000000099999999999 0.00000000099999999999 0.13911099516964445244 0.00000000099999999999 0.00606348286935630160 0.32854318598067938639 
0.02807195000477674673 0.07196587999259117241 0.08904353275106659249 0.00000000099999999998 0.27678551398422363006 0.03600453307501114142 0.00000000099999999998 0.00875257195986844060 0.10182138579238261822 0.07922820713296718775 0.00000000099999999998 0.30832642230711243547 
0.05456172815497650763 0.06480532778845522757 0.13589562565683938056 0.00000000099999999999 0.28704574222152950957 0.00000000099999999999 0.00159769972011157991 0.00883550010456094458 0.15171844023665265189 0.00000000099999999999 0.02347324374761915536 0.27206668936925509916 
0.08586060435915934819 0.03565835379331590282 0.15460892765572822882 0.00000000099999999999 0.27499014301964014306 0.00000000099999999999 0.00000000099999999999 0.00000000099999999999 0.14032224377288782247 0.00000000099999999999 0.00000000099999999999 0.30855972139926868270 
0.00000000099999999999 0.06820362156919700103 0.10132160266020956430 0.00000000099999999999 0.30110239487018125581 0.00000000099999999999 0.00000000099999999999 0.02702985714126547936 0.11576105746926021456 0.01919599730386621281 0.00000000099999999999 0.36738546398602039966 
0.00576000763978079880 0.77270817671018476869 0.00000000099999999996 0.00000000099999999996 0.00000000099999999996 0.00000000099999999996 0.02894768583580571014 0.00000000099999999996 0.01552446221359288746 0.00000000099999999996 0.17705966060063596523 0.00000000099999999996 
0.03249251067232281770 0.84540760601677888975 0.00000000099999999997 0.00000000099999999997 0.00000000099999999997 0.01724108214849206372 0.04283163015483146263 0.00000000099999999997 0.03691661227018747798 0.00000000099999999997 0.02511055273738746832 0.00000000099999999997 
0.02728697142230975675 0.86198532417612427903 0.00000000099999999995 0.00000000099999999995 0.00000000099999999995 0.00000045942030896986 0.00000000099999999995 0.00000000099999999995 0.00000000099999999995 0.00000000099999999995 0.11072723698125723490 0.00000000099999999995 
0.04895054263588326932 0.86939995130479208463 0.00000000099999999996 0.00000000099999999996 0.00000000099999999996 0.00000000099999999996 0.00000000099999999996 0.00851836750857483394 0.00000000099999999996 0.00000000099999999996 0.07313113055074997593 0.00000000099999999996 
0.05638819116476100762 0.80316981210460214324 0.00000000099999999998 0.00000000099999999998 0.00786715638327808997 0.07327078060962274875 0.01872128453843517268 0.00000000099999999998 0.00089101361685812856 0.00000000099999999998 0.03969175658244281091 0.00000000099999999998 
0.04746864965089774013 0.79493360599108320308 0.00000000099999999997 0.00000440588496364883 0.00001341440926629124 0.00000000099999999997 0.00000000134668614566 0.00000000099999999997 0.02230751207685368817 0.00000000099999999997 0.13527240564024939351 0.00000000099999999997 
0.00000000099999999994 0.88392065785343332252 0.00000000099999999994 0.00000000099999999994 0.00000054737117347742 0.00000000099999999994 0.00917398557796522511 0.00000000099999999994 0.00000000099999999994 0.00000000099999999994 0.10690480119742810927 0.00000000099999999994 
0.00329517306248398954 0.79952392802284388829 0.00000000099999999998 0.00259909437816073768 0.00382393150551774185 0.02069340851976354811 0.00000000099999999998 0.00000000099999999998 0.02121110495493063949 0.00000000099999999998 0.14885335455629966628 0.00000000099999999998 
0.01511512776655598959 0.97708824599283972123 0.00000000099999999995 0.00000000099999999995 0.00000000099999999995 0.00779661724060448560 0.00000000099999999995 0.00000000099999999995 0.00000000099999999995 0.00000000099999999995 0.00000000099999999995 0.00000000099999999995 
0.02877262686031189023 0.84297409391854105642 0.00000000099999999996 0.00000000099999999996 0.01892426070191275539 0.00000000099999999996 0.00000000099999999996 0.00000000099999999996 0.00000000099999999996 0.00000000099999999996 0.10932901051923442359 0.00000000099999999996 
0.05071300288652275112 0.04854428062803443911 0.05343928346529712436 0.00000000099999999998 0.02589194920991754606 0.02221895128680058049 0.02620441943278589356 0.00777043557484023879 0.01765143549649405771 0.60681692346880256039 0.14074931655050479384 0.00000000099999999998 
0.00000002280486871362 0.00000000099999999997 0.00000000099999999997 0.00000000099999999997 0.01590351261662514143 0.00000000099999999997 0.00000000099999999997 0.01363794751560577431 0.00000000099999999997 0.73832503755064937678 0.23213347251225094348 0.00000000099999999997 
0.04740444919540873214 0.11302944346215493265 0.05790387051794240736 0.00000000099999999999 0.03512655521613953363 0.02362051780121727021 0.00000009970696956514 0.03940541713210921060 0.00680461097469686228 0.42206457500909522196 0.25464045898426607151 0.00000000099999999999 
0.03485903110294827356 0.03542479666119189435 0.00000000099999999999 0.01733542225569457279 0.00000000099999999999 0.00000000099999999999 0.06839163308603958547 0.00263706980262517392 0.00000000099999999999 0.69529027189286352062 0.14606177019863691990 0.00000000099999999999 
0.36215706966889404939 0.38328323232117766928 0.02048158599209105174 0.00000000099999999997 0.03553274610920410803 0.00000000099999999997 0.00671842475223205851 0.00000000099999999997 0.00000000099999999997 0.00000000099999999997 0.19182693515640114601 0.00000000099999999997 
0.32206596297916617599 0.45839079289882816992 0.01597933896998603859 0.00000000099999999998 0.00000000099999999998 0.00000000099999999998 0.02552969804836735870 0.00000000099999999998 0.00000000099999999998 0.00000000099999999998 0.17803420010365247905 0.00000000099999999998 
0.28951596453449962576 0.48593034451421174280 0.01405131777997793707 0.00000000099999999997 0.00000000099999999997 0.00000000099999999997 0.02743767513229920449 0.00000000099999999997 0.00000000099999999997 0.00000000099999999997 0.18306469103901160111 0.00000000099999999997 
0.29688610788094588200 0.43334152556993627003 0.02577361388009048737 0.00000000099999999998 0.00000000099999999998 0.02317655984674553415 0.05466651802096279128 0.00590396273455013644 0.00000000099999999998 0.00000000099999999998 0.16025170706676908350 0.00000000099999999998 
0.38598116414783367745 0.42008378811057545121 0.00000000099999999996 0.00000000099999999996 0.00669495481210060066 0.00543535928055832208 0.05328482260710434154 0.00000000099999999996 0.00000000099999999996 0.00000000099999999996 0.12851990504182780883 0.00000000099999999996 
0.27676149008047579159 0.46764547349950691402 0.04868784135731509671 0.00000000099999999998 0.00071972486926484569 0.00000000099999999998 0.03964335637488380915 0.00000000099999999998 0.00000000099999999998 0.00000000099999999998 0.16654210781855369183 0.00000000099999999998 
0.00000000099999999980 0.00000000099999999980 0.00000000099999999980 0.00000000099999999980 0.00000000099999999980 0.00000000099999999980 0.99999998899999997803 0.00000000099999999980 0.00000000099999999980 0.00000000099999999980 0.00000000099999999980 0.00000000099999999980 
0.04140988829490305223 0.47355268313680243253 0.00000000099999999999 0.00950790706617886741 0.00936673279933189148 0.01007843705834291989 0.00765584547148538946 0.04307990431543515242 0.00942397384204677648 0.00000000099999999999 0.39592462501547359688 0.00000000099999999999 
0.04366809569594171103 0.37196421243135524559 0.00000000099999999998 0.00151105573068279798 0.00000000099999999998 0.06669467607028094214 0.01038037112443075498 0.00000000099999999998 0.00000000099999999998 0.13436342585054852905 0.37141815809675993165 0.00000000099999999998 
0.04969390821255785518 0.42663028160431820668 0.04715939685407998655 0.00000000099999999998 0.00526070123754036542 0.05821454384142797644 0.03264166766361308036 0.01297430746746698962 0.00000000099999999998 0.00231017013567135247 0.36511501998332418495 0.00000000099999999998 
0.01675145793378563994 0.45700311958329037365 0.02170356026559780091 0.00819041093781270463 0.00000000099999999999 0.05659766941745118796 0.05326618331303319132 0.00000000099999999999 0.05491551517054044096 0.00000013318521382847 0.33157194719327476307 0.00000000099999999999 
0.13534257430359905583 0.24037561009728017347 0.00000000099999999998 0.00637500504881830226 0.00000980163758937283 0.04107150710398824178 0.02065404799991182871 0.00000000099999999998 0.00000000099999999998 0.15136359649461980648 0.40480785331419300022 0.00000000099999999998 
0.15628372119452610400 0.38609135425003354714 0.00000000100000000000 0.00796430931588019454 0.00029568496501198118 0.01986396729610935205 0.02230823858937090037 0.01187400224196034741 0.01749782602389280198 0.01825458225456761535 0.35956631186864718153 0.00000000100000000000 
0.14080966642112605069 0.35160905129116709622 0.00000000099999999998 0.02019128495994241060 0.00000000099999999998 0.04454194067565890591 0.01080924109699617219 0.00000000099999999998 0.00000000099999999998 0.05328825233041904058 0.37875055822469044786 0.00000000099999999998 
0.14227675870350608989 0.27903167017646873793 0.05044698900159082233 0.00000000099999999998 0.02116757170707852034 0.06371129828874870504 0.02253568557103236350 0.00000000099999999998 0.00000000099999999998 0.08389194432785454514 0.33693807822372007221 0.00000000099999999998 
0.07836589898975609980 0.40848312478658765912 0.05855273819582196282 0.00000000099999999998 0.00000000099999999998 0.05051717830953237481 0.00893730894531979958 0.00000000099999999998 0.00741391864135249046 0.07403325503046932765 0.31369657310116022542 0.00000000099999999998 
0.12100425819726351451 0.40347847076061083005 0.00000000099999999998 0.00550667007495940410 0.00000000099999999998 0.00773282571857561007 0.01245153428825236663 0.00000000099999999998 0.00000000099999999998 0.07713752378878041549 0.37268871217155796760 0.00000000099999999998 
0.09580767258994150881 0.34029816140884688869 0.02318356717341177320 0.01176152452288713873 0.00000000099999999999 0.08955825965440718239 0.00003953160629844829 0.01517761288153035570 0.01408488025493219269 0.06568021773113140449 0.34440857017661308248 0.00000000099999999999 
0.10146429752061163210 0.35673993657280556047 0.00000000099999999999 0.00441313007568634556 0.03181348881651441945 0.07551122042144262081 0.02927848892276135526 0.00000000099999999999 0.00000000099999999999 0.05576806351599700173 0.34501137015418115173 0.00000000099999999999 
0.09214477039546650761 0.42718169153136237304 0.03277410204049378134 0.00000000099999999999 0.05080408127781376598 0.05278138115258194235 0.03436697014336226319 0.00000000099999999999 0.00000000099999999999 0.00000000099999999999 0.30994699845891932055 0.00000000099999999999 
0.20787067190354088786 0.09526991290215991448 0.03024037813810418612 0.00922269808606233400 0.00152319621159208705 0.00000001989209503531 0.04092325675530230494 0.00000000099999999998 0.00000000099999999998 0.18019894776576550477 0.43475091534537774196 0.00000000099999999998 
0.08896608228081202829 0.49241360411815093823 0.03075604843127851401 0.00000000099999999999 0.00575125445613889306 0.03115570120218347921 0.02425176399406685571 0.00083956811104732927 0.00000000099999999999 0.07541780118438043412 0.25044817322194140585 0.00000000099999999999 
0.03506735930878789043 0.58223514813226318054 0.00000000099999999993 0.00000000099999999993 0.32385322580856262809 0.00025996665353025876 0.00000000099999999993 0.04540305463434883559 0.01318123946250725903 0.00000000099999999993 0.00000000099999999993 0.00000000099999999993 
0.00000000099999999973 0.00000000099999999973 0.00000000099999999973 0.00000000099999999973 0.99999998900000020008 0.00000000099999999973 0.00000000099999999973 0.00000000099999999973 0.00000000099999999973 0.00000000099999999973 0.00000000099999999973 0.00000000099999999973 
0.00000000099999999969 0.00000000099999999969 0.00000000099999999969 0.00000000099999999969 0.99999998900000020008 0.00000000099999999969 0.00000000099999999969 0.00000000099999999969 0.00000000099999999969 0.00000000099999999969 0.00000000099999999969 0.00000000099999999969 
0.00000000099999999983 0.00000000099999999983 0.00000000099999999983 0.00000000099999999983 0.99999998900000020008 0.00000000099999999983 0.00000000099999999983 0.00000000099999999983 0.00000000099999999983 0.00000000099999999983 0.00000000099999999983 0.00000000099999999983 
0.00000000099999999972 0.00000000099999999972 0.00000000099999999972 0.00000000099999999972 0.99999998900000008906 0.00000000099999999972 0.00000000099999999972 0.00000000099999999972 0.00000000099999999972 0.00000000099999999972 0.00000000099999999972 0.00000000099999999972 
0.00000000099999999971 0.00000000099999999971 0.00000000099999999971 0.00000000099999999971 0.99999998900000008906 0.00000000099999999971 0.00000000099999999971 0.00000000099999999971 0.00000000099999999971 0.00000000099999999971 0.00000000099999999971 0.00000000099999999971 
0.00000000099999999985 0.00000000099999999985 0.00000000099999999985 0.00000000099999999985 0.99999998900000008906 0.00000000099999999985 0.00000000099999999985 0.00000000099999999985 0.00000000099999999985 0.00000000099999999985 0.00000000099999999985 0.00000000099999999985 
0.00000000099999999972 0.00000000099999999972 0.00000000099999999972 0.00000000099999999972 0.99999998900000008906 0.00000000099999999972 0.00000000099999999972 0.00000000099999999972 0.00000000099999999972 0.00000000099999999972 0.00000000099999999972 0.00000000099999999972 
0.00000000099999999991 0.17358457020668804915 0.00000000099999999991 0.00000000099999999991 0.80992796357515450811 0.00000000099999999991 0.00000000099999999991 0.01648745721815757584 0.00000000099999999991 0.00000000099999999991 0.00000000099999999991 0.00000000099999999991 
0.00000000099999999980 0.00000000099999999980 0.00000000099999999980 0.00000000099999999980 0.99999998900000020008 0.00000000099999999980 0.00000000099999999980 0.00000000099999999980 0.00000000099999999980 0.00000000099999999980 0.00000000099999999980 0.00000000099999999980 
0.04063199469635292438 0.66538264039837624608 0.00000000099999999998 0.01585947182889621554 0.00000000099999999998 0.03630444042999877302 0.00002636754281686670 0.00000000099999999998 0.01879275218016536811 0.00000000099999999998 0.22300232792339352850 0.00000000099999999998 
0.06028238775518435927 0.67102000466560229874 0.00000000099999999995 0.00469919577237471690 0.00000000099999999995 0.03706475969440746476 0.00000000099999999995 0.00000000099999999995 0.00000002191206582872 0.00000000099999999995 0.22693362420036547467 0.00000000099999999995 
0.07247458976566663325 0.81608845654424133631 0.00000000099999999998 0.00014492379008083938 0.08396995737876729315 0.00000000099999999998 0.00000000099999999998 0.00000000099999999998 0.00000000099999999998 0.02732206552124409257 0.00000000099999999998 0.00000000099999999998 
0.01966559285713104233 0.83589437070902317117 0.00000000099999999994 0.00000000099999999994 0.14444002743384601328 0.00000000099999999994 0.00000000099999999994 0.00000000099999999994 0.00000000099999999994 0.00000000099999999994 0.00000000099999999994 0.00000000099999999994 
0.01783083318732120101 0.80320655167720567125 0.00000000099999999998 0.00000000099999999998 0.11927667201551576948 0.02325232566878050744 0.00000000099999999998 0.00000000099999999998 0.03643361045117692043 0.00000000099999999998 0.00000000099999999998 0.00000000099999999998 
0.03269192991641511892 0.82159935625306335094 0.00000000099999999994 0.00000000099999999994 0.11395391824781342383 0.00000000099999999994 0.00000000099999999994 0.00000000099999999994 0.03175478758270840890 0.00000000099999999994 0.00000000099999999994 0.00000000099999999994 
0.01436969583785964628 0.94230994826778013973 0.00000000099999999992 0.00000000099999999992 0.01949714949340468351 0.00000000099999999992 0.00000000099999999992 0.00000000099999999992 0.02382319840095554683 0.00000000099999999992 0.00000000099999999992 0.00000000099999999992 
0.04185715369648795176 0.83538863794798823292 0.00000000099999999994 0.00000000099999999994 0.09205269470918570063 0.00000000099999999994 0.00000000099999999994 0.00000000099999999994 0.03070150564633826462 0.00000000099999999994 0.00000000099999999994 0.00000000099999999994 
0.04197518153115002704 0.93365379377020940588 0.00000000099999999997 0.00020069160053934264 0.02413804306771831845 0.00000000099999999997 0.00000000099999999997 0.00000000099999999997 0.00003228303038306788 0.00000000099999999997 0.00000000099999999997 0.00000000099999999997 
0.04023148233330150342 0.90755348503722210740 0.00000000099999999994 0.00000000099999999994 0.05221502362947670617 0.00000000099999999994 0.00000000099999999994 0.00000000099999999994 0.00000000099999999994 0.00000000099999999994 0.00000000099999999994 0.00000000099999999994 
0.00000000099999999991 0.87572110847196493744 0.00000000099999999991 0.00000000099999999991 0.09196957515713653775 0.00000000099999999991 0.00000000099999999991 0.00000000099999999991 0.03230930737089873772 0.00000000099999999991 0.00000000099999999991 0.00000000099999999991 
0.00000000099999999992 0.90078864233975142195 0.00000000099999999992 0.00000000099999999992 0.09921134766024887475 0.00000000099999999992 0.00000000099999999992 0.00000000099999999992 0.00000000099999999992 0.00000000099999999992 0.00000000099999999992 0.00000000099999999992 
0.00000000099999999993 0.91928546965717750084 0.00000000099999999993 0.00000000099999999993 0.03794803875517308717 0.00000000099999999993 0.00000000099999999993 0.00000000099999999993 0.04276648258764961102 0.00000000099999999993 0.00000000099999999993 0.00000000099999999993 
0.02885763605478108146 0.88099774237667938248 0.00000000099999999995 0.00000000099999999995 0.05028278998773014902 0.01248633539381170318 0.00000000099999999995 0.00000000099999999995 0.02737548918699795122 0.00000000099999999995 0.00000000099999999995 0.00000000099999999995 
0.00000000099999999994 0.91346442349134593375 0.00000000099999999994 0.00000000099999999994 0.08653171271096411765 0.00000000099999999994 0.00000000099999999994 0.00000000099999999994 0.00000385479769011858 0.00000000099999999994 0.00000000099999999994 0.00000000099999999994 
0.01456282117536991487 0.84114586109662203839 0.00000000099999999996 0.00000000099999999996 0.09011101958757464225 0.01929945042766090940 0.00000000099999999996 0.00000000099999999996 0.03488084071277264969 0.00000000099999999996 0.00000000099999999996 0.00000000099999999996 
0.03497232875193788393 0.88603955625638886051 0.00000000099999999994 0.00000000099999999994 0.05610931502846283614 0.00000000099999999994 0.00000000099999999994 0.01001509246019343345 0.01286370050301712323 0.00000000099999999994 0.00000000099999999994 0.00000000099999999994 
0.00000000099999999993 0.95717500121321508200 0.00000000099999999993 0.00000000099999999993 0.04282498878678518001 0.00000000099999999993 0.00000000099999999993 0.00000000099999999993 0.00000000099999999993 0.00000000099999999993 0.00000000099999999993 0.00000000099999999993 
0.00000000099999999995 0.92680494247363309768 0.00000000099999999995 0.00000000099999999995 0.07049504650553350960 0.00270000202083350111 0.00000000099999999995 0.00000000099999999995 0.00000000099999999995 0.00000000099999999995 0.00000000099999999995 0.00000000099999999995 
0.00000000099999999991 0.96995643952547616617 0.00000000099999999991 0.00000000099999999991 0.03004355047452409930 0.00000000099999999991 0.00000000099999999991 0.00000000099999999991 0.00000000099999999991 0.00000000099999999991 0.00000000099999999991 0.00000000099999999991 
0.00000000099999999993 0.84094874531725183342 0.00000000099999999993 0.00000000099999999993 0.14976361249538644449 0.00000000099999999993 0.00000000099999999993 0.00000000099999999993 0.00928763318736188295 0.00000000099999999993 0.00000000099999999993 0.00000000099999999993 
0.00000000099999999991 0.97238321617310319311 0.00000000099999999991 0.00000000099999999991 0.02761677382689693705 0.00000000099999999991 0.00000000099999999991 0.00000000099999999991 0.00000000099999999991 0.00000000099999999991 0.00000000099999999991 0.00000000099999999991 
0.00000000099999999995 0.95942612927133952283 0.00000000099999999995 0.00000000099999999995 0.04057386072866071142 0.00000000099999999995 0.00000000099999999995 0.00000000099999999995 0.00000000099999999995 0.00000000099999999995 0.00000000099999999995 0.00000000099999999995 
0.00000000099999999997 0.88766535869413720761 0.00000000099999999997 0.00000000099999999997 0.06400224221236743005 0.00000000099999999997 0.00000000099999999997 0.00511646955451877140 0.04321592153897665933 0.00000000099999999997 0.00000000099999999997 0.00000000099999999997 
0.00000000099999999983 0.00000000099999999983 0.00000000099999999983 0.00000000099999999983 0.00000000099999999983 0.00000000099999999983 0.99999998899999997803 0.00000000099999999983 0.00000000099999999983 0.00000000099999999983 0.00000000099999999983 0.00000000099999999983 
0.00000000099999999983 0.00000000099999999983 0.00000000099999999983 0.00000000099999999983 0.00000000099999999983 0.00000000099999999983 0.99999998900000008906 0.00000000099999999983 0.00000000099999999983 0.00000000099999999983 0.00000000099999999983 0.00000000099999999983 
0.00000000099999999992 0.00000000099999999992 0.00000000099999999992 0.00000000099999999992 0.58627624754920981687 0.00000000099999999992 0.00000000099999999992 0.00000000099999999992 0.00000000099999999992 0.41372374245079024391 0.00000000099999999992 0.00000000099999999992 
0.00000000099999999993 0.00000000099999999993 0.00000000099999999993 0.00000000099999999993 0.68600025096155303750 0.00000000099999999993 0.00000000099999999993 0.00000000099999999993 0.00000000099999999993 0.31399973903844718981 0.00000000099999999993 0.00000000099999999993 
0.00000000099999999992 0.00000000099999999992 0.00000000099999999992 0.00000000099999999992 0.60777400782107571242 0.00000000099999999992 0.00000000099999999992 0.00000000099999999992 0.00000000099999999992 0.39222598217892445938 0.00000000099999999992 0.00000000099999999992 
0.00000000099999999998 0.29615472236787310223 0.00000000099999999998 0.00000000099999999998 0.70255262501693171995 0.00129264361519512336 0.00000000099999999998 0.00000000099999999998 0.00000000099999999998 0.00000000099999999998 0.00000000099999999998 0.00000000099999999998 
0.00000000099999999992 0.00000000099999999992 0.00000000099999999992 0.00000000099999999992 0.69515190827583706046 0.00000000099999999992 0.00000000099999999992 0.00000000099999999992 0.00000000099999999992 0.30484808172416305583 0.00000000099999999992 0.00000000099999999992 
0.00000000099999999993 0.00000000099999999993 0.00000000099999999993 0.00000000099999999993 0.68483595573491329311 0.00000000099999999993 0.00000000099999999993 0.00000000099999999993 0.00000000099999999993 0.31516403426508698971 0.00000000099999999993 0.00000000099999999993 
0.00000000099999999994 0.00000000099999999994 0.00000000099999999994 0.00000000099999999994 0.65889895990305025197 0.00000000099999999994 0.00000000099999999994 0.00000000099999999994 0.00000000099999999994 0.34110103009694997533 0.00000000099999999994 0.00000000099999999994 
0.00000000099999999997 0.00000000099999999997 0.00000000099999999997 0.00869870313050302192 0.47784883302370084746 0.00000000099999999997 0.00000000099999999997 0.00553030804608402402 0.00000000099999999997 0.50792214779971200933 0.00000000099999999997 0.00000000099999999997 
0.00000000099999999993 0.00000000099999999993 0.00000000099999999993 0.00000000099999999993 0.65685851548126539257 0.00000000099999999993 0.00000000099999999993 0.00000000099999999993 0.00000000099999999993 0.34314147451873472372 0.00000000099999999993 0.00000000099999999993 
0.00000000099999999991 0.00000000099999999991 0.00000000099999999991 0.00000000099999999991 0.71205475768883474963 0.00000000099999999991 0.00000000099999999991 0.00000000099999999991 0.00000000099999999991 0.28794523231116536666 0.00000000099999999991 0.00000000099999999991 
0.00000000099999999994 0.00000000099999999994 0.00000000099999999994 0.00000000099999999994 0.60165965521557274176 0.00000000099999999994 0.00000000099999999994 0.00000000099999999994 0.00000000099999999994 0.39834033478442748555 0.00000000099999999994 0.00000000099999999994 
0.00000000099999999991 0.00000000099999999991 0.00000000099999999991 0.00000000099999999991 0.60160617370919988733 0.00000000099999999991 0.00000000099999999991 0.00000000099999999991 0.00000000099999999991 0.39839381629080039549 0.00000000099999999991 0.00000000099999999991 
0.00155762641169502128 0.09955120027065451904 0.09309101120799312401 0.00062667561911173674 0.10771878963711933874 0.00000000100000000000 0.00000000100000000000 0.03150911505876815427 0.00329429736451877179 0.61577405086789682720 0.04687723056224241819 0.00000000100000000000 
0.09318368009200397872 0.38295374738222348610 0.00000000099999999997 0.00000000099999999997 0.03788748575378390882 0.04098502983600766508 0.00000000099999999997 0.00000000232523690656 0.02615207489459189100 0.00000000099999999997 0.41883797471615219488 0.00000000099999999997 
0.14931598575116078464 0.28012191765364691243 0.00000000099999999998 0.00000000099999999998 0.00880864295802773548 0.07587763157389249002 0.00941815436790100109 0.00000000099999999998 0.03559990408134087320 0.00000000099999999998 0.44085775861403020404 0.00000000099999999998 
