0.00000000100000000000 0.08634045844779222878 0.00000000100000000000 0.21971186147989033022 0.56155364785850592213 0.00000000100000000000 0.13239402921381154821 
0.03214600663662859487 0.09750760140390105080 0.00000000100000000000 0.19050106058720708835 0.54554984729857880499 0.00000037316938575802 0.13429510990429879835 
0.00000000099999999999 0.10965362223947977549 0.00000000099999999999 0.22243493712246603655 0.54994910463482038487 0.00000000099999999999 0.11796233300323386017 
0.03029025250574430769 0.06264118229841852958 0.00000000100000000000 0.21431883185896308253 0.54712671864224982077 0.00000000100000000000 0.14562301269462435416 
0.01147166137025529449 0.11171385739643766022 0.00000000099999999999 0.18962647860000494959 0.55550192150571653382 0.00000000099999999999 0.13168607912758553691 
0.00124922937734774347 0.15044255044673385258 0.00000000100000000000 0.18833365682314967549 0.52993529986485643501 0.00000000100000000000 0.13003926148791236650 
0.01818305429413227814 0.06333145002157768155 0.00000000100000000000 0.23417883059774874388 0.52155059281414661854 0.00000000100000000000 0.16275607027239463731 
0.00000000099999999999 0.10019452272791634639 0.00000000099999999999 0.19735484534116512489 0.51172188636974624831 0.00000000099999999999 0.19072874256117230973 
0.01791989667654840523 0.08866852291609146619 0.00000000100000000000 0.19252166500253367620 0.55011465084023869476 0.01706759923999370474 0.13370766432459413320 
0.00000000100000000000 0.13861278539743349114 0.00000000100000000000 0.26184980015935199749 0.42341019408043517602 0.00000000100000000000 0.17612721736277936468 
0.00000000099999999999 0.13149887276249119794 0.00000000099999999999 0.18249826713235126063 0.55177108462005219902 0.00000000099999999999 0.13423177248510548276 
0.01785773178057845426 0.14255261846909295098 0.00000000099999999999 0.18029330207730459579 0.49270272591598102130 0.00000000099999999999 0.16659361975704317649 
0.04051994508376043080 0.07168213530217233675 0.00000000099999999999 0.22753179981063617610 0.53223831867960280650 0.00000000099999999999 0.12802779912382811212 
0.04161635915995857277 0.02810807337440920234 0.39268417304347469354 0.02636316929651512028 0.30896114295126947402 0.19861396139176049069 0.00365312078261248625 
0.03018829846448063681 0.05624698182553976994 0.37527811518270615121 0.02968237210000342768 0.30952899290541513455 0.19907523852185479707 0.00000000099999999999 
0.03154104301867302618 0.00000440193296317043 0.45796824979906586295 0.03027543381246904780 0.26496554751969275676 0.21524532291713610599 0.00000000099999999999 
0.04912657796399329951 0.00915182232556948326 0.37423256896312395714 0.03271404562445594938 0.25163606185539100224 0.28313892226746628644 0.00000000099999999999 
0.02370112821124039856 0.03701139815247219550 0.40792999575756039299 0.00851374158725612222 0.31230075318431277376 0.21054298210715813311 0.00000000099999999999 
0.05074184470332069458 0.04366080522142898324 0.37428817287376692224 0.01564654241310911229 0.32098095353185873702 0.19468168025651558239 0.00000000100000000000 
0.08330766122687502384 0.00000000099999999999 0.38657108918599342173 0.01155002016328155086 0.31546018223453176077 0.20311104518931832885 0.00000000099999999999 
0.00000079802362634420 0.00164303110410557538 0.43103326985910794811 0.08519302189224320365 0.29180306537431061065 0.19032681274660634418 0.00000000099999999999 
0.03151730373268318147 0.00328789421255110646 0.50835340930102390633 0.04854701513394014956 0.27033476095616526536 0.13795961566363645900 0.00000000099999999999 
0.04726741533747143981 0.05044183412549643059 0.43400081149230840261 0.03267566729984789503 0.25511141358261546497 0.18050285716226024957 0.00000000099999999999 
0.02885553010326554271 0.03287256556701056293 0.40957227750558083956 0.02552151843427842917 0.27691504340953915220 0.22626306398032541845 0.00000000099999999999 
0.08747823438384400019 0.00000001201726588202 0.46396160451232670852 0.03010845599214780760 0.27528073169347733185 0.14317096040093835185 0.00000000100000000000 
0.06187102976028605733 0.05528232399727540242 0.41585124512738902425 0.02318179109009853300 0.28081936266065182783 0.16299424636429907243 0.00000000099999999999 
0.03936273172869076548 0.05143964592232510430 0.47884595029383780762 0.07815470878868979732 0.23952267811420152599 0.11267428415225506921 0.00000000099999999999 
0.06809361959389959029 0.02830330004894256180 0.39548129709706197898 0.03246910046859369237 0.23326442051429288616 0.24238826127720938808 0.00000000100000000000 
0.05351870761076266830 0.01080061910919973348 0.37853005374633180713 0.01365031108100842744 0.31989628338980208300 0.22360402406289522914 0.00000000099999999999 
0.00000000099999999998 0.00000000099999999998 0.72173020900355944196 0.00000000099999999998 0.24674016969312434489 0.03152961730331606954 0.00000000099999999998 
0.00000000099999999997 0.00000000099999999997 0.72397360203210947560 0.00000000099999999997 0.27602639296789055479 0.00000000099999999997 0.00000000099999999997 
0.06935838828032823977 0.00000000099999999999 0.60683103324410991863 0.03140291569407908240 0.25738270651245198639 0.03502495426903080855 0.00000000099999999999 
0.03394664542398845297 0.00118367471665479606 0.67918585969747991005 0.00000000099999999999 0.22095412978227943479 0.06472968837959748589 0.00000000099999999999 
0.04653914825554194418 0.01718702191407941657 0.69263614658799499413 0.00000000099999999998 0.22945090479455987342 0.01418677644782388725 0.00000000099999999998 
0.03025887142879854150 0.00000000099999999999 0.66924816962191413516 0.01615757160838736731 0.23943681201939584491 0.04489857332150411912 0.00000000099999999999 
0.00000000099999999997 0.00000000099999999997 0.72464335918787392554 0.00000000099999999997 0.27535663581212599382 0.00000000099999999997 0.00000000099999999997 
0.05444543297597327636 0.00000000099999999999 0.64537674094801389391 0.02845244739132744491 0.24326804024611178856 0.02845733643857347936 0.00000000099999999999 
0.01690467168062082318 0.00000000099999999998 0.74603746653667302180 0.00000000099999999998 0.18157828273404694186 0.05547957604865907943 0.00000000099999999998 
0.04747548053529726531 0.00000000099999999999 0.63077597386212402863 0.00000589939792132405 0.25118020505438348744 0.07056243915027399227 0.00000000099999999999 
0.00000000099999999990 0.00000000099999999990 0.99999999400000005867 0.00000000099999999990 0.00000000099999999990 0.00000000099999999990 0.00000000099999999990 
0.06654223626595119623 0.00000000099999999998 0.63935895429326294881 0.00000000099999999998 0.24278177342296836105 0.05131703301781738447 0.00000000099999999998 
0.04178160523110895780 0.00000000099999999998 0.70883166038517042562 0.00000000099999999998 0.24479018527693083285 0.00459654610678976363 0.00000000099999999998 
0.04274139102099879656 0.00000000099999999998 0.66511204655182876166 0.00000000099999999998 0.26649271255943002279 0.02565384686774244138 0.00000000099999999998 
0.05618972276193716364 0.00000000099999999999 0.63611006846295747863 0.03682055591696643815 0.20986503283859764268 0.06101461801954131958 0.00000000099999999999 
0.01202388779093014129 0.00000000099999999999 0.68295205730165886582 0.00016899042282552304 0.25239799211687069525 0.05245707036771457554 0.00000000099999999999 
0.03898576017515988090 0.00000000099999999999 0.74399704351411632963 0.00000000099999999999 0.19945683286746881957 0.01756036044325504433 0.00000000099999999999 
0.02588735915676600510 0.00003615620949295729 0.82280435355239278650 0.00000000099999999999 0.15127212808134823940 0.00000000099999999999 0.00000000099999999999 
0.00000000100000000000 0.41261961643251093834 0.10378595142256057116 0.03810116360303970190 0.06490470553998270442 0.03572886037323921848 0.34485970162866691480 
0.00704055248248326628 0.43446221347095170806 0.17561862578140302604 0.00909859057745825671 0.00000000100000000000 0.01026203200032619299 0.36351798468737772652 
0.01143202842366584752 0.45483689074371991268 0.06895422744977179608 0.02817601210071376747 0.00000000100000000000 0.04926796324777803215 0.38733287703435070881 
0.03340327439316357477 0.42691983318606069320 0.05832779736891459399 0.04400039852150992165 0.00000000100000000000 0.08671972933791366467 0.35062896619243760776 
0.00000003870332651960 0.39967104255555685466 0.10925231066889160014 0.05826700415125937726 0.00000000100000000000 0.03982252227991522897 0.39298708064105047910 
0.02241800647938741245 0.44387181315281448724 0.07223473833757980411 0.09403490333575144355 0.01599495901612967355 0.00000000134978897135 0.35144557832854816937 
0.04327912235046991324 0.40057897865612041022 0.11031417205726720687 0.02988283955714609100 0.02417235172473321952 0.03852994325927610458 0.35324259239498712049 
0.00000000100000000000 0.45246519197608353613 0.09507039546997447799 0.06571907463275770966 0.04403240672948587064 0.06105904329114437284 0.28165388690055415122 
0.00000197714641850653 0.43446871522260466225 0.06411934539252311938 0.06640255938245838430 0.02174142183728223696 0.08248390697308916053 0.33078207404562398608 
0.00000000100000000000 0.44180383160541597531 0.11087598844675729259 0.05365802225744633475 0.00000000100000000000 0.00000575163237831946 0.39365640405800195190 
0.00000011540451480144 0.00000002272457195408 0.83392825203553000435 0.00000000099999999998 0.13254003200650199545 0.03353157582888117993 0.00000000099999999998 
0.01816819246251248285 0.00455861246199409237 0.88280180783174611037 0.00000000099999999998 0.05195410375044034329 0.04251728149330696871 0.00000000099999999998 
0.00133687326648301115 0.00000000099999999997 0.92672067228430377028 0.00000000099999999997 0.03492452809570660566 0.03701792335350661406 0.00000000099999999997 
0.00000000099999999998 0.00000000099999999998 0.94176080548866913933 0.00000000099999999998 0.00115543689194583417 0.05708375361938496789 0.00000000099999999998 
0.06630761107000668342 0.00003022424273749868 0.84053477060419612421 0.00000000099999999999 0.03162603441480951044 0.06150135766825003819 0.00000000099999999999 
0.00000000099999999999 0.01254818100454217072 0.87203465145491221300 0.00000000099999999999 0.04226755873700659832 0.07314960580353901953 0.00000000099999999999 
0.00000000099999999997 0.00000000099999999997 0.95919913854325900004 0.00000000099999999997 0.04080085645674092626 0.00000000099999999997 0.00000000099999999997 
0.02733383944672764659 0.02464686596348678385 0.85952431064357293078 0.00000000099999999998 0.07123789622527688936 0.01725708572093562210 0.00000000099999999998 
0.00000021687884316492 0.00000000099999999997 0.98607634861210491373 0.00000000099999999997 0.00000000099999999997 0.01392343050905188798 0.00000000099999999997 
0.00000000099999999998 0.00000000099999999998 0.90065455422602491709 0.00000000099999999998 0.04325728101155618815 0.05608816076241877197 0.00000000099999999998 
0.04123098215085416185 0.13624199229624334162 0.00997406326048430776 0.18068479058434339102 0.53955964364004294076 0.09230852706803178986 0.00000000100000000000 
0.00956562785572659564 0.07841185632903878433 0.00000000100000000000 0.21075375776372229364 0.61137602579208760734 0.07155536214806268447 0.01833736911136205072 
0.05169560604545552635 0.11514322740519385146 0.11319690686495838261 0.16606918582460555855 0.45053548002545795725 0.09849447022808079100 0.00486512360624804900 
0.01369144497224293773 0.05491166227897218560 0.00673945694341863619 0.17924047928871081337 0.61356383580360274177 0.07763965513655592121 0.05421346557649676934 
0.00000000099999999999 0.00735163143332663062 0.47151594944847924351 0.00000000099999999999 0.11602041721978396949 0.40511199889841009725 0.00000000099999999999 
0.00622531289106331796 0.00000000099999999999 0.51066125326963240916 0.00000000099999999999 0.13061948942511483751 0.35249394141418943782 0.00000000099999999999 
0.00000109955082354689 0.00000000099999999998 0.54717492318305038790 0.00000000099999999998 0.13672294457504421961 0.31610102969108172521 0.00000000099999999998 
0.02707774129589314571 0.00000000099999999999 0.47843390934192486785 0.00001370411936522946 0.16726204525013543822 0.32721259799268126445 0.00000000099999999999 
0.00460982061712350913 0.00000000099999999998 0.45619727909449847569 0.00000000099999999998 0.13469984589217201543 0.40449305139620583827 0.00000000099999999998 
0.00000000099999999999 0.00000000099999999999 0.52963242968825297030 0.01343173473283593850 0.15000875601826688110 0.30692707656064405208 0.00000000099999999999 
0.00000000099999999992 0.00000000099999999992 0.00000000099999999992 0.00000000099999999992 0.99999999399999994765 0.00000000099999999992 0.00000000099999999992 
0.03709805704337297561 0.00965666039291181860 0.56448850152742569009 0.03979194672981852671 0.24636343802597190922 0.10260139528049906643 0.00000000100000000000 
0.09574296158222457553 0.00000000099999999999 0.42382665985153339383 0.03707211483837122290 0.33515027570228250742 0.10820798602558831525 0.00000000099999999999 
0.07998522752405815006 0.00000000099999999999 0.49230995186062748159 0.02312711986658202643 0.28672024303182042093 0.11785745571691187694 0.00000000099999999999 
0.07151859522504487587 0.03945070148218336736 0.51582185560152837844 0.03036248287250073105 0.27325568097984842542 0.06959068283889416340 0.00000000100000000000 
0.07803119132075676811 0.00000019277253285098 0.29115133971491830023 0.04948137101925444148 0.38209829082446195025 0.19923761334807563173 0.00000000099999999999 
0.04741969760518775084 0.00851503502035710035 0.45232209311262999707 0.02953861877181192946 0.23566776360050106787 0.21963912897042925376 0.00689766291908275146 
0.07031590684883219644 0.00000000099999999999 0.41964944573573520481 0.04178263401508836017 0.27494415055275439608 0.19330786084758994070 0.00000000099999999999 
0.07785859279914801589 0.00716346482504417927 0.34620436500856321960 0.05322144935441467523 0.30838304723429932341 0.20716907977853052381 0.00000000100000000000 
0.07601050236548238803 0.00603606629511250613 0.46609807008817610852 0.05819899030152576869 0.25909849407821311518 0.13455787587149017903 0.00000000100000000000 
0.02732115178126958560 0.00000000099999999999 0.46257526021287631579 0.03662123276534073879 0.28441384312808687396 0.18906851011242642446 0.00000000099999999999 
0.12242041549264762179 0.00000003862517730091 0.40686128055871417786 0.06558996244647730123 0.25661737104316878488 0.14851093083381494697 0.00000000100000000000 
0.10231471308908446360 0.01639292375080439110 0.42258033305885883690 0.03170367809066684806 0.27493817919328622512 0.15207017181729934330 0.00000000099999999999 
0.06644076165107892784 0.03011867813306975603 0.50310728754421474296 0.02207087601423761078 0.23482520575905349580 0.14343718989834530753 0.00000000099999999999 
0.03647987973840248477 0.02042570128031402643 0.15324204577955852224 0.06364927708738876699 0.45027439682540348898 0.27592869828893262785 0.00000000100000000000 
0.05036916000607414429 0.00000000099999999999 0.54468448236377209337 0.03432945576656352277 0.24231940269577215141 0.12829749716781821411 0.00000000099999999999 
0.00164329127475241815 0.34552838308216160534 0.62233161935214043048 0.00000000099999999996 0.00000000099999999996 0.03049670329094563911 0.00000000099999999996 
0.00000000099999999989 0.99999999400000016969 0.00000000099999999989 0.00000000099999999989 0.00000000099999999989 0.00000000099999999989 0.00000000099999999989 
0.00000000099999999988 0.99999999400000005867 0.00000000099999999988 0.00000000099999999988 0.00000000099999999988 0.00000000099999999988 0.00000000099999999988 
0.00000000099999999992 0.99999999400000005867 0.00000000099999999992 0.00000000099999999992 0.00000000099999999992 0.00000000099999999992 0.00000000099999999992 
0.00000000099999999988 0.99999999400000016969 0.00000000099999999988 0.00000000099999999988 0.00000000099999999988 0.00000000099999999988 0.00000000099999999988 
0.00000000099999999988 0.99999999400000005867 0.00000000099999999988 0.00000000099999999988 0.00000000099999999988 0.00000000099999999988 0.00000000099999999988 
0.00000000099999999993 0.99999999400000005867 0.00000000099999999993 0.00000000099999999993 0.00000000099999999993 0.00000000099999999993 0.00000000099999999993 
0.00000000099999999988 0.99999999400000016969 0.00000000099999999988 0.00000000099999999988 0.00000000099999999988 0.00000000099999999988 0.00000000099999999988 
0.00000000099999999995 0.80158737877838037722 0.19841261622161976419 0.00000000099999999995 0.00000000099999999995 0.00000000099999999995 0.00000000099999999995 
0.00000000099999999992 0.99999999400000005867 0.00000000099999999992 0.00000000099999999992 0.00000000099999999992 0.00000000099999999992 0.00000000099999999992 
0.04110052556468495044 0.00856275515496603308 0.72539700740392132339 0.02248375303205783077 0.12742632232039938223 0.07502963552397039215 0.00000000099999999999 
0.05157335034166699722 0.00000000099999999997 0.75473396718869034672 0.00000000099999999997 0.10069533871176079842 0.09299734075788188004 0.00000000099999999997 
0.00000000099999999999 0.08033517233522352585 0.82114644362983435499 0.01384163955341703549 0.00000000099999999999 0.08467674148152515290 0.00000000099999999999 
0.00000000099999999997 0.14071494145242047225 0.83995043175096684163 0.00000000099999999997 0.00000000099999999997 0.01933462279661260497 0.00000000099999999997 
0.02414120480043571715 0.14503957163299213695 0.82539496619962771096 0.00000000099999999998 0.00000000099999999998 0.00542425436694430295 0.00000000099999999998 
0.00000000099999999997 0.15624474801341922681 0.80428464907100960524 0.00000000099999999997 0.00000000099999999997 0.03947059891557123251 0.00000000099999999997 
0.00000000099999999996 0.03381185211116621153 0.94288956064341133967 0.00000000099999999996 0.00000000099999999996 0.02329858324542263132 0.00000000099999999996 
0.00000000099999999997 0.12214932082396577628 0.82791974099808329779 0.00000000099999999997 0.00000000099999999997 0.04993093417795103212 0.00000000099999999997 
0.00000000099999999998 0.03235943486492874610 0.92601005040101480592 0.00000000099999999998 0.00000000099999999998 0.04163051073405643621 0.00000000099999999998 
0.00000000099999999996 0.05209943537536230324 0.90712336218111566666 0.00000000099999999996 0.00000000099999999996 0.04077719844352194895 0.00000000099999999996 
0.00000000099999999995 0.12404908008732619396 0.87595091491267385031 0.00000000099999999995 0.00000000099999999995 0.00000000099999999995 0.00000000099999999995 
0.00000000099999999995 0.11133465798056089990 0.88866533701943928314 0.00000000099999999995 0.00000000099999999995 0.00000000099999999995 0.00000000099999999995 
0.00000000099999999995 0.07476739625116646248 0.92523259874883356790 0.00000000099999999995 0.00000000099999999995 0.00000000099999999995 0.00000000099999999995 
0.01322180700780390718 0.07320157348974259959 0.88411414495371731803 0.00000000099999999997 0.00000000099999999997 0.02946247154873636587 0.00000000099999999997 
0.00000000099999999996 0.09632634820990751412 0.90367364679009254402 0.00000000099999999996 0.00000000099999999996 0.00000000099999999996 0.00000000099999999996 
0.01643815375264090495 0.12631355210682335133 0.84058653804070693205 0.00000000099999999998 0.00000000099999999998 0.01666175309982883060 0.00000000099999999998 
0.00000000099999999997 0.08830347136903919647 0.87416646929437646918 0.00000000099999999997 0.00000000099999999997 0.03753005533658425319 0.00000000099999999997 
0.00000000099999999996 0.03031559533523384142 0.96968439966476616121 0.00000000099999999996 0.00000000099999999996 0.00000000099999999996 0.00000000099999999996 
0.00666135078804236912 0.04480374233150179880 0.94853490288045594347 0.00000000099999999998 0.00000000099999999998 0.00000000099999999998 0.00000000099999999998 
0.00000000099999999995 0.02967076252106205098 0.97032923247893798635 0.00000000099999999995 0.00000000099999999995 0.00000000099999999995 0.00000000099999999995 
0.00000000099999999996 0.15258237495768928182 0.84739568505287443667 0.00000000099999999996 0.00000000099999999996 0.00002193598943631070 0.00000000099999999996 
0.00000000099999999996 0.00000000099999999996 0.99999999399999994765 0.00000000099999999996 0.00000000099999999996 0.00000000099999999996 0.00000000099999999996 
0.00000000099999999997 0.03907978610530525587 0.96092020889469476064 0.00000000099999999997 0.00000000099999999997 0.00000000099999999997 0.00000000099999999997 
0.00000000099999999998 0.10288968782264350244 0.89603182769348677095 0.00107833600228097212 0.00000000099999999998 0.00000014548158891824 0.00000000099999999998 
0.00000000099999999993 0.00000000099999999993 0.00000000099999999993 0.00000000099999999993 0.99999999400000005867 0.00000000099999999993 0.00000000099999999993 
0.00000000099999999992 0.00000000099999999992 0.00000000099999999992 0.00000000099999999992 0.99999999400000005867 0.00000000099999999992 0.00000000099999999992 
0.00000000099999999999 0.70452607307986747642 0.00000000099999999999 0.06773365869955400020 0.21616520754740964350 0.00000000099999999999 0.01157505767316889360 
0.00000000099999999998 0.78920506003018842112 0.00000000099999999998 0.00000000664665625634 0.21079492932315554987 0.00000000099999999998 0.00000000099999999998 
0.00000000099999999998 0.69631663106251184825 0.00000000099999999998 0.04477201231552370431 0.22823368428625595561 0.00000000099999999998 0.03067766933570863566 
0.00000000099999999999 0.72195867286050663392 0.27804132213949350749 0.00000000099999999999 0.00000000099999999999 0.00000000099999999999 0.00000000099999999999 
0.00000000100000000000 0.78479545457475596848 0.00000000100000000000 0.03779731943758438822 0.16453105056308142684 0.00000000100000000000 0.01287617242457846263 
0.00000000099999999999 0.77577546253850715452 0.00000000099999999999 0.04482423757129143371 0.17940029589020151102 0.00000000099999999999 0.00000000099999999999 
0.00000000099999999999 0.76475894203228322876 0.00000000099999999999 0.03720650122374181273 0.18537800345988350581 0.00000000099999999999 0.01265655028409149938 
0.00000000099999999999 0.55909590753570925781 0.00000000099999999999 0.10818793731855277929 0.29162984503945410530 0.01118765873148584722 0.02989864937479789347 
0.00000000099999999998 0.76257901804563910098 0.00000000099999999998 0.06079750172445272383 0.17662347622990826057 0.00000000099999999998 0.00000000099999999998 
0.00000000099999999999 0.81192174623809598710 0.00000000099999999999 0.00000000099999999999 0.18807824876190407104 0.00000000099999999999 0.00000000099999999999 
0.00000000099999999999 0.71346526678677513189 0.00000000099999999999 0.05402475805085284188 0.23250997116237204221 0.00000000099999999999 0.00000000099999999999 
0.00000000099999999999 0.71773788389902137830 0.00000000099999999999 0.00538282017379810695 0.24326229465314364031 0.00000000099999999999 0.03361699827403696883 
0.02430509537338945703 0.19299381783821606406 0.07174844160672766424 0.20920422311557793082 0.39588844936088335436 0.03174643257410276337 0.07411354013110280081 
0.07275694212240607639 0.06520370889901758171 0.46014516888136530737 0.00443164009788965703 0.23842536542641187824 0.15903717357290936274 0.00000000099999999999 
0.10147845226027812915 0.04295301436521259397 0.36530399074104036305 0.00000000099999999999 0.27540423079387749139 0.21486030983959147900 0.00000000099999999999 
0.10388195952683337842 0.03992490867801936488 0.38106541945889782497 0.00959721884876817491 0.28332989024159388469 0.18220060224588741082 0.00000000099999999999 
0.11919987447421141746 0.04837990259211873145 0.30833525978621834085 0.00000000099999999999 0.30171610611256355350 0.22236885503488798554 0.00000000099999999999 
0.13820069364093845454 0.03892464398427426114 0.34192346997521716467 0.00000000099999999999 0.30897453370282979002 0.17197665669674033762 0.00000000099999999999 
0.10886188892178413901 0.00008470485596320138 0.36260239369203900450 0.00000000099999999999 0.33366533726224889556 0.19478567326796475401 0.00000000099999999999 
0.08313901835033195298 0.01450696584353568415 0.39464813957540612055 0.00000000099999999999 0.33585289834107395768 0.17185297588965212090 0.00000000099999999999 
0.12138352348049966101 0.03325901038878328886 0.30905604070713099674 0.02652421279564603357 0.32399677399680854029 0.18578043763113152864 0.00000000099999999999 
0.11126173057728366844 0.03757680969402594356 0.29305833690902466371 0.00000000099999999999 0.35365720143938883524 0.20444591938027681377 0.00000000099999999999 
0.08734656536249056635 0.01050765608401512015 0.38425444074062953259 0.00584906553392029304 0.32025945417151047145 0.19178281710743394495 0.00000000099999999999 
0.07302928002004199781 0.07846616285515212175 0.35156440653458115309 0.00336278808064400343 0.30131139786537453062 0.19226596364420614482 0.00000000099999999999 
0.09576692477538475967 0.02576440872414867411 0.29864732353097345197 0.01741685265113697076 0.29751289825499876995 0.26489159106335735672 0.00000000099999999999 
0.09605606588671924961 0.02684910385191104781 0.33979533511155751713 0.03068396274132619700 0.33459217293110560254 0.17202335847738053909 0.00000000099999999999 
0.09581668127807439761 0.02722203670192351738 0.35614864966935172452 0.00162521429892909896 0.30549197042726261575 0.21369544662445846828 0.00000000099999999999 
0.09123865475974844708 0.00000002343100706525 0.32214571881279069343 0.02009079770022052444 0.34284090351683577103 0.22368390077939756533 0.00000000099999999999 
0.07666674159650337106 0.00006554591987788859 0.38589485466471984410 0.00593044910656186346 0.31266287693970723494 0.21877953077262984882 0.00000000099999999999 
0.06753661867344135095 0.02870473493591903930 0.36812205197990943706 0.00000000099999999999 0.33148522125164825436 0.20415137115908196797 0.00000000099999999999 
0.11136293796198065698 0.06998848732190268707 0.29432633296494770114 0.00288394554219803794 0.36925933904706886857 0.15217895616190202368 0.00000000099999999999 
0.08973432090903012137 0.00000000099999999999 0.33901130757547992545 0.02983681455091138912 0.34712098026582122179 0.19429657469875721842 0.00000000099999999999 
0.12555105174847808192 0.01468812851962106834 0.32579435031920123134 0.00000000099999999999 0.34654570066770257197 0.18742076674499694167 0.00000000099999999999 
0.00000000099999999994 0.00000000099999999994 0.00000000099999999994 0.00000000099999999994 0.99999999400000005867 0.00000000099999999994 0.00000000099999999994 
0.00000000099999999998 0.01803896523140650215 0.96811901340227035639 0.00000000099999999998 0.01384201736632317999 0.00000000099999999998 0.00000000099999999998 
0.00000000099999999997 0.00000000099999999997 0.92389340880973058745 0.00000000099999999997 0.07610658619026937355 0.00000000099999999997 0.00000000099999999997 
0.00000000099999999997 0.00000000099999999997 0.96375633478346012240 0.00000000099999999997 0.03624366021653985942 0.00000000099999999997 0.00000000099999999997 
0.00000000099999999997 0.00000000099999999997 0.94143457295073285085 0.00000000099999999997 0.05856542204926717260 0.00000000099999999997 0.00000000099999999997 
0.00000000099999999993 0.00000000099999999993 0.99999999399999994765 0.00000000099999999993 0.00000000099999999993 0.00000000099999999993 0.00000000099999999993 
0.02370416770616144003 0.02621050695397494218 0.94176186814534079694 0.00000000099999999998 0.00832345419452284845 0.00000000099999999998 0.00000000099999999998 
0.00000000099999999988 0.00000000099999999988 0.99999999399999994765 0.00000000099999999988 0.00000000099999999988 0.00000000099999999988 0.00000000099999999988 
0.00000000099999999994 0.00000000099999999994 0.99999999399999994765 0.00000000099999999994 0.00000000099999999994 0.00000000099999999994 0.00000000099999999994 
0.00000000099999999996 0.00000000099999999996 0.99999999399999994765 0.00000000099999999996 0.00000000099999999996 0.00000000099999999996 0.00000000099999999996 
0.00000000099999999997 0.00000000099999999997 0.93044075253848135265 0.00000000099999999997 0.06955924246151876100 0.00000000099999999997 0.00000000099999999997 
0.00000000099999999993 0.00000000099999999993 0.99999999399999994765 0.00000000099999999993 0.00000000099999999993 0.00000000099999999993 0.00000000099999999993 
0.00000000099999999996 0.00000000099999999996 0.96108665114195235279 0.00000000099999999996 0.03891334385804775392 0.00000000099999999996 0.00000000099999999996 
0.00000000099999999996 0.00000000099999999996 0.99999999400000005867 0.00000000099999999996 0.00000000099999999996 0.00000000099999999996 0.00000000099999999996 
0.00000000099999999997 0.00000067160542215603 0.21473697183414053313 0.00000000099999999997 0.00000000099999999997 0.78526235256043741551 0.00000000099999999997 
0.00000000099999999990 0.00000000099999999990 0.99999999400000005867 0.00000000099999999990 0.00000000099999999990 0.00000000099999999990 0.00000000099999999990 
0.00000000099999999997 0.00000000099999999997 0.19002580693757545327 0.00000000099999999997 0.00000000099999999997 0.80997418806242449385 0.00000000099999999997 
0.00000000099999999996 0.00000000099999999996 0.14588846034682567687 0.00000000099999999996 0.00000000099999999996 0.85411153465317424249 0.00000000099999999996 
0.01553811810339450830 0.00085414828697613090 0.27966424764255665147 0.00000000099999999997 0.00000000099999999997 0.70394348296707265344 0.00000000099999999997 
0.00000000099999999995 0.00000000099999999995 0.15307467987979106461 0.00000000099999999995 0.00000000099999999995 0.84692531512020896578 0.00000000099999999995 
0.04924669164447055547 0.04834894654127393915 0.06315103330370305801 0.00000000099999999998 0.00000000099999999998 0.83925332551055231711 0.00000000099999999998 
0.01525680622849452141 0.04644029220533277963 0.10252446776676295281 0.00000000099999999998 0.11534963439639291105 0.72042879740301679625 0.00000000099999999998 
0.00000000099999999997 0.00000045613460523821 0.25898427136969465190 0.00000000099999999997 0.00000000099999999997 0.74101526849570009681 0.00000000099999999997 
0.01898953849890711726 0.00000000099999999997 0.20166981763546523720 0.00000000099999999997 0.00000000099999999997 0.77934063986562751580 0.00000000099999999997 
0.00000000099999999996 0.00000000099999999996 0.22570413208863573939 0.00000000099999999996 0.00000000099999999996 0.77429586291136409670 0.00000000099999999996 
0.00000000099999999998 0.00000000099999999998 0.15003076974091122953 0.00000000099999999998 0.00000000099999999998 0.84996922525908880086 0.00000000099999999998 
0.00000000099999999989 0.00000000099999999989 0.00000000099999999989 0.00000000099999999989 0.00000000099999999989 0.99999999400000005867 0.00000000099999999989 
0.00000000099999999989 0.00000000099999999989 0.00000000099999999989 0.00000000099999999989 0.00000000099999999989 0.99999999399999994765 0.00000000099999999989 
0.00000092731096148100 0.00000000099999999998 0.02385351744856029424 0.00000000099999999998 0.00000000099999999998 0.97614555124047808210 0.00000000099999999998 
0.00000000099999999995 0.00000000099999999995 0.00000000099999999995 0.00000000099999999995 0.00000000099999999995 0.99999999399999994765 0.00000000099999999995 
0.00000000099999999994 0.00000000099999999994 0.00000000099999999994 0.00000000099999999994 0.00000000099999999994 0.99999999400000005867 0.00000000099999999994 
0.00000000099999999997 0.00000000099999999997 0.00000012216946486931 0.00000000099999999997 0.00000000099999999997 0.99999987283053515252 0.00000000099999999997 
0.00000000099999999994 0.00000000099999999994 0.00000000099999999994 0.00000000099999999994 0.00000000099999999994 0.99999999400000005867 0.00000000099999999994 
0.00000000099999999992 0.00000000099999999992 0.00000000099999999992 0.00000000099999999992 0.00000000099999999992 0.99999999400000005867 0.00000000099999999992 
0.00000000099999999995 0.00000000099999999995 0.00000000099999999995 0.00000000099999999995 0.00000000099999999995 0.99999999400000005867 0.00000000099999999995 
0.00000000099999999997 0.00000000099999999997 0.00000000099999999997 0.00000000099999999997 0.00000000099999999997 0.99999999399999994765 0.00000000099999999997 
0.00000000099999999996 0.00000000099999999996 0.00000000099999999996 0.00000000099999999996 0.00000000099999999996 0.99999999400000005867 0.00000000099999999996 
0.00000000099999999995 0.00000000099999999995 0.00000000099999999995 0.00000000099999999995 0.00000000099999999995 0.99999999400000005867 0.00000000099999999995 
0.00000000099999999994 0.00000000099999999994 0.00000000099999999994 0.00000000099999999994 0.00000000099999999994 0.99999999399999994765 0.00000000099999999994 
0.00000000099999999994 0.00000000099999999994 0.00761678748819533732 0.00000000099999999994 0.00000000099999999994 0.99238320751180464363 0.00000000099999999994 
0.00000000099999999998 0.00026882610008188874 0.00665099476301080680 0.00000000099999999998 0.00000000099999999998 0.99308017513690738376 0.00000000099999999998 
0.00000000099999999996 0.98544149127549607314 0.01455850372450396592 0.00000000099999999996 0.00000000099999999996 0.00000000099999999996 0.00000000099999999996 
0.00000000099999999994 0.99999999400000016969 0.00000000099999999994 0.00000000099999999994 0.00000000099999999994 0.00000000099999999994 0.00000000099999999994 
0.00000000099999999995 0.99999999400000016969 0.00000000099999999995 0.00000000099999999995 0.00000000099999999995 0.00000000099999999995 0.00000000099999999995 
0.00000000099999999995 0.99999999400000016969 0.00000000099999999995 0.00000000099999999995 0.00000000099999999995 0.00000000099999999995 0.00000000099999999995 
0.00000000099999999997 0.99999999400000016969 0.00000000099999999997 0.00000000099999999997 0.00000000099999999997 0.00000000099999999997 0.00000000099999999997 
0.00000000099999999994 0.99999999400000016969 0.00000000099999999994 0.00000000099999999994 0.00000000099999999994 0.00000000099999999994 0.00000000099999999994 
0.00000000099999999995 0.99999999400000005867 0.00000000099999999995 0.00000000099999999995 0.00000000099999999995 0.00000000099999999995 0.00000000099999999995 
0.00000000099999999993 0.99999999400000016969 0.00000000099999999993 0.00000000099999999993 0.00000000099999999993 0.00000000099999999993 0.00000000099999999993 
0.00000000099999999999 0.89875658866388019597 0.05201125847531819224 0.00000000099999999999 0.00000005087277390392 0.04923209898802782813 0.00000000099999999999 
0.00000000099999999994 0.99999999400000016969 0.00000000099999999994 0.00000000099999999994 0.00000000099999999994 0.00000000099999999994 0.00000000099999999994 
0.00000000099999999995 0.99999999400000005867 0.00000000099999999995 0.00000000099999999995 0.00000000099999999995 0.00000000099999999995 0.00000000099999999995 
0.00000000099999999993 0.99999999400000016969 0.00000000099999999993 0.00000000099999999993 0.00000000099999999993 0.00000000099999999993 0.00000000099999999993 
0.00000000099999999994 0.99999999400000016969 0.00000000099999999994 0.00000000099999999994 0.00000000099999999994 0.00000000099999999994 0.00000000099999999994 
0.00000000099999999995 0.99999999400000016969 0.00000000099999999995 0.00000000099999999995 0.00000000099999999995 0.00000000099999999995 0.00000000099999999995 
0.00000000099999999994 0.99999999400000005867 0.00000000099999999994 0.00000000099999999994 0.00000000099999999994 0.00000000099999999994 0.00000000099999999994 
0.00000000099999999993 0.99999999400000005867 0.00000000099999999993 0.00000000099999999993 0.00000000099999999993 0.00000000099999999993 0.00000000099999999993 
0.00000000099999999994 0.99999999400000016969 0.00000000099999999994 0.00000000099999999994 0.00000000099999999994 0.00000000099999999994 0.00000000099999999994 
0.00000000099999999992 0.99999999400000016969 0.00000000099999999992 0.00000000099999999992 0.00000000099999999992 0.00000000099999999992 0.00000000099999999992 
0.00000000099999999995 0.99999999400000005867 0.00000000099999999995 0.00000000099999999995 0.00000000099999999995 0.00000000099999999995 0.00000000099999999995 
0.00000000099999999995 0.99999999400000005867 0.00000000099999999995 0.00000000099999999995 0.00000000099999999995 0.00000000099999999995 0.00000000099999999995 
0.00000000099999999997 0.99999999400000016969 0.00000000099999999997 0.00000000099999999997 0.00000000099999999997 0.00000000099999999997 0.00000000099999999997 
0.00000000099999999993 0.00000000099999999993 0.00000000099999999993 0.00000000099999999993 0.99999999400000005867 0.00000000099999999993 0.00000000099999999993 
0.04631312059194438863 0.54356237352130298834 0.00398370180873614151 0.09172928204928913754 0.26373474726393186796 0.00000204407453389444 0.05067473069026160598 
0.00000000099999999994 0.83791514198298511218 0.16208485301701505699 0.00000000099999999994 0.00000000099999999994 0.00000000099999999994 0.00000000099999999994 
0.00000000099999999997 0.19116645793459449698 0.80883353706540550565 0.00000000099999999997 0.00000000099999999997 0.00000000099999999997 0.00000000099999999997 
0.00000000099999999994 0.76276517572718471882 0.23723481927281525605 0.00000000099999999994 0.00000000099999999994 0.00000000099999999994 0.00000000099999999994 
0.00000000099999999996 0.69153941208910130189 0.30846058291089883951 0.00000000099999999996 0.00000000099999999996 0.00000000099999999996 0.00000000099999999996 
0.00000000099999999986 0.99999999400000005867 0.00000000099999999986 0.00000000099999999986 0.00000000099999999986 0.00000000099999999986 0.00000000099999999986 
0.00000000099999999990 0.99999999400000005867 0.00000000099999999990 0.00000000099999999990 0.00000000099999999990 0.00000000099999999990 0.00000000099999999990 
0.00000000099999999991 0.00000000099999999991 0.99999999399999994765 0.00000000099999999991 0.00000000099999999991 0.00000000099999999991 0.00000000099999999991 
0.00000000099999999994 0.00000000099999999994 0.99999999399999994765 0.00000000099999999994 0.00000000099999999994 0.00000000099999999994 0.00000000099999999994 
0.00000000099999999992 0.00000000099999999992 0.99999999400000005867 0.00000000099999999992 0.00000000099999999992 0.00000000099999999992 0.00000000099999999992 
0.00000000099999999994 0.00000000099999999994 0.99999999400000005867 0.00000000099999999994 0.00000000099999999994 0.00000000099999999994 0.00000000099999999994 
0.00000000099999999991 0.00000000099999999991 0.99999999399999994765 0.00000000099999999991 0.00000000099999999991 0.00000000099999999991 0.00000000099999999991 
0.00000000099999999993 0.00000000099999999993 0.99999999399999994765 0.00000000099999999993 0.00000000099999999993 0.00000000099999999993 0.00000000099999999993 
0.00000000099999999993 0.00000000099999999993 0.99999999399999994765 0.00000000099999999993 0.00000000099999999993 0.00000000099999999993 0.00000000099999999993 
0.00000000099999999995 0.00000000099999999995 0.99999999399999994765 0.00000000099999999995 0.00000000099999999995 0.00000000099999999995 0.00000000099999999995 
0.00000000099999999992 0.00000000099999999992 0.00000000099999999992 0.00000000099999999992 0.00000000099999999992 0.00000000099999999992 0.99999999400000005867 
0.00000000099999999984 0.00000000099999999984 0.00000000099999999984 0.00000000099999999984 0.00000000099999999984 0.00000000099999999984 0.99999999399999994765 
0.00000000099999999992 0.00000000099999999992 0.00000000099999999992 0.00000000099999999992 0.00000000099999999992 0.00000000099999999992 0.99999999399999994765 
0.00000000099999999993 0.00000000099999999993 0.00000000099999999993 0.00000000099999999993 0.00000000099999999993 0.00000000099999999993 0.99999999399999994765 
0.00000000099999999985 0.00000000099999999985 0.00000000099999999985 0.00000000099999999985 0.00000000099999999985 0.00000000099999999985 0.99999999399999994765 
0.00000000099999999994 0.00000000099999999994 0.00000000099999999994 0.00000000099999999994 0.00000000099999999994 0.00000000099999999994 0.99999999399999994765 
