0.00000000099999999998 0.00000000099999999998 0.73524598626069037621 0.00000000099999999998 0.00000000099999999998 0.10508795504122370179 0.00000000099999999998 0.05213236003386863965 0.09674228171338253301 0.01079141195083467217 
0.00000000099999999997 0.00000000099999999997 0.77642980446600318167 0.00000000099999999997 0.00000000099999999997 0.06070845840482988476 0.00000000099999999997 0.07717688714678470896 0.08568484398238215838 0.00000000099999999997 
0.00000000099999999998 0.00000000099999999998 0.73445271935303180211 0.00000000099999999998 0.00000000099999999998 0.10756079572466129002 0.00000000099999999998 0.06074313050046263596 0.08443523813254287524 0.01280811128930144441 
0.00000000099999999998 0.00000000099999999998 0.76744898559039731456 0.00000000099999999998 0.00000000099999999998 0.09371044374526243947 0.00000000099999999998 0.03272029669378452577 0.10612026797055586214 0.00000000099999999998 
0.00000000099999999997 0.00000000099999999997 0.75495510054398451416 0.00022422425338043347 0.00000000099999999997 0.08215606980957264327 0.00000000099999999997 0.06713065224011210974 0.09553394815295024323 0.00000000099999999997 
0.00000000099999999999 0.00000000099999999999 0.70781412789544639885 0.00000366605458825885 0.00000000099999999999 0.08595090813274426644 0.00000000099999999999 0.10282286503408605283 0.10178512289568725224 0.00162330598744781624 
0.00000000099999999998 0.00000000099999999998 0.69447186042848707554 0.00000000099999999998 0.00000000099999999998 0.13532027749804356742 0.00000000099999999998 0.03560558076606504252 0.13460227530740431767 0.00000000099999999998 
0.04316637919784633431 0.00000000099999999999 0.59952199871583244928 0.00000000099999999999 0.00000000099999999999 0.11495117964597294236 0.00000000099999999999 0.07741752800141604718 0.16010531873339525766 0.00483759170553698520 
0.00000000099999999999 0.00000000099999999999 0.77893499217531148027 0.00237107026020544603 0.00000000099999999999 0.08169468810436494866 0.00000000099999999999 0.04170717238223435597 0.09529207207788371881 0.00000000099999999999 
0.00000000099999999998 0.00000000099999999998 0.62014589444070478130 0.00000000099999999998 0.00000000099999999998 0.12454633985650098715 0.00000000099999999998 0.09800550127382029464 0.14229600777159923108 0.01500625165737470672 
0.00000000099999999998 0.00000000099999999998 0.75696817870955857011 0.00000000099999999998 0.00000000099999999998 0.06077011019694640581 0.00000000099999999998 0.08738809653867907201 0.09487360855481591360 0.00000000099999999998 
0.00000000099999999999 0.00000000099999999999 0.68278835778636359777 0.02807661347773950447 0.00000000099999999999 0.07464149626098534607 0.00000000099999999999 0.06698596902218943716 0.13797543222736202706 0.00953212722536012948 
0.00000000099999999998 0.00000000099999999998 0.74261069896275799795 0.00000000099999999998 0.00000000099999999998 0.11719383014434754664 0.00002644106501576589 0.04917059766473341753 0.08440951693878709361 0.00658891122435831689 
0.00000000099999999999 0.41343962096744979462 0.40845690319660055145 0.01084499864134240779 0.14871770092268554730 0.00000000099999999999 0.01854077127192157656 0.00000000099999999999 0.00000000099999999999 0.00000000099999999999 
0.00000000099999999997 0.39130521068440182741 0.40316854087346137847 0.04063309948377937658 0.16489314272400171224 0.00000000123435574415 0.00000000099999999997 0.00000000099999999997 0.00000000099999999997 0.00000000099999999997 
0.00000000099999999998 0.44869984450102412543 0.36369725034225436344 0.00002237536178409429 0.16918443207610855961 0.00000000099999999998 0.01839609271882890196 0.00000000099999999998 0.00000000099999999998 0.00000000099999999998 
0.00000000099999999999 0.38394223257447557263 0.34265920074979849819 0.00083652611730955506 0.24024462372735386206 0.00013200300973763093 0.03216049580955251952 0.00002491501177225066 0.00000000099999999999 0.00000000099999999999 
0.00000000099999999997 0.40029568247687608018 0.42575176037569256726 0.00944694595939489859 0.16449613311422120465 0.00000000099999999997 0.00000947307381516814 0.00000000099999999997 0.00000000099999999997 0.00000000099999999997 
0.00000000099999999998 0.39365754151788939774 0.41534548160152917617 0.01532755622390830075 0.15368322259029607024 0.00000000099999999998 0.01733661777003096816 0.00464957629634595634 0.00000000099999999998 0.00000000099999999998 
0.00000000099999999997 0.39358575220104213832 0.38296894277604393020 0.00000000099999999997 0.15229214839668916981 0.00000000099999999997 0.07115315062622475095 0.00000000099999999997 0.00000000099999999997 0.00000000099999999997 
0.00000000099999999998 0.42684253425258794623 0.38205167402504236485 0.00000000099999999998 0.15149526528383816526 0.02388153331864940887 0.00000000099999999998 0.00000000099999999998 0.00000000099999999998 0.01572898811988229784 
0.00611392785423202269 0.51315378328807381703 0.35063077495309069587 0.00000000099999999998 0.10539213500076759222 0.00438370488236200419 0.02032567002147385449 0.00000000099999999998 0.00000000099999999998 0.00000000099999999998 
0.00000000099999999998 0.44904881875078728193 0.35420753596611720404 0.02121152644113160485 0.14362914892850911497 0.00000000099999999998 0.02674008097964581873 0.00516288493380887611 0.00000000099999999998 0.00000000099999999998 
0.00000000099999999999 0.42756211156121604056 0.34091063511574898337 0.00305922311062773204 0.19233568226622074770 0.00000000099999999999 0.02176129820616048635 0.01026397559875318229 0.00000000099999999999 0.00410707114127274904 
0.01270411300521185650 0.47178543488208984913 0.32002730668351037080 0.00000000099999999998 0.11162451968223939536 0.01921172549932054219 0.06464689624762796905 0.00000000099999999998 0.00000000099999999998 0.00000000099999999998 
0.00000000099999999998 0.44303044335387475883 0.36149402387745593890 0.01806316662023460182 0.12468519685119346108 0.00000000099999999998 0.04424087132541638934 0.00848629397182481572 0.00000000099999999998 0.00000000099999999998 
0.00000000099999999998 0.48311354819763246971 0.34299609907900174832 0.01416574942994529816 0.08669063759972496508 0.03710414976963175709 0.02395365358722879520 0.01197615933683506516 0.00000000099999999998 0.00000000099999999998 
0.00000000099999999998 0.39595170976442151112 0.34024554707348481086 0.02684091417789580269 0.19022579018276891683 0.00000000099999999998 0.04673603380142892644 0.00000000099999999998 0.00000000099999999998 0.00000000099999999998 
0.00000000099999999996 0.38694569215928226180 0.40733658794143956516 0.00000000099999999996 0.17584304471191197772 0.00000000099999999996 0.02987466918736625052 0.00000000099999999996 0.00000000099999999996 0.00000000099999999996 
0.00000000099999999997 0.72197151171137419201 0.27802845141415366559 0.00000000099999999997 0.00000002987447221581 0.00000000099999999997 0.00000000099999999997 0.00000000099999999997 0.00000000099999999997 0.00000000099999999997 
0.02972489207931661506 0.69398054984364665465 0.27629455107703687622 0.00000000099999999995 0.00000000099999999995 0.00000000099999999995 0.00000000099999999995 0.00000000099999999995 0.00000000099999999995 0.00000000099999999995 
0.00005020259332397934 0.60346879001835218581 0.33310559692076813221 0.00000000099999999998 0.00047601980617112015 0.00000027476191443223 0.06195471255056482496 0.00000000099999999998 0.00000000099999999998 0.00094440034890527682 
0.02096521137372416715 0.66674887448861042127 0.24561833689817225146 0.01667619294085032761 0.03405435726191120144 0.00000000099999999997 0.01593702303673173379 0.00000000099999999997 0.00000000099999999997 0.00000000099999999997 
0.00000000239467430232 0.68601002682172429470 0.26881949405207949955 0.00000000099999999996 0.00000000099999999996 0.00000000099999999996 0.02911951066730314452 0.01605096106421882024 0.00000000099999999996 0.00000000099999999996 
0.04094069021697747252 0.67709967461717746051 0.24084486012415573519 0.00144661140299548875 0.02068075790508092093 0.00000000099999999999 0.01898501185176548409 0.00000000099999999999 0.00000000099999999999 0.00000239088184757954 
0.03033338660269862749 0.69457663959699578182 0.27508996680030572968 0.00000000099999999995 0.00000000099999999995 0.00000000099999999995 0.00000000099999999995 0.00000000099999999995 0.00000000099999999995 0.00000000099999999995 
0.00776975006635819386 0.65360327031533294040 0.28395226632945358425 0.00000000099999999998 0.00120450296493646285 0.00000000099999999998 0.04654673892539923363 0.00000000099999999998 0.00000000099999999998 0.00692346739851979875 
0.01484706385116704892 0.75086850963697826522 0.19656107360791885696 0.00000000099999999997 0.03382037606590351103 0.00000000099999999997 0.00390297183803254644 0.00000000099999999997 0.00000000099999999997 0.00000000099999999997 
0.00000000099999999998 0.62326238349230034252 0.30867508537235760491 0.00387365260968366553 0.03420919299659531260 0.00000000099999999998 0.02901491648983489310 0.00000000099999999998 0.00000000099999999998 0.00096476503922831344 
0.00000000099999999986 0.99999999100000014352 0.00000000099999999986 0.00000000099999999986 0.00000000099999999986 0.00000000099999999986 0.00000000099999999986 0.00000000099999999986 0.00000000099999999986 0.00000000099999999986 
0.00800953954203903473 0.63283381089391665952 0.27556783068768847533 0.00000000099999999997 0.02739787797412994094 0.00000000099999999997 0.05619093590222595802 0.00000000099999999997 0.00000000099999999997 0.00000000099999999997 
0.00000000099999999995 0.69142152405165180351 0.28382730903177766368 0.00000000099999999995 0.00000000099999999995 0.00000000099999999995 0.02475115991657054343 0.00000000099999999995 0.00000000099999999995 0.00000000099999999995 
0.02654094217461413704 0.66733145896378209816 0.27665884568311932545 0.00000000099999999997 0.00017006815917176903 0.00000000099999999997 0.02929868001931287477 0.00000000099999999997 0.00000000099999999997 0.00000000099999999997 
0.00000000099999999998 0.63784865373302446212 0.27221880047380797585 0.00000000099999999998 0.03081142987485957496 0.00886355868853606552 0.04878886821561675968 0.00000000099999999998 0.00000000099999999998 0.00146868501415543177 
0.00000000099999999997 0.67797446310150155657 0.29513305546512225153 0.00000000099999999997 0.02651137578976949655 0.00000000099999999997 0.00038109964360680124 0.00000000099999999997 0.00000000099999999997 0.00000000099999999997 
0.01760766920130797664 0.74101213912682861729 0.21658117061661322222 0.00000000099999999997 0.00000000099999999997 0.00000000099999999997 0.02479901505525029803 0.00000000099999999997 0.00000000099999999997 0.00000000099999999997 
0.08069733345106226696 0.80938007638349107609 0.07268920840571754804 0.00000000099999999998 0.00000000099999999998 0.00000000099999999998 0.02124365085109587367 0.01598972590863331072 0.00000000099999999998 0.00000000099999999998 
0.00000000099999999999 0.08974417059673329977 0.12309655760033448579 0.09571410755874550091 0.02467301819757895809 0.03082954836108832766 0.00000000099999999999 0.31055460632179388014 0.32538798836372551104 0.00000000099999999999 
0.00000000099999999999 0.15913716133381863860 0.00000000099999999999 0.12588667666252753574 0.01839869658140641864 0.02071501173173521948 0.01388069170521430591 0.30247230005696928989 0.35950945892832858464 0.00000000099999999999 
0.00000000099999999999 0.04959398252698309084 0.00000000099999999999 0.13192745041810549633 0.05889253511301849320 0.03894036345462061066 0.01974002459450446487 0.31899058710155786533 0.38191505379120993524 0.00000000099999999999 
0.00000000100000000000 0.03870782939183824850 0.00000000100000000000 0.14220353926008291734 0.09784023234654581902 0.04059692713443668888 0.03863744577558504006 0.29119240424584569293 0.34971766522753044981 0.00110395461813506102 
0.00000000100000000000 0.09726424091824334428 0.00725045499809473526 0.13205099476142723169 0.05214569466397175890 0.05034046304529708055 0.00050693724918077958 0.26027869673942261031 0.39197920144760711736 0.00818331517675522854 
0.00000000100000000000 0.05044155588276500596 0.06176984122530755628 0.14461409490528290278 0.00000051332341527416 0.07176573049904996782 0.02152611822907047126 0.29792044871804274075 0.33964967155239700336 0.01231202466466895483 
0.00000000099999999998 0.07349781768430609097 0.08927562283803093524 0.10911592582149756692 0.03280395949591439347 0.05063645863610699571 0.03715311878939302898 0.28464329550785305578 0.32287379922689790623 0.00000000099999999998 
0.01309106906217415156 0.08089375949317705039 0.05710107403291121014 0.15852138129189169424 0.06419522937788484096 0.06882794311483018956 0.00000000100000000000 0.28198073830639686088 0.27358099157662518763 0.00180781274410879021 
0.00000134675914441193 0.04284210687689059271 0.04827522213887044944 0.14605254647443896565 0.09221257871707595755 0.05565205520440479059 0.00036053849831298553 0.28228367341740873142 0.32206388638046024031 0.01025604553299289817 
0.00000000099999999999 0.08417506187965226316 0.03250195656683349532 0.11939176723580073591 0.00084062756670793670 0.07404902291590981234 0.00000000099999999999 0.31231658370426734761 0.37672497713082830906 0.00000000099999999999 
0.03759525300396739794 0.82830495764728562236 0.09782966639834286826 0.01535385748428407492 0.02091626046612019701 0.00000000099999999997 0.00000000099999999997 0.00000000099999999997 0.00000000099999999997 0.00000000099999999997 
0.04305573157769293502 0.87441961039821081147 0.00000000099999999997 0.03002525682851424696 0.03751938776809743414 0.00000000099999999997 0.01498000842748449871 0.00000000099999999997 0.00000000099999999997 0.00000000099999999997 
0.01891702172697870207 0.93932206335513446227 0.00000000099999999997 0.00000000099999999997 0.04001270111806794205 0.00000000099999999997 0.00174820779981906612 0.00000000099999999997 0.00000000099999999997 0.00000000099999999997 
0.00000000099999999997 0.94553836229682053371 0.00000000099999999997 0.00000000099999999997 0.05446162970317963009 0.00000000099999999997 0.00000000099999999997 0.00000000099999999997 0.00000000099999999997 0.00000000099999999997 
0.02250087547106401076 0.84044147816997061273 0.00000000099999999999 0.00600725370159792531 0.05791167687503419315 0.00000000099999999999 0.06961116209075600414 0.00352754969157722696 0.00000000099999999999 0.00000000099999999999 
0.01785637862164077966 0.86288682978752595520 0.02335513015784665414 0.02437492024716587241 0.06566982139440614985 0.00000000099999999998 0.00000000099999999998 0.00000000711746288683 0.00000000099999999998 0.00585690967395192941 
0.01975801436382524159 0.97724685509630304647 0.00299451890473200009 0.00000000099999999996 0.00000000099999999996 0.00000000099999999996 0.00000000099999999996 0.00000060563513977678 0.00000000099999999996 0.00000000099999999996 
0.00000000099999999998 0.85800839977543386095 0.07615298437566089818 0.02892083421764125861 0.00763722414233361947 0.00000000099999999998 0.02411437267507280519 0.00000000628441148598 0.00000000099999999998 0.00516617552944620157 
0.00000000099999999996 0.98520044609469292762 0.00000000099999999996 0.00000000099999999996 0.01459001758228899680 0.00000000099999999996 0.00000000099999999996 0.00020952932301818050 0.00000000099999999996 0.00000000099999999996 
0.00679247259304452487 0.88991487384620060475 0.03021505466401463308 0.00000000099999999997 0.05105173416007583592 0.00000000099999999997 0.00000000099999999997 0.02202585973666448468 0.00000000099999999997 0.00000000099999999997 
0.02975485002554076330 0.04083679797653336219 0.63998422615891725762 0.02391183008422523987 0.05319260626764509697 0.10317486096989912647 0.01618238273889590143 0.08216521223972111931 0.00000000099999999999 0.01079723253862214377 
0.00000000099999999999 0.00811484333198329161 0.80523397443908861781 0.00000000099999999999 0.00000000629495753879 0.10694984904291825190 0.00000000099999999999 0.07590330928057058280 0.00000000099999999999 0.00379801361048167545 
0.00052599425536394777 0.14756298704127027155 0.59303418886481806815 0.00180524922513910428 0.06152895367340051325 0.09635124556428770193 0.02637512363104051183 0.07281625574467991135 0.00000000099999999999 0.00000000099999999999 
0.06559469299511815066 0.03778023723952728119 0.69014797801005400846 0.00000000100000000000 0.02925792663492545603 0.07389130510986051392 0.00000000280871272915 0.05312640349558452046 0.03194826927120192339 0.01825318343501556445 
0.01494470593699515591 0.45549997976885375772 0.12856399520275829662 0.00000000099999999997 0.38160075061657794393 0.00000000099999999997 0.00000000099999999997 0.01939056347481499243 0.00000000099999999997 0.00000000099999999997 
0.03721253379771013309 0.51353583901033417192 0.11405773408585818951 0.00000000099999999998 0.33466031848298449791 0.00000000099999999998 0.00053356962311321328 0.00000000099999999998 0.00000000099999999998 0.00000000099999999998 
0.03403909825473638850 0.54238968795090292119 0.12245647689022984284 0.00000000099999999997 0.30111473090413093390 0.00000000099999999997 0.00000000099999999997 0.00000000099999999997 0.00000000099999999997 0.00000000099999999997 
0.06281211540190098641 0.47972181052280393754 0.11420835301746579127 0.00000000099999999998 0.31434829302640882043 0.00600169411569349397 0.02290772991572713815 0.00000000099999999998 0.00000000099999999998 0.00000000099999999998 
0.05856284339356725155 0.45985256594718026957 0.08092228225427400279 0.00000000099999999997 0.39689377110101331514 0.00000000099999999997 0.00376853230396532622 0.00000000099999999997 0.00000000099999999997 0.00000000099999999997 
0.05417864918394604823 0.53368664895341466625 0.11127011877724567179 0.00000000099999999999 0.28624952585091606450 0.01461430192519409983 0.00000000099999999999 0.00000000099999999999 0.00000000099999999999 0.00000075130928355358 
0.99999999100000025454 0.00000000099999999983 0.00000000099999999983 0.00000000099999999983 0.00000000099999999983 0.00000000099999999983 0.00000000099999999983 0.00000000099999999983 0.00000000099999999983 0.00000000099999999983 
0.01649369673019427870 0.56932539833851669719 0.28774516168127362015 0.00501789147656857542 0.07339829251615974381 0.02104735490984667792 0.02203730147648287965 0.00000000099999999999 0.00000000099999999999 0.00493490087095755682 
0.01087198481396276992 0.44791291159304924552 0.40236500817068471259 0.00000000099999999998 0.06594433281695037674 0.00000000099999999998 0.07100857950901992566 0.00000000099999999998 0.00000000099999999998 0.00189717909633299597 
0.03288899301425942528 0.49833376155774933292 0.29761369580010083036 0.00000000099999999998 0.07486566952281469012 0.03129787233965257431 0.06500000376542310054 0.00000000099999999998 0.00000000099999999998 0.00000000099999999998 
0.05049858122237418229 0.52108980400071536199 0.26901412929059742574 0.04699119712529409298 0.04276684345259218478 0.00000000099999999999 0.06141091555405785163 0.00000000099999999999 0.00000000099999999999 0.00822852635436884146 
0.02269829598111332974 0.31633835549530991971 0.44912416983814928972 0.00000000099999999998 0.15692949916198059568 0.00000000099999999998 0.04768546534506908074 0.00157340195530502854 0.00000000099999999998 0.00565080922307276481 
0.02115504971986507596 0.46208687296649836318 0.28959947459591239838 0.00035056527070114211 0.19053357819236099724 0.00000000100000000000 0.02964454460978130715 0.00000000100000000000 0.00000000100000000000 0.00662991164488084365 
0.01410221259347356829 0.42068676894616191531 0.33119090003410683876 0.00000000099999999998 0.16980621903339468415 0.00000000099999999998 0.04711987343085326241 0.00000000099999999998 0.00000000099999999998 0.01709402196200978524 
0.02486735066141727152 0.33711408440909079731 0.34005045465378991310 0.00000000099999999999 0.17460862979548288920 0.03968811327330762362 0.06585891844574927323 0.01781244576116230646 0.00000000099999999999 0.00000000099999999999 
0.01053490295621893266 0.48132804650617500020 0.34920530639727004329 0.00608438637679120740 0.09611275238929421760 0.00000000099999999999 0.05673460137425066080 0.00000000099999999999 0.00000000099999999999 0.00000000099999999999 
0.01771198260888780587 0.47750561696996374206 0.33699658696885770315 0.00000000099999999998 0.14884690889968987815 0.00000000099999999998 0.01353110709365306676 0.00000000099999999998 0.00000000099999999998 0.00540779345894785990 
0.00835459269944277549 0.41144412599589402779 0.32554844756591228006 0.01209247379595353687 0.12479953356467914094 0.00278987613539409323 0.10272239869332669415 0.00000000099999999999 0.00000000099999999999 0.01224854954939750759 
0.03089194660933377787 0.43000434194216524686 0.30647035764957519799 0.00000000099999999999 0.12642506737449607512 0.00000000099999999999 0.08488442272277356426 0.01781394389370262107 0.00000000099999999999 0.00350991680795350192 
0.03507982717479150858 0.49921691028592074524 0.24488692313790960675 0.00000000099999999999 0.11592753027170100977 0.00875497548958460887 0.05690874715783323518 0.03833151312372466701 0.00000000099999999999 0.00089357135853481253 
0.03746378513404040322 0.17920874818303872411 0.52980347737841015920 0.00000000099999999999 0.23264756135442291041 0.00000000099999999999 0.00372866959532263970 0.00420435902881157418 0.00000000099999999999 0.01294339632595359509 
0.02291877312405868339 0.54804955549209921628 0.26026014265650943003 0.00000000099999999999 0.10575947051987505398 0.02659428690645619306 0.03626646779634749157 0.00015130050465395040 0.00000000099999999999 0.00000000099999999999 
0.00000000099999999995 0.61043602174634714608 0.00000000099999999995 0.01821146235668220231 0.03584386682390932471 0.00161531873796317746 0.00274216579804877156 0.33115116053704951593 0.00000000099999999995 0.00000000099999999995 
0.00000000099999999978 0.00000000099999999978 0.00000000099999999978 0.00000000099999999978 0.00000000099999999978 0.00000000099999999978 0.00000000099999999978 0.99999999100000003249 0.00000000099999999978 0.00000000099999999978 
0.00000000099999999976 0.00000000099999999976 0.00000000099999999976 0.00000000099999999976 0.00000000099999999976 0.00000000099999999976 0.00000000099999999976 0.99999999100000003249 0.00000000099999999976 0.00000000099999999976 
0.00000000099999999986 0.00000000099999999986 0.00000000099999999986 0.00000000099999999986 0.00000000099999999986 0.00000000099999999986 0.00000000099999999986 0.99999999099999992147 0.00000000099999999986 0.00000000099999999986 
0.00000000099999999978 0.00000000099999999978 0.00000000099999999978 0.00000000099999999978 0.00000000099999999978 0.00000000099999999978 0.00000000099999999978 0.99999999099999992147 0.00000000099999999978 0.00000000099999999978 
0.00000000099999999977 0.00000000099999999977 0.00000000099999999977 0.00000000099999999977 0.00000000099999999977 0.00000000099999999977 0.00000000099999999977 0.99999999100000003249 0.00000000099999999977 0.00000000099999999977 
0.00000000099999999988 0.00000000099999999988 0.00000000099999999988 0.00000000099999999988 0.00000000099999999988 0.00000000099999999988 0.00000000099999999988 0.99999999100000003249 0.00000000099999999988 0.00000000099999999988 
0.00000000099999999978 0.00000000099999999978 0.00000000099999999978 0.00000000099999999978 0.00000000099999999978 0.00000000099999999978 0.00000000099999999978 0.99999999100000003249 0.00000000099999999978 0.00000000099999999978 
0.00000000099999999993 0.18138330868823962505 0.00000000099999999993 0.00000000099999999993 0.00000000099999999993 0.00000000099999999993 0.00000000099999999993 0.81861668331176029589 0.00000000099999999993 0.00000000099999999993 
0.00000000099999999984 0.00000000099999999984 0.00000000099999999984 0.00000000099999999984 0.00000000099999999984 0.00000000099999999984 0.00000000099999999984 0.99999999100000003249 0.00000000099999999984 0.00000000099999999984 
0.01100364181323662885 0.72696062068579136994 0.13369261549618838281 0.01876846034713111969 0.05640138277829170876 0.00000000099999999998 0.03857263059704319624 0.00000000099999999998 0.00000000099999999998 0.01460064528231768202 
0.00000000099999999996 0.76246453540177006047 0.11230531131855164828 0.00000000099999999996 0.07618991557314899743 0.00000000099999999996 0.04360197148131000205 0.00000000099999999996 0.00000000099999999996 0.00543826122521960578 
0.00000000099999999999 0.80592789222137950489 0.01133262037462439385 0.00000000099999999999 0.08081822995013189515 0.00000000099999999999 0.00000000099999999999 0.09849616153802219498 0.00000000099999999999 0.00342509091584228785 
0.00000000099999999995 0.81551452125323009579 0.00000000099999999995 0.00000000099999999995 0.01977256543696630925 0.00000000099999999995 0.00000000099999999995 0.16471290630980367498 0.00000000099999999995 0.00000000099999999995 
0.00000000099999999998 0.80484058709113892593 0.00000000099999999998 0.03281415093401054972 0.01407849423540289552 0.00000000099999999998 0.02071585659056718320 0.12755090614888067724 0.00000000099999999998 0.00000000099999999998 
0.00000000099999999995 0.79528331891314696378 0.00000000099999999995 0.03353422804000137647 0.03883386511140252129 0.00000000099999999995 0.00000000099999999995 0.13234858193544921101 0.00000000099999999995 0.00000000099999999995 
0.00000000099999999994 0.93145710993762587115 0.00000000099999999994 0.02774492679801257577 0.02125736518776368683 0.00000000099999999994 0.00000000099999999994 0.01954059207659797001 0.00000000099999999994 0.00000000099999999994 
0.00000000099999999995 0.81211174479558845274 0.00000000099999999995 0.03044641194726730241 0.04830560172276159719 0.00000000099999999995 0.00000000099999999995 0.10913623553438266123 0.00000000099999999995 0.00000000099999999995 
0.00000000099999999998 0.91034006812719059365 0.00000000099999999998 0.00889929168472881199 0.03957654257802774994 0.00000000099999999998 0.00000000099999999998 0.03827099393162990831 0.00000000099999999998 0.00291309867842301723 
0.00000000099999999995 0.89242918925970482480 0.00000000099999999995 0.00000000099999999995 0.03944040455159367881 0.00000000099999999995 0.00000000099999999995 0.06813039918870159029 0.00000000099999999995 0.00000000099999999995 
0.00000000099999999993 0.86634196473511160264 0.00000000099999999993 0.03789580815105347139 0.00000000099999999993 0.00000000099999999993 0.00000000099999999993 0.09576222011383501986 0.00000000099999999993 0.00000000099999999993 
0.00000000099999999994 0.88206418964279176276 0.00000000099999999994 0.00007699318614051888 0.00000000099999999994 0.00000000099999999994 0.00000000099999999994 0.11785881017106797364 0.00000000099999999994 0.00000000099999999994 
0.00000000099999999994 0.91498026383630426395 0.00000000099999999994 0.04381752630396013037 0.00000000099999999994 0.00000000099999999994 0.00000000099999999994 0.04120220285973580365 0.00000000099999999994 0.00000000099999999994 
0.00000000099999999996 0.87453467049880639905 0.00000000099999999996 0.02693195588858926515 0.02868824244141572957 0.00000000099999999996 0.01190726027277846065 0.05793786589841012913 0.00000000099999999996 0.00000000099999999996 
0.00000000099999999995 0.89652017970737707397 0.00000000099999999995 0.00000646867991738350 0.00000000099999999995 0.00000000099999999995 0.00000000099999999995 0.10347334461270560335 0.00000000099999999995 0.00000000099999999995 
0.00000000099999999997 0.82630600131162879052 0.00000000099999999997 0.03716801331508742118 0.01583978954243574211 0.00000000099999999997 0.01765812313253149746 0.10302806769831662770 0.00000000099999999997 0.00000000099999999997 
0.00000000099999999995 0.85973516353643497645 0.00000000099999999995 0.01733857128186041402 0.04105713440563116268 0.00000000099999999995 0.00000000099999999995 0.08186912477607365124 0.00000000099999999995 0.00000000099999999995 
0.00000000099999999994 0.94145871134248648726 0.00000000099999999994 0.00000000099999999994 0.00000000099999999994 0.00000000099999999994 0.00000000099999999994 0.05854128065751357246 0.00000000099999999994 0.00000000099999999994 
0.00000000099999999996 0.90668999438093189625 0.00000000099999999996 0.00000000099999999996 0.00000000099999999996 0.00000000099999999996 0.00864064734925128024 0.08466935126981704751 0.00000000099999999996 0.00000000099999999996 
0.00000000099999999993 0.93507278659943082744 0.00000000099999999993 0.00000000099999999993 0.00000000099999999993 0.00000000099999999993 0.00000000099999999993 0.06492720540056935719 0.00000000099999999993 0.00000000099999999993 
0.00000000099999999994 0.83707075038109701737 0.00000000099999999994 0.01023266344759043642 0.00000000099999999994 0.00000000099999999994 0.00000000099999999994 0.15269657917131265745 0.00000000099999999994 0.00000000099999999994 
0.00000000099999999993 0.94588728784820674811 0.00000000099999999993 0.00000000099999999993 0.00000000099999999993 0.00000000099999999993 0.00000000099999999993 0.05411270415179337406 0.00000000099999999993 0.00000000099999999993 
0.00000000099999999995 0.94437841289026047686 0.00000000099999999995 0.00000000099999999995 0.00000000099999999995 0.00000000099999999995 0.00000000099999999995 0.05562157910973956898 0.00000000099999999995 0.00000000099999999995 
0.00000000099999999997 0.87474515533049834737 0.00000000099999999997 0.03958835026962647524 0.00000000099999999997 0.01800797856702470584 0.00000000099999999997 0.06765850983285064124 0.00000000099999999997 0.00000000099999999997 
0.99999999100000025454 0.00000000099999999986 0.00000000099999999986 0.00000000099999999986 0.00000000099999999986 0.00000000099999999986 0.00000000099999999986 0.00000000099999999986 0.00000000099999999986 0.00000000099999999986 
0.99999999100000025454 0.00000000099999999986 0.00000000099999999986 0.00000000099999999986 0.00000000099999999986 0.00000000099999999986 0.00000000099999999986 0.00000000099999999986 0.00000000099999999986 0.00000000099999999986 
0.00000000099999999995 0.00000000099999999995 0.29417353886087499459 0.00000000099999999995 0.00000000099999999995 0.00000000099999999995 0.00000000099999999995 0.70582645313912484308 0.00000000099999999995 0.00000000099999999995 
0.00000000099999999995 0.00000000099999999995 0.22191936889433649949 0.00000000099999999995 0.00000000099999999995 0.00000000099999999995 0.00000000099999999995 0.77808062310566361575 0.00000000099999999995 0.00000000099999999995 
0.00000000099999999995 0.00000000099999999995 0.27226003485671318449 0.00000000099999999995 0.00000000099999999995 0.00000000099999999995 0.00000000099999999995 0.72773995714328676421 0.00000000099999999995 0.00000000099999999995 
0.00000000099999999997 0.28593510219674234119 0.00000000099999999997 0.00000000099999999997 0.00000000099999999997 0.00000000099999999997 0.00000000099999999997 0.71406488980325744098 0.00000000099999999997 0.00000000099999999997 
0.00000000099999999995 0.00000000099999999995 0.19245174480964680197 0.00000000099999999995 0.00000000099999999995 0.00000000099999999995 0.00000000099999999995 0.80754824719035311897 0.00000000099999999995 0.00000000099999999995 
0.00000000099999999995 0.00000000099999999995 0.22105827160001020881 0.00000000099999999995 0.00000000099999999995 0.00000000099999999995 0.00000000099999999995 0.77894172039998976764 0.00000000099999999995 0.00000000099999999995 
0.00000000099999999996 0.00000000099999999996 0.23915654648796871862 0.00000000099999999996 0.00000000099999999996 0.00000000099999999996 0.00000000099999999996 0.76084344551203142437 0.00000000099999999996 0.00000000099999999996 
0.00000000099999999998 0.00000000099999999998 0.40041189000784321861 0.00000000099999999998 0.00000000099999999998 0.02511718098051804113 0.00000000099999999998 0.56393592032640771361 0.00493512323320485953 0.00559988045202603531 
0.00000000099999999996 0.00000000099999999996 0.23353546056981869250 0.00000000099999999996 0.00000000099999999996 0.00000000099999999996 0.00000000099999999996 0.76646453143018133947 0.00000000099999999996 0.00000000099999999996 
0.00000000099999999994 0.00000000099999999994 0.17736609499485897490 0.00000000099999999994 0.00000000099999999994 0.00000000099999999994 0.00000000099999999994 0.82263389700514100156 0.00000000099999999994 0.00000000099999999994 
0.00000000099999999996 0.00000000099999999996 0.30059270853366226728 0.00000000099999999996 0.00000000099999999996 0.00000000099999999996 0.00000000099999999996 0.69940728346633773693 0.00000000099999999996 0.00000000099999999996 
0.00000000099999999994 0.00000000099999999994 0.28004160527192506480 0.00000000099999999994 0.00000000099999999994 0.00000000099999999994 0.00000000099999999994 0.71995838672807488390 0.00000000099999999994 0.00000000099999999994 
0.00286936141217852131 0.08040435262470585487 0.55418008937638685296 0.00000029628600416781 0.00300371940203052537 0.14621628872898734253 0.00000158281761570281 0.16385075122841302742 0.04611364217904641988 0.00335991594463171421 
0.00000000099999999997 0.47970210407776819883 0.30167214196167541074 0.02075865410511413059 0.12954647599344501496 0.00000000099999999997 0.04999861503775267224 0.01832200482424452964 0.00000000099999999997 0.00000000099999999997 
0.01464585733179031742 0.37267261603544521442 0.31174547283057824076 0.03117238562207699792 0.18309083828521016679 0.00000000099999999998 0.08667282589489902489 0.00000000099999999998 0.00000000099999999998 0.00000000099999999998 
0.00000040998007795538 0.40344775303100582908 0.35988624959079845711 0.00000000099999999998 0.14633425573237021644 0.00000000099999999998 0.07723123365366121873 0.01310009401208650504 0.00000000099999999998 0.00000000099999999998 
0.00000000099999999997 0.33264609546622686542 0.36334290865541069016 0.03207349239929535578 0.17783415452976009119 0.00000000099999999997 0.09123140715863441164 0.00000000099999999997 0.00000000099999999997 0.00287193779067266295 
0.01411937652696014164 0.36325633867141188249 0.35239770207299248028 0.02535701345301919624 0.13520629072631851209 0.00000000099999999997 0.10966327454929787610 0.00000000099999999997 0.00000000099999999997 0.00000000099999999997 
0.01378930552540131617 0.37361835601081316849 0.37668879728157811382 0.00000000099999999997 0.15520577234279495094 0.00000000099999999997 0.08069776383941248965 0.00000000099999999997 0.00000000099999999997 0.00000000099999999997 
0.00000000099999999997 0.41287548249387417965 0.39389682280385035495 0.00000000099999999997 0.12815540855585685898 0.00000000099999999997 0.06507228014641859570 0.00000000099999999997 0.00000000099999999997 0.00000000099999999997 
0.00000000099999999997 0.32221668878310616435 0.41941680323086893978 0.00000000099999999997 0.14391026035012713380 0.00000000099999999997 0.10776169119624662285 0.00669455143965105946 0.00000000099999999997 0.00000000099999999997 
0.00000000099999999996 0.30402331359295198254 0.43322438622192743773 0.00000000099999999996 0.15958340175495699942 0.00000000099999999996 0.09016041983583682196 0.01300847359432682863 0.00000000099999999996 0.00000000099999999996 
0.01221936361046859799 0.40381009687529545449 0.35984443445120195548 0.00000000099999999998 0.16019263450585280451 0.00000000099999999998 0.06259296198835739844 0.00134050456882400739 0.00000000099999999998 0.00000000099999999998 
0.00025162246453157923 0.37775810002303594759 0.35408810934240120272 0.05319807833779297696 0.15954394535528146348 0.00000000099999999998 0.05516014047695693562 0.00000000099999999998 0.00000000099999999998 0.00000000099999999998 
0.01924714158040494172 0.32123560656338290276 0.34176643461892147746 0.01141306385268976188 0.23323895454136128746 0.00000000645540979322 0.07309878938782979341 0.00000000099999999998 0.00000000099999999998 0.00000000099999999998 
0.00000000099999999998 0.37483394434407268925 0.40863640643617110682 0.00088019030636654768 0.13382822907595964823 0.00000000099999999998 0.07675063167785375895 0.00507059415957620413 0.00000000099999999998 0.00000000099999999998 
0.00000000099999999997 0.38658922140488111152 0.35994313195399768590 0.00000000099999999997 0.18234245480982355647 0.00000000099999999997 0.07089951171184502576 0.00022567511945260167 0.00000000099999999997 0.00000000099999999997 
0.00000000099999999996 0.33289647433311209124 0.41978707294604067357 0.00000000099999999996 0.17464550019489724630 0.01095226680941777976 0.06171868071653226206 0.00000000099999999996 0.00000000099999999996 0.00000000099999999996 
0.00000000099999999998 0.38994809752633768918 0.37165500391736144836 0.00000000099999999998 0.17838326458944805952 0.00000000099999999998 0.06001362796685276446 0.00000000099999999998 0.00000000099999999998 0.00000000099999999998 
0.00010862262502178577 0.37539960251466653052 0.38817599216812176399 0.00000000099999999997 0.16969872020833454140 0.00000000099999999997 0.04853642486325793204 0.01808063362059741594 0.00000000099999999997 0.00000000099999999997 
0.02845908562353510404 0.31593361620607224305 0.40466545094327688314 0.00021797698299024521 0.12109636342956883737 0.00000000099999999998 0.08573063823216976742 0.04389686558238677788 0.00000000099999999998 0.00000000099999999998 
0.00000000099999999998 0.35589322468382922349 0.41498415013612305335 0.00000000099999999998 0.14686585335569082855 0.00000000099999999998 0.07469209597252687849 0.00000000099999999998 0.00000000099999999998 0.00756467085183001788 
0.00777343256587790295 0.34618396884775110012 0.38136735245111269554 0.01750860589340939508 0.14547279907217697259 0.00000000099999999997 0.10169383716967202169 0.00000000099999999997 0.00000000099999999997 0.00000000099999999997 
0.99999999100000025454 0.00000000099999999988 0.00000000099999999988 0.00000000099999999988 0.00000000099999999988 0.00000000099999999988 0.00000000099999999988 0.00000000099999999988 0.00000000099999999988 0.00000000099999999988 
0.03198314433503791909 0.94119466835622977996 0.00000000099999999997 0.02095290097337657031 0.00000000099999999997 0.00000000099999999997 0.00000000099999999997 0.00586928033535592288 0.00000000099999999997 0.00000000099999999997 
0.06565027678981649739 0.92002211881899276236 0.00000000099999999997 0.01432759739119082547 0.00000000099999999997 0.00000000099999999997 0.00000000099999999997 0.00000000099999999997 0.00000000099999999997 0.00000000099999999997 
0.00757439807380724545 0.96383185383233327403 0.02859374109385982507 0.00000000099999999996 0.00000000099999999996 0.00000000099999999996 0.00000000099999999996 0.00000000099999999996 0.00000000099999999996 0.00000000099999999996 
0.05037679514300563710 0.91900702635729880630 0.00000000099999999996 0.00000000099999999996 0.00000000099999999996 0.00000000099999999996 0.00000000099999999996 0.03061617149969569907 0.00000000099999999996 0.00000000099999999996 
0.00000000099999999991 0.99999999100000025454 0.00000000099999999991 0.00000000099999999991 0.00000000099999999991 0.00000000099999999991 0.00000000099999999991 0.00000000099999999991 0.00000000099999999991 0.00000000099999999991 
0.02134107979055887075 0.92800462211265211110 0.00000000099999999997 0.01060133242659603604 0.00000000099999999997 0.00000000099999999997 0.01965988940218483735 0.02039307126800815953 0.00000000099999999997 0.00000000099999999997 
0.00000000099999999982 0.99999999100000014352 0.00000000099999999982 0.00000000099999999982 0.00000000099999999982 0.00000000099999999982 0.00000000099999999982 0.00000000099999999982 0.00000000099999999982 0.00000000099999999982 
0.01419944730001967970 0.98580054469998057431 0.00000000099999999992 0.00000000099999999992 0.00000000099999999992 0.00000000099999999992 0.00000000099999999992 0.00000000099999999992 0.00000000099999999992 0.00000000099999999992 
0.01883126565146838599 0.98116872634853180557 0.00000000099999999995 0.00000000099999999995 0.00000000099999999995 0.00000000099999999995 0.00000000099999999995 0.00000000099999999995 0.00000000099999999995 0.00000000099999999995 
0.05031201786125151509 0.94126266090228560834 0.00000000133395564772 0.00000000099999999997 0.00000000099999999997 0.00000000099999999997 0.00000000099999999997 0.00000000099999999997 0.00000000099999999997 0.00842531390250739372 
